OnsetTime	OffsetTime	MidiPitch
0.500004	0.767863	67
0.500004	0.767863	71
0.500004	1.55244	43
0.500004	1.55244	55
0.501117	0.767863	62
0.767863	1.03571	62
0.767863	1.03571	67
0.767863	1.03571	71
0.901786	1.03571	66
1.03571	1.55244	65
1.03571	1.30355	71
1.30355	1.55244	64
1.30355	1.57141	71
1.30355	1.57141	38
1.30355	1.57141	50
1.43748	1.57141	63
1.57141	1.97785	62
1.57141	1.83927	66
1.57141	1.83927	72
1.57141	2.11643	45
1.57141	2.11643	57
1.83927	2.11643	66
1.83927	2.11643	72
1.83927	2.11643	38
1.83927	2.11643	50
1.97785	2.11643	62
2.11643	2.38428	62
2.11643	2.38428	67
2.11643	2.38428	71
2.11643	3.20409	43
2.11643	3.20409	55
2.38428	2.64544	62
2.38428	2.64544	67
2.38428	2.65213	71
2.51821	2.65213	66
2.65213	3.20409	65
2.65213	2.91998	71
2.91998	3.20409	64
2.91998	3.20409	71
2.91998	3.20409	38
2.91998	3.20409	50
3.05571	3.20409	63
3.19144	3.61306	62
3.19144	3.46743	66
3.19144	3.46743	72
3.19144	3.68223	45
3.19144	3.68223	57
3.46743	3.68223	66
3.46743	3.75869	72
3.46743	3.75869	38
3.46743	3.75869	50
3.61306	3.75869	62
3.75869	5.42673	67
3.75869	5.42673	71
3.75869	5.27758	74
3.75869	5.43958	79
3.75869	4.86474	43
3.75869	5.43958	55
4.03647	4.26147	50
4.17284	4.3092	52
4.3092	4.44808	50
4.58697	4.72585	50
4.86474	5.43958	66
4.86474	5.43958	72
4.86474	5.43958	78
4.86474	5.42673	43
4.86474	5.43958	57
5.13997	5.43958	50
5.27758	5.43958	74
5.42673	5.7071	76
5.42673	7.1116	67
5.42673	7.1116	71
5.42673	6.53413	43
5.42673	7.1116	59
5.7071	5.8881	76
5.7071	5.93108	50
5.7976	5.93108	78
5.84285	5.97859	52
5.8881	5.97859	76
5.97859	7.1116	74
5.97859	6.11748	50
6.25636	6.39525	50
6.53413	7.1116	60
6.53413	7.1116	72
6.53413	7.1116	62
6.53413	7.1116	66
6.53413	6.96437	69
6.53413	7.1116	43
6.53413	7.1116	57
6.81715	7.1116	50
6.96437	7.1116	69
7.1116	7.63371	71
7.1116	7.97369	62
7.1116	7.97369	67
7.1116	8.25672	43
7.1116	8.73119	55
7.25464	7.63371	72
7.39768	7.68377	74
7.39768	7.63371	50
7.54073	7.68377	52
7.68377	8.73119	74
7.68377	7.82873	50
7.97369	8.1152	59
7.97369	8.1152	50
8.1152	8.40086	62
8.25672	8.545	60
8.25672	8.83328	43
8.25672	8.83328	54
8.40086	8.68914	62
8.545	8.73119	60
8.545	8.83328	50
8.68914	8.83328	62
8.83328	9.129	59
8.83328	10.0094	43
8.83328	10.5009	55
9.129	10.5009	59
9.129	9.37276	62
9.129	9.37276	50
9.27686	9.42428	64
9.27686	9.42428	52
9.42428	9.5686	62
9.42428	9.5686	50
9.5686	9.71292	64
9.71292	9.86116	67
9.71292	9.86116	50
9.86116	10.2997	64
10.0094	10.6177	60
10.0094	10.5009	66
10.0094	10.6177	43
10.0094	10.6177	57
10.2997	10.5009	64
10.2997	10.6177	50
10.4529	10.6177	62
10.6177	12.2833	67
10.6177	12.2833	71
10.6177	12.1341	74
10.6177	12.324	79
10.6177	11.7224	43
10.6177	12.324	55
10.8966	11.1195	50
11.0317	11.1668	52
11.1668	11.3057	50
11.4446	11.5835	50
11.7224	12.324	66
11.7224	12.324	72
11.7224	12.324	78
11.7224	12.2833	43
11.7224	12.324	57
11.9972	12.324	50
12.1341	12.324	74
12.2833	12.5621	76
12.2833	13.8569	67
12.2833	13.8569	71
12.2833	13.388	43
12.2833	13.8569	59
12.5621	12.7423	76
12.5621	12.7851	50
12.6522	12.7851	78
12.6973	12.8324	52
12.7423	12.8324	76
12.8324	13.8569	74
12.8324	12.9713	50
13.1102	13.2491	50
13.388	13.8569	60
13.388	13.8569	72
13.388	13.8569	62
13.388	13.8569	66
13.388	13.8146	69
13.388	13.9595	43
13.388	13.9595	57
13.6697	13.9595	50
13.8146	13.9595	69
13.9595	14.4816	71
13.9595	14.8216	62
13.9595	14.8216	67
13.9595	15.1047	43
13.9595	15.5791	55
14.1026	14.4816	72
14.2456	14.5317	74
14.2456	14.4816	50
14.3887	14.5317	52
14.5317	15.5791	74
14.5317	14.6767	50
14.8216	15.0386	59
14.8216	15.0386	50
14.9631	15.2488	62
15.1047	15.3929	60
15.1047	15.6812	43
15.1047	15.6812	54
15.2488	15.5371	62
15.3929	15.5791	60
15.3929	15.6812	50
15.5371	15.6812	62
15.6812	15.9769	59
15.6812	16.8574	43
15.6812	17.3394	55
15.9769	17.3394	59
15.9769	16.2207	62
15.9769	16.2207	50
16.1248	16.2722	64
16.1248	16.2722	52
16.2722	16.4165	62
16.2722	16.4165	50
16.4165	16.5609	64
16.5609	16.7091	67
16.5609	16.7091	50
16.7091	17.1477	64
16.8574	17.4478	60
16.8574	17.3394	66
16.8574	17.4478	43
16.8574	17.4478	57
17.1477	17.3394	64
17.1477	17.4478	50
17.2947	17.4478	62
17.4478	18.5565	67
17.4478	18.5565	74
17.4478	18.5565	79
17.4478	18.5565	43
17.4478	18.5565	58
17.7295	17.9534	50
17.8652	18.0009	51
18.0009	18.1398	50
18.2787	18.4176	50
18.5565	19.1166	65
18.5565	19.1166	69
18.5565	19.1166	77
18.5565	19.1166	41
18.5565	19.1166	63
18.8305	19.1166	53
18.9674	19.1166	72
19.1166	19.3954	74
19.1166	20.2187	65
19.1166	20.8015	70
19.1166	20.2187	46
19.1166	20.8015	62
19.3954	19.6184	74
19.3954	19.6184	53
19.5306	19.6657	75
19.5306	19.6657	55
19.6657	20.8015	77
19.6657	19.804	53
19.9422	20.0805	53
20.2187	20.8015	75
20.2187	20.8015	65
20.2187	20.8015	69
20.2187	20.8015	46
20.2187	20.8015	63
20.507	20.8015	53
20.6543	20.8015	72
20.8015	21.078	74
20.8015	22.3598	70
20.8015	22.3598	65
20.8015	21.8951	46
20.8015	22.3598	62
20.9397	21.2162	75
21.078	21.3061	74
21.078	21.3061	53
21.2162	21.3545	75
21.2162	21.3545	55
21.3545	21.4909	77
21.3545	21.4909	53
21.4909	21.6272	79
21.6272	21.7612	81
21.6272	21.7612	53
21.7612	22.3598	79
21.8951	22.4606	69
21.8951	22.3598	77
21.8951	22.4606	46
21.8951	22.4606	63
22.0361	22.3598	75
22.1772	22.3598	74
22.1772	22.4606	53
22.3183	22.4606	72
22.4606	22.7384	74
22.4606	24.1402	70
22.4606	24.1402	65
22.4606	23.5655	46
22.4606	24.1402	62
22.5995	22.8772	75
22.7384	22.9692	74
22.7384	22.9692	53
22.8772	23.0188	75
22.8772	23.0188	55
23.0188	23.1545	77
23.0188	23.1545	53
23.1545	23.2903	79
23.2903	23.4279	81
23.2903	23.4279	53
23.4279	24.16	79
23.5655	24.16	69
23.5655	24.16	77
23.5655	24.1402	46
23.5655	24.16	63
23.7064	24.16	75
23.8487	24.1402	74
23.8487	24.16	53
23.9925	24.16	72
24.1402	25.2557	65
24.1402	25.2557	70
24.1402	25.2557	74
24.1402	25.2557	46
24.1402	25.2557	62
24.4191	24.6491	53
24.5585	24.6979	55
24.6979	24.8374	53
24.9768	25.1162	53
25.2557	25.6826	72
25.2557	25.8318	62
25.2557	25.8318	66
25.2557	25.5403	74
25.2557	25.8318	45
25.2557	25.8318	57
25.5403	25.8318	74
25.5403	25.8318	50
25.6826	25.8318	72
25.8318	26.9551	62
25.8318	26.9551	67
25.8318	26.6692	71
25.8318	26.9551	43
25.8318	26.1106	55
26.1106	26.3407	55
26.2501	26.3895	56
26.3895	26.5293	55
26.6692	26.8121	72
26.6692	26.8121	55
26.8121	26.9551	74
26.9551	27.5225	67
26.9551	27.5225	72
26.9551	27.3733	75
26.9551	27.5225	48
26.9551	27.5225	55
27.2339	27.5225	77
27.2339	27.5225	57
27.3733	27.5225	75
27.5225	28.0835	67
27.5225	28.0341	74
27.5225	28.6618	50
27.5225	28.0341	59
27.8013	28.0341	71
27.8013	28.0341	62
27.9424	28.0835	72
27.9424	28.0835	64
28.0835	28.3759	71
28.0835	28.6618	67
28.0835	28.6368	74
28.0835	28.3759	62
28.3759	28.6368	71
28.3759	28.6368	62
28.5188	28.6618	72
28.6618	29.2464	62
28.6618	29.2464	66
28.6618	29.0972	71
28.6618	29.2464	50
28.6618	28.949	60
28.949	29.1407	69
28.949	29.2464	60
29.0972	29.2464	71
29.2464	29.5216	62
29.2464	29.5216	67
29.2464	30.3062	43
29.2464	30.3062	59
29.5216	29.7895	62
29.5216	29.7895	67
29.5216	29.7895	71
29.6555	29.7895	66
29.7895	30.3062	65
29.7895	30.0573	71
30.0573	30.3062	64
30.0573	30.3252	71
30.0573	30.3252	38
30.0573	30.3252	50
30.1912	30.3252	63
30.3252	30.7316	62
30.3252	30.593	66
30.3252	30.593	72
30.3252	30.7778	45
30.3252	30.7778	57
30.593	30.7778	66
30.593	30.8702	72
30.593	30.8702	38
30.593	30.8702	50
30.7316	30.8702	62
30.8702	31.138	62
30.8702	31.138	67
30.8702	31.138	71
30.8702	31.9575	43
30.8702	31.9575	55
31.138	31.3992	62
31.138	31.3992	67
31.138	31.4059	71
31.272	31.4059	66
31.4059	31.9575	65
31.4059	31.6737	71
31.6737	31.9575	64
31.6737	31.9575	71
31.6737	31.9575	38
31.6737	31.9575	50
31.8095	31.9575	63
31.9452	32.3494	62
31.9452	32.2131	66
31.9452	32.2131	72
31.9452	32.4142	45
31.9452	32.4142	57
32.2131	32.4142	66
32.2131	32.4858	72
32.2131	32.4858	38
32.2131	32.4858	50
32.3494	32.4858	62
32.4858	32.7501	62
32.4858	32.7501	67
32.4858	32.7501	71
32.4858	33.0078	43
32.4858	33.0078	55
32.7501	33.0078	62
32.7501	33.0078	67
32.7501	33.0144	71
32.8823	33.0144	66
33.0144	33.5466	62
33.0144	33.2787	67
33.0144	33.2787	71
33.0144	33.5586	55
33.2787	33.5466	71
33.2787	33.5466	67
33.2787	33.5466	74
33.4126	33.5586	70
33.5466	34.0752	67
33.5466	33.8086	71
33.5466	33.8086	74
33.5466	34.0752	62
33.8086	34.0752	71
33.8086	34.0752	74
33.8086	34.0752	79
33.9419	34.0752	73
34.0752	34.3361	74
34.0752	34.3361	79
34.0752	34.3361	83
34.0752	34.5905	67
34.3361	34.5905	74
34.3361	34.5905	79
34.3361	34.597	83
34.4665	34.597	78
34.597	35.1233	74
34.597	34.8578	79
34.597	34.8578	83
34.597	35.1353	71
34.8578	35.1233	83
34.8578	35.1233	79
34.8578	35.1233	86
34.9906	35.1353	82
35.1233	35.6417	79
35.1233	35.3842	83
35.1233	35.3842	86
35.1233	35.6417	74
35.3842	35.6417	83
35.3842	35.6417	86
35.3842	35.6417	91
35.513	35.6417	85
35.6417	35.9015	83
35.6417	35.9015	86
35.6417	35.9015	91
35.6417	36.1612	79
35.9015	36.1612	83
35.9015	36.1612	86
35.9015	36.1612	91
36.0313	36.1796	82
36.1612	36.421	83
36.1612	36.421	86
36.1612	36.421	91
36.1612	36.6807	79
36.421	36.6807	83
36.421	36.6807	86
36.421	36.6807	91
36.5508	36.6872	82
36.6807	36.9405	83
36.6807	36.9405	86
36.6807	36.9405	91
36.6807	37.2071	79
36.9405	37.2071	83
36.9405	37.2071	86
36.9405	37.2071	91
37.0738	37.2071	82
37.2071	37.468	83
37.2071	37.468	86
37.2071	37.468	91
37.2071	37.7361	79
37.468	37.7361	83
37.468	37.7361	86
37.468	37.7361	91
37.6019	37.7549	82
37.7361	38.0034	83
37.7361	38.0034	86
37.7361	38.0034	91
37.7361	38.2789	79
38.0034	38.2789	83
38.0034	38.2789	86
38.0034	38.2789	91
38.1412	38.2858	82
38.2789	38.5529	83
38.2789	38.5529	86
38.2789	38.5529	91
38.2789	38.7588	79
38.5529	38.7588	83
38.5529	38.7588	86
38.5529	38.8321	91
38.6925	41.9338	82
38.8321	41.9338	83
38.8321	41.9338	86
38.8321	41.9338	91
38.8321	41.9338	79
39.0833	39.2104	43
39.2104	39.3389	43
39.3389	39.4694	43
39.4694	39.6004	43
39.6004	39.7334	43
39.7334	39.8674	43
39.8674	40.0046	43
40.0046	40.1446	43
40.1446	40.2812	43
40.2812	40.4183	43
40.4183	40.6898	43
40.6898	40.8263	43
40.8263	40.963	43
40.963	41.2347	43
41.2347	41.3721	43
41.3721	41.5108	43
41.5108	41.7916	43
41.7916	42.0995	43
42.0995	43.7666	75
42.0995	43.7666	79
42.0995	43.6174	82
42.0995	43.8235	87
42.0995	43.2046	39
42.0995	43.8235	51
42.3812	42.6022	46
42.5151	42.649	48
42.649	42.7879	46
42.9268	43.0657	46
43.2046	43.8235	74
43.2046	43.8235	80
43.2046	43.8235	86
43.2046	43.7666	39
43.2046	43.8235	53
43.4798	43.8235	46
43.6174	43.8235	82
43.7666	44.0454	84
43.7666	45.4428	75
43.7666	45.4428	79
43.7666	44.87	39
43.7666	45.4428	55
44.0454	44.2248	84
44.0454	44.2674	46
44.1351	44.2674	86
44.1799	44.3145	48
44.2248	44.3145	84
44.3145	45.4428	82
44.3145	44.4534	46
44.5923	44.7311	46
44.87	45.4428	80
44.87	45.4428	70
44.87	45.4428	74
44.87	45.4428	39
44.87	45.4428	53
45.1544	45.4428	46
45.2986	45.4428	77
45.4428	45.965	79
45.4428	46.3049	70
45.4428	46.3049	75
45.4428	46.5866	39
45.4428	47.0611	51
45.5859	45.965	80
45.7289	46.015	82
45.7289	45.965	46
45.872	46.015	48
46.015	47.0611	82
46.015	46.16	46
46.3049	46.5209	55
46.3049	46.5209	46
46.4458	46.7308	58
46.5866	46.8749	56
46.5866	47.1632	39
46.5866	47.1632	50
46.7308	47.019	58
46.8749	47.0611	56
46.8749	47.1632	46
47.019	47.1632	58
47.1632	47.4589	55
47.1632	48.3393	39
47.1632	48.8296	51
47.4589	48.8296	55
47.4589	47.7027	58
47.4589	47.7027	46
47.6068	47.7542	60
47.6068	47.7542	48
47.7542	47.8985	58
47.7542	47.8985	46
47.8985	48.0428	60
48.0428	48.1911	63
48.0428	48.1911	46
48.1911	48.6296	60
48.3393	48.9434	56
48.3393	48.8296	62
48.3393	48.9434	39
48.3393	48.9434	53
48.6296	48.8296	60
48.6296	48.9434	46
48.7828	48.9434	58
48.9434	50.6058	75
48.9434	50.6058	79
48.9434	50.4566	82
48.9434	50.6058	87
48.9434	50.0457	39
48.9434	50.6058	51
49.2223	49.4433	46
49.3562	49.4901	48
49.4901	49.629	46
49.7679	49.9068	46
50.0457	50.6058	74
50.0457	50.6058	80
50.0457	50.6058	86
50.0457	50.6058	39
50.0457	50.6058	53
50.3197	50.6058	46
50.4566	50.6058	82
50.6058	50.8846	84
50.6058	52.2077	75
50.6058	52.1647	79
50.6058	51.7292	39
50.6058	52.2077	55
50.8846	51.0648	84
50.8846	51.1076	46
50.9747	51.1076	86
51.0198	51.1549	48
51.0648	51.1549	84
51.1549	52.2077	82
51.1549	51.2938	46
51.4327	51.581	46
51.7292	52.2077	67
51.7292	52.2077	81
51.7292	52.2077	69
51.7292	52.2077	73
51.7292	52.312	39
51.7292	52.312	51
52.0175	52.312	45
52.1647	52.312	79
52.312	52.8341	78
52.312	53.1741	69
52.312	53.1741	74
52.312	53.4571	38
52.312	54.0337	50
52.455	52.8341	79
52.5981	52.8841	81
52.5981	52.8341	45
52.7411	52.8841	47
52.8841	54.0423	81
52.8841	53.0291	45
53.1741	53.3651	54
53.1741	53.3651	45
53.3156	53.6012	57
53.4571	53.7454	55
53.4571	54.0337	38
53.4571	54.0423	52
53.6012	53.8895	57
53.7454	54.0423	55
53.7454	54.0423	45
53.8895	54.0423	57
54.0337	54.3294	54
54.0337	55.2098	38
54.0337	55.7001	50
54.3294	55.7001	54
54.3294	54.5731	57
54.3294	54.5731	45
54.4772	54.6247	59
54.4772	54.6247	47
54.6247	54.769	57
54.6247	54.769	45
54.769	54.9133	59
54.9133	55.0615	57
54.9133	55.0615	45
55.0615	55.5001	59
55.2098	55.8139	55
55.2098	55.7001	61
55.2098	55.8139	38
55.2098	55.8139	52
55.5001	55.7001	59
55.5001	55.8139	45
55.6532	55.8139	57
55.8139	57.4806	74
55.8139	57.4806	78
55.8139	57.3314	81
55.8139	57.4806	86
55.8139	56.9186	38
55.8139	57.4806	50
56.0928	56.3157	45
56.2279	56.363	47
56.363	56.5019	45
56.6408	56.7797	45
56.9186	57.4806	73
56.9186	57.4806	79
56.9186	57.4806	85
56.9186	57.4806	38
56.9186	57.4806	52
57.1938	57.4806	45
57.3314	57.4806	81
57.4806	57.7594	83
57.4806	59.0622	74
57.4806	59.0622	78
57.4806	58.5877	38
57.4806	59.0622	54
57.7594	57.9417	83
57.7594	57.9846	45
57.8512	57.9846	85
57.8964	58.0322	47
57.9417	58.0322	83
58.0322	59.0622	81
58.0322	58.171	45
58.3099	58.4488	45
58.5877	59.0622	67
58.5877	59.0622	79
58.5877	59.0622	69
58.5877	59.0622	73
58.5877	59.1665	38
58.5877	59.1665	52
58.872	59.1665	45
59.0193	59.1665	76
59.1665	59.6886	78
59.1665	60.0286	69
59.1665	60.0286	74
59.1665	60.309	38
59.1665	60.8855	50
59.3095	59.6886	79
59.4526	59.7387	81
59.4526	59.6886	45
59.5956	59.7387	47
59.7387	60.92	81
59.7387	59.8836	45
60.0286	60.2435	54
60.0286	60.2435	45
60.1688	60.4531	57
60.309	60.5972	55
60.309	60.8855	38
60.309	60.92	52
60.4531	60.7414	57
60.5972	60.92	55
60.5972	60.92	45
60.7414	60.92	57
60.8855	61.1812	54
60.8855	62.0617	38
60.8855	62.552	50
61.1812	62.552	54
61.1812	61.425	57
61.1812	61.425	45
61.3291	61.4765	59
61.3291	61.4765	47
61.4765	61.6208	57
61.4765	61.6208	45
61.6208	61.7652	59
61.7652	61.9134	62
61.7652	61.9134	45
61.9134	62.352	59
62.0617	62.6658	55
62.0617	62.552	61
62.0617	62.6658	38
62.0617	62.6658	52
62.352	62.552	59
62.352	62.6658	45
62.5051	62.6658	57
62.6658	64.3288	74
62.6658	64.3288	78
62.6658	64.1797	81
62.6658	64.3532	86
62.6658	64.3532	38
62.6658	64.3532	50
62.9446	63.1646	45
63.078	63.2113	47
63.2113	63.3502	45
63.4891	63.628	45
63.7668	64.3532	73
63.7668	64.3532	79
63.7668	64.3532	85
63.7668	64.3532	40
63.7668	64.3532	52
64.0421	64.3532	45
64.1797	64.3532	69
64.1797	64.3532	81
64.3288	66.0009	71
64.3288	66.0009	83
64.3288	65.1557	74
64.3288	66.0009	78
64.3288	66.0009	42
64.3288	66.0009	54
64.6077	64.8307	45
64.7428	64.878	47
64.878	65.0168	45
65.1557	66.0009	74
65.1557	66.0009	86
65.1557	65.7152	45
65.4335	66.0009	85
65.4335	66.0009	73
65.4335	66.0009	79
65.4335	66.0009	40
65.4335	66.0009	52
65.7152	66.0009	45
65.858	66.0009	69
65.858	66.0009	81
66.0009	66.8375	71
66.0009	66.8375	83
66.0009	66.8375	74
66.0009	66.8375	78
66.0009	67.6035	42
66.0009	67.6035	54
66.2797	66.5098	45
66.4192	66.5586	47
66.5586	66.6981	45
66.8375	67.6035	74
66.8375	67.6035	86
66.8375	66.9792	45
67.1209	67.6035	84
67.1209	67.6035	72
67.1209	67.6035	79
67.1209	67.7078	39
67.1209	67.7078	51
67.4133	67.7078	45
67.5605	67.7078	69
67.5605	67.7078	81
67.7078	67.8105	72
67.7078	67.8105	63
67.8448	67.9475	74
67.8448	67.9475	65
67.9818	68.0859	75
67.9818	68.0859	67
68.1206	68.2248	77
68.1206	68.2248	69
68.2595	68.3623	75
68.2595	68.3623	67
68.3965	68.4993	77
68.3965	68.4993	69
68.5335	68.6377	75
68.5335	68.6377	67
68.6724	68.7766	74
68.6724	68.7766	65
68.8113	68.9122	72
68.8113	68.9122	63
68.9458	69.0467	74
68.9458	69.0467	65
69.0803	69.1831	72
69.0803	69.1831	63
69.2173	69.3201	70
69.2173	69.3201	62
69.3543	69.4552	69
69.3543	69.4552	60
69.4889	69.5897	70
69.4889	69.5897	62
69.6234	69.7257	72
69.6234	69.7257	63
69.7597	69.862	74
69.7597	69.862	65
69.8961	69.9966	72
69.8961	69.9966	63
70.03	70.1305	74
70.03	70.1305	65
70.164	70.2663	72
70.164	70.2663	63
70.3003	70.4026	70
70.3003	70.4026	62
70.4365	70.5383	69
70.4365	70.5383	60
70.5722	70.6736	70
70.5722	70.6736	62
70.7074	70.8082	69
70.7074	70.8082	60
70.8419	70.9425	67
70.8419	70.9425	58
70.976	71.0762	66
70.976	71.0762	57
71.1096	71.2095	67
71.1096	71.2095	58
71.2427	71.3422	69
71.2427	71.3422	60
71.3753	71.4743	70
71.3753	71.4743	62
71.5072	71.6057	72
71.5072	71.6057	63
71.6386	71.738	70
71.6386	71.738	62
71.7714	71.8717	69
71.7714	71.8717	60
71.9053	72.0067	67
71.9053	72.0067	58
72.0406	72.1432	65
72.0406	72.1432	57
72.1774	72.2809	67
72.1774	72.2809	58
72.3157	72.4201	65
72.3157	72.4201	57
72.455	72.5604	63
72.455	72.5604	55
72.5957	72.8884	62
72.5957	72.8884	66
72.5957	72.8884	69
72.5957	72.8884	74
72.5957	73.8025	38
72.5957	72.8884	50
72.8884	73.8025	66
72.8884	73.1727	69
72.8884	73.1727	74
72.8884	73.1727	78
72.8884	73.8025	62
72.8884	73.8025	50
73.1727	73.8025	69
73.1727	73.4571	74
73.1727	73.4571	78
73.1727	73.4571	81
73.1727	73.8025	45
73.1727	73.8025	57
73.4571	73.8025	86
73.4571	73.8025	81
73.4571	73.8025	78
73.4571	73.8025	74
73.4571	73.8025	42
73.4571	73.8025	54
73.7469	74.1751	87
73.7469	74.1751	91
73.7469	74.1751	94
73.7469	74.1751	99
73.7469	74.1751	37
73.7469	74.0368	49
74.0368	74.3279	63
74.0368	74.3279	67
74.0368	74.3279	70
74.0368	74.3279	75
74.0368	74.3279	49
74.0368	74.3279	55
74.0368	74.3279	61
74.3279	74.6206	62
74.3279	74.6206	66
74.3279	74.6206	69
74.3279	74.6206	74
74.3279	75.5735	38
74.3279	74.6206	50
74.6206	75.5735	66
74.6206	74.9133	69
74.6206	74.9133	74
74.6206	74.9133	78
74.6206	75.5735	62
74.6206	75.5735	50
74.9133	75.5735	69
74.9133	75.2118	74
74.9133	75.2118	78
74.9133	75.2118	81
74.9133	75.5735	45
74.9133	75.5735	57
75.2118	75.5735	86
75.2118	75.5735	81
75.2118	75.5735	78
75.2118	75.5735	74
75.2118	75.5735	42
75.2118	75.5735	54
75.5154	75.9631	87
75.5154	75.9631	91
75.5154	75.9631	94
75.5154	75.9631	99
75.5154	75.9631	37
75.5154	75.8189	49
75.8189	76.1225	63
75.8189	76.1225	67
75.8189	76.1225	70
75.8189	76.1225	75
75.8189	76.1225	49
75.8189	76.1225	55
75.8189	76.1225	61
76.1225	76.4003	57
76.1225	76.4003	62
76.1225	76.4003	66
76.1225	77.1991	38
76.1225	77.1991	50
76.4003	76.673	57
76.4003	76.673	62
76.4003	76.673	66
76.5366	76.673	61
76.673	77.1991	60
76.673	76.9457	66
76.9457	77.1991	59
76.9457	77.2185	66
76.9457	77.2185	33
76.9457	77.2185	45
77.0821	77.2185	58
77.2185	77.6341	57
77.2185	77.4912	61
77.2185	77.4912	67
77.2185	77.7771	40
77.2185	77.7771	52
77.4912	77.7771	61
77.4912	77.7771	67
77.4912	77.7771	33
77.4912	77.7771	45
77.6341	77.7771	57
77.7771	78.0486	57
77.7771	78.0486	62
77.7771	78.0486	66
77.7771	78.8846	38
77.7771	78.8846	50
78.0486	78.3133	57
78.0486	78.3133	62
78.0486	78.32	66
78.1843	78.32	61
78.32	78.8846	60
78.32	78.5915	66
78.5915	78.8846	59
78.5915	78.8846	66
78.5915	78.8846	33
78.5915	78.8846	45
78.7315	78.8846	58
78.8715	79.3047	57
78.8715	79.1562	61
78.8715	79.1562	67
78.8715	79.3753	40
78.8715	79.3753	52
79.1562	79.3753	61
79.1562	79.4532	67
79.1562	79.4532	33
79.1562	79.4532	45
79.3047	79.4532	57
79.4532	81.067	57
79.4532	81.067	62
79.4532	81.067	66
79.4532	81.067	38
79.7502	79.8945	50
79.8945	80.0387	50
80.0387	80.1823	50
80.1823	80.3259	50
80.3259	80.4689	50
80.4689	80.6118	50
80.6118	80.7541	50
80.7541	80.896	50
80.896	81.0409	50
81.0409	81.1882	50
81.1882	81.4691	72
81.1882	81.4691	74
81.1882	81.4691	78
81.1882	81.4691	81
81.1882	81.4691	86
81.1882	81.4691	38
81.1882	81.4691	50
81.4691	81.6095	72
81.4691	81.6095	74
81.4691	81.6095	78
81.4691	81.6095	81
81.4691	81.6095	86
81.4691	81.6095	38
81.4691	81.6095	50
81.6095	81.7499	72
81.6095	81.7499	74
81.6095	81.7499	78
81.6095	81.7499	81
81.6095	81.7499	86
81.6095	81.7499	38
81.6095	81.7499	50
81.7499	82.0314	72
81.7499	82.0314	74
81.7499	82.0314	78
81.7499	82.0314	81
81.7499	82.0314	86
81.7499	82.0314	38
81.7499	82.0314	50
82.0314	82.1733	72
82.0314	82.1733	74
82.0314	82.1733	78
82.0314	82.1733	81
82.0314	82.1733	86
82.0314	82.1733	38
82.0314	82.1733	50
82.1733	82.3158	72
82.1733	82.3158	74
82.1733	82.3158	78
82.1733	82.3158	81
82.1733	82.3158	86
82.1733	82.3158	38
82.1733	82.3158	50
82.3158	82.6032	72
82.3158	82.6032	74
82.3158	82.6032	78
82.3158	82.6032	81
82.3158	82.6032	86
82.3158	82.6032	38
82.3158	82.6032	50
82.6032	82.7481	72
82.6032	82.7481	74
82.6032	82.7481	78
82.6032	82.7481	81
82.6032	82.7481	86
82.6032	82.7481	38
82.6032	82.7481	50
82.7481	83.5381	72
82.7481	82.9185	74
82.7481	83.5381	78
82.7481	83.5381	81
82.7481	82.9836	86
82.7481	83.5381	38
82.7481	82.8786	50
82.8597	84.0632	43
82.8786	83.8121	50
82.8982	84.0632	55
82.9185	83.5381	74
82.9394	83.5381	79
82.961	83.5381	83
82.9836	83.5381	86
83.007	83.5381	91
83.2642	83.5381	62
83.2642	83.5381	67
83.2642	83.5381	71
83.4011	83.5381	66
83.5381	84.0632	65
83.5381	83.8121	71
83.8121	84.0632	64
83.8121	84.0823	71
83.8121	84.0823	38
83.8121	84.0823	50
83.9472	84.0823	63
84.0823	84.4912	62
84.0823	84.3526	66
84.0823	84.3526	72
84.0823	84.6298	45
84.0823	84.6298	57
84.3526	84.6298	66
84.3526	84.6298	72
84.3526	84.6298	38
84.3526	84.6298	50
84.4912	84.6298	62
84.6298	84.9025	62
84.6298	84.9025	67
84.6298	84.9025	71
84.6298	85.7223	43
84.6298	85.7223	55
84.9025	85.1637	62
84.9025	85.1637	67
84.9025	85.1703	71
85.0364	85.1703	66
85.1703	85.7223	65
85.1703	85.4382	71
85.4382	85.7223	64
85.4382	85.7223	71
85.4382	85.7223	38
85.4382	85.7223	50
85.5739	85.7223	63
85.7097	86.1313	62
85.7097	85.9856	66
85.7097	85.9856	72
85.7097	86.2004	45
85.7097	86.2004	57
85.9856	86.2004	66
85.9856	86.2769	72
85.9856	86.2769	38
85.9856	86.2769	50
86.1313	86.2769	62
86.2769	87.9351	67
86.2769	87.9351	71
86.2769	87.786	74
86.2769	87.9479	79
86.2769	87.375	43
86.2769	87.9479	55
86.5586	86.7738	50
86.689	86.8195	52
86.8195	86.9583	50
87.0972	87.2361	50
87.375	87.9479	66
87.375	87.9479	72
87.375	87.9479	78
87.375	87.9351	43
87.375	87.9479	57
87.649	87.9479	50
87.786	87.9479	74
87.9351	88.214	76
87.9351	89.609	67
87.9351	89.609	71
87.9351	89.0315	43
87.9351	89.609	59
88.214	88.3886	76
88.214	88.4301	50
88.3013	88.4301	78
88.345	88.476	52
88.3886	88.476	76
88.476	89.609	74
88.476	88.6148	50
88.7537	88.8926	50
89.0315	89.609	60
89.0315	89.609	72
89.0315	89.609	62
89.0315	89.609	66
89.0315	89.4617	69
89.0315	89.609	43
89.0315	89.609	57
89.3145	89.609	50
89.4617	89.609	69
89.609	90.1311	71
89.609	90.471	62
89.609	90.471	67
89.609	90.7541	43
89.609	91.2285	55
89.752	90.1311	72
89.895	90.1811	74
89.895	90.1311	50
90.0381	90.1811	52
90.1811	91.2285	74
90.1811	90.3261	50
90.471	90.6126	59
90.471	90.6126	50
90.6126	90.8982	62
90.7541	91.0424	60
90.7541	91.3306	43
90.7541	91.3306	54
90.8982	91.1865	62
91.0424	91.2285	60
91.0424	91.3306	50
91.1865	91.3306	62
91.3306	91.6264	59
91.3306	92.5068	43
91.3306	92.9983	55
91.6264	92.9983	59
91.6264	91.8701	62
91.6264	91.8701	50
91.7742	91.9216	64
91.7742	91.9216	52
91.9216	92.066	62
91.9216	92.066	50
92.066	92.2103	64
92.2103	92.3585	67
92.2103	92.3585	50
92.3585	92.7971	64
92.5068	93.1151	60
92.5068	92.9983	66
92.5068	93.1151	43
92.5068	93.1151	57
92.7971	92.9983	64
92.7971	93.1151	50
92.9502	93.1151	62
93.1151	94.7674	67
93.1151	94.7674	71
93.1151	94.6183	74
93.1151	94.8081	79
93.1151	94.2092	43
93.1151	94.8081	55
93.3939	93.6082	50
93.5238	93.6537	52
93.6537	93.7925	50
93.9314	94.0703	50
94.2092	94.8081	66
94.2092	94.8081	72
94.2092	94.8081	78
94.2092	94.7674	43
94.2092	94.8081	57
94.4819	94.8081	50
94.6183	94.8081	74
94.7674	95.0463	76
94.7674	96.3362	67
94.7674	96.3362	71
94.7674	95.8673	43
94.7674	96.3362	59
95.0463	95.2233	76
95.0463	95.2653	50
95.1348	95.2653	78
95.179	95.3118	52
95.2233	95.3118	76
95.3118	96.3362	74
95.3118	95.4506	50
95.5895	95.7284	50
95.8673	96.3362	60
95.8673	96.3362	72
95.8673	96.3362	62
95.8673	96.3362	66
95.8673	96.2939	69
95.8673	96.4388	43
95.8673	96.4388	57
96.149	96.4388	50
96.2939	96.4388	69
96.4388	96.961	71
96.4388	97.3009	62
96.4388	97.3009	67
96.4388	97.584	43
96.4388	98.0584	55
96.5819	96.961	72
96.7249	97.011	74
96.7249	96.961	50
96.868	97.011	52
97.011	98.0584	74
97.011	97.156	50
97.3009	97.5179	59
97.3009	97.5179	50
97.4425	97.7281	62
97.584	97.8723	60
97.584	98.1605	43
97.584	98.1605	54
97.7281	98.0164	62
97.8723	98.0584	60
97.8723	98.1605	50
98.0164	98.1605	62
98.1605	98.4563	59
98.1605	99.3367	43
98.1605	99.8187	55
98.4563	99.8187	59
98.4563	98.7	62
98.4563	98.7	50
98.6041	98.7515	64
98.6041	98.7515	52
98.7515	98.8959	62
98.7515	98.8959	50
98.8959	99.0402	64
99.0402	99.1884	67
99.0402	99.1884	50
99.1884	99.627	64
99.3367	99.9271	60
99.3367	99.8187	66
99.3367	99.9271	43
99.3367	99.9271	57
99.627	99.8187	64
99.627	99.9271	50
99.774	99.9271	62
99.9271	101.028	67
99.9271	101.028	74
99.9271	101.028	79
99.9271	101.028	43
99.9271	101.028	58
100.206	100.426	50
100.339	100.473	51
100.473	100.611	50
100.75	100.889	50
101.028	101.588	65
101.028	101.588	69
101.028	101.588	77
101.028	101.588	41
101.028	101.588	63
101.302	101.588	53
101.439	101.588	72
101.588	101.867	74
101.588	102.69	65
101.588	103.273	70
101.588	102.69	46
101.588	103.273	62
101.867	102.088	74
101.867	102.088	53
102.001	102.135	75
102.001	102.135	55
102.135	103.273	77
102.135	102.274	53
102.413	102.552	53
102.69	103.273	75
102.69	103.273	65
102.69	103.273	69
102.69	103.273	46
102.69	103.273	63
102.979	103.273	53
103.126	103.273	72
103.273	103.55	74
103.273	104.832	70
103.273	104.832	65
103.273	104.367	46
103.273	104.832	62
103.411	103.688	75
103.55	103.778	74
103.55	103.778	53
103.688	103.826	75
103.688	103.826	55
103.826	103.963	77
103.826	103.963	53
103.963	104.099	79
104.099	104.233	81
104.099	104.233	53
104.233	104.832	79
104.367	104.932	69
104.367	104.832	77
104.367	104.932	46
104.367	104.932	63
104.508	104.832	75
104.649	104.832	74
104.649	104.932	53
104.79	104.932	72
104.932	105.21	74
104.932	106.612	70
104.932	106.612	65
104.932	106.037	46
104.932	106.612	62
105.071	105.349	75
105.21	105.441	74
105.21	105.441	53
105.349	105.491	75
105.349	105.491	55
105.491	105.626	77
105.491	105.626	53
105.626	105.762	79
105.762	105.9	81
105.762	105.9	53
105.9	106.632	79
106.037	106.632	69
106.037	106.632	77
106.037	106.612	46
106.037	106.632	63
106.178	106.632	75
106.32	106.612	74
106.32	106.632	53
106.464	106.632	72
106.612	107.711	65
106.612	107.711	70
106.612	107.711	74
106.612	107.711	46
106.612	107.711	62
106.891	107.109	53
107.023	107.155	55
107.155	107.294	53
107.433	107.572	53
107.711	108.138	72
107.711	108.287	62
107.711	108.287	66
107.711	107.995	74
107.711	108.287	45
107.711	108.287	57
107.995	108.287	74
107.995	108.287	50
108.138	108.287	72
108.287	109.41	62
108.287	109.41	67
108.287	109.124	71
108.287	109.41	43
108.287	108.566	55
108.566	108.796	55
108.705	108.845	56
108.845	108.984	55
109.124	109.267	72
109.124	109.267	55
109.267	109.41	74
109.41	109.977	67
109.41	109.977	72
109.41	109.828	75
109.41	109.977	48
109.41	109.977	55
109.689	109.977	77
109.689	109.977	57
109.828	109.977	75
109.977	110.538	67
109.977	110.489	74
109.977	111.117	50
109.977	110.489	59
110.256	110.489	71
110.256	110.489	62
110.397	110.538	72
110.397	110.538	64
110.538	110.831	71
110.538	111.117	67
110.538	111.092	74
110.538	110.831	62
110.831	111.092	71
110.831	111.092	62
110.974	111.117	72
111.117	111.701	62
111.117	111.701	66
111.117	111.552	71
111.117	111.701	50
111.117	111.404	60
111.404	111.596	69
111.404	111.701	60
111.552	111.701	71
111.701	111.977	62
111.701	111.977	67
111.701	112.765	43
111.701	112.765	59
111.977	112.246	62
111.977	112.246	67
111.977	112.246	71
112.111	112.246	66
112.246	112.765	65
112.246	112.515	71
112.515	112.765	64
112.515	112.784	71
112.515	112.784	38
112.515	112.784	50
112.649	112.784	63
112.784	113.191	62
112.784	113.053	66
112.784	113.053	72
112.784	113.238	45
112.784	113.238	57
113.053	113.238	66
113.053	113.33	72
113.053	113.33	38
113.053	113.33	50
113.191	113.33	62
113.33	113.598	62
113.33	113.598	67
113.33	113.598	71
113.33	114.417	43
113.33	114.417	55
113.598	113.859	62
113.598	113.859	67
113.598	113.866	71
113.732	113.866	66
113.866	114.417	65
113.866	114.134	71
114.134	114.417	64
114.134	114.417	71
114.134	114.417	38
114.134	114.417	50
114.269	114.417	63
114.405	114.809	62
114.405	114.673	66
114.405	114.673	72
114.405	114.874	45
114.405	114.874	57
114.673	114.874	66
114.673	114.946	72
114.673	114.946	38
114.673	114.946	50
114.809	114.946	62
114.946	115.21	62
114.946	115.21	67
114.946	115.21	71
114.946	115.468	43
114.946	115.468	55
115.21	115.468	62
115.21	115.468	67
115.21	115.474	71
115.342	115.474	66
115.474	116.006	62
115.474	115.739	67
115.474	115.739	71
115.474	116.018	55
115.739	116.006	71
115.739	116.006	67
115.739	116.006	74
115.872	116.018	70
116.006	116.535	67
116.006	116.268	71
116.006	116.268	74
116.006	116.535	62
116.268	116.535	71
116.268	116.535	74
116.268	116.535	79
116.402	116.535	73
116.535	116.796	74
116.535	116.796	79
116.535	116.796	83
116.535	117.05	67
116.796	117.05	74
116.796	117.05	79
116.796	117.057	83
116.926	117.057	78
117.057	117.583	74
117.057	117.318	79
117.057	117.318	83
117.057	117.595	71
117.318	117.583	83
117.318	117.583	79
117.318	117.583	86
117.45	117.595	82
117.583	118.102	79
117.583	117.844	83
117.583	117.844	86
117.583	118.102	74
117.844	118.102	83
117.844	118.102	86
117.844	118.102	91
117.973	118.102	85
118.102	118.361	83
118.102	118.361	86
118.102	118.361	91
118.102	118.621	79
118.361	118.621	83
118.361	118.621	86
118.361	118.621	91
118.491	118.639	82
118.621	118.881	83
118.621	118.881	86
118.621	118.881	91
118.621	119.14	79
118.881	119.14	83
118.881	119.14	86
118.881	119.14	91
119.011	119.147	82
119.14	119.4	83
119.14	119.4	86
119.14	119.4	91
119.14	119.667	79
119.4	119.667	83
119.4	119.667	86
119.4	119.667	91
119.534	119.667	82
119.667	119.928	83
119.667	119.928	86
119.667	119.928	91
119.667	120.196	79
119.928	120.196	83
119.928	120.196	86
119.928	120.196	91
120.062	120.215	82
120.196	120.463	83
120.196	120.463	86
120.196	120.463	91
120.196	120.739	79
120.463	120.739	83
120.463	120.739	86
120.463	120.739	91
120.601	120.746	82
120.739	121.013	83
120.739	121.013	86
120.739	121.013	91
120.739	121.219	79
121.013	121.219	83
121.013	121.219	86
121.013	121.292	91
121.152	125.219	82
121.292	125.219	83
121.292	125.219	86
121.292	125.219	91
121.292	125.219	79
121.555	121.687	43
121.687	121.818	43
121.818	121.951	43
121.951	122.085	43
122.085	122.218	43
122.218	122.354	43
122.354	122.491	43
122.491	122.632	43
122.632	122.768	43
122.768	122.906	43
122.906	123.189	43
123.189	123.335	43
123.335	123.484	43
123.484	123.79	43
123.79	123.948	43
123.948	124.108	43
124.108	124.461	43
124.461	124.829	43
124.829	125.219	43
127.366	127.717	84
127.366	127.717	60
127.717	129.097	86
127.717	129.097	62
128.068	129.097	87
128.068	129.097	63
128.418	129.097	89
128.418	129.097	65
128.753	129.097	92
128.753	129.097	68
129.097	130.358	96
129.097	130.358	72
129.912	130.358	94
129.912	130.358	70
130.07	130.358	92
130.07	130.358	68
130.228	130.385	91
130.228	130.385	67
130.385	130.869	89
130.385	130.869	65
130.548	131.028	91
130.548	131.028	67
130.71	131.028	92
130.71	131.028	68
130.869	131.028	89
130.869	131.028	65
131.028	131.348	91
131.028	131.348	67
131.191	131.674	92
131.191	131.674	68
131.348	131.674	91
131.348	131.674	67
131.506	131.674	89
131.506	131.674	65
131.665	131.982	87
131.665	131.982	63
131.822	132.281	89
131.822	132.281	65
131.982	132.281	87
131.982	132.281	63
132.144	132.31	86
132.144	132.31	62
132.31	132.997	84
132.31	132.997	60
132.478	132.997	86
132.478	132.997	62
132.645	132.997	87
132.645	132.997	63
132.812	132.997	91
132.812	132.997	67
132.997	135.072	91
132.997	133.37	67
133.37	135.079	41
133.719	135.079	60
133.719	134.4	62
133.719	134.903	68
134.068	134.733	89
134.068	134.733	65
134.234	134.567	87
134.234	134.567	63
134.4	135.079	86
134.4	135.079	62
134.567	135.079	87
134.567	135.079	63
134.733	135.079	89
134.733	135.079	65
134.903	135.079	92
134.903	135.079	68
135.072	135.278	91
135.072	135.278	67
135.175	135.716	92
135.175	135.716	68
135.278	135.716	91
135.278	135.716	67
135.381	135.716	89
135.381	135.716	65
135.547	135.716	87
135.547	135.716	63
135.712	136.383	86
135.712	136.383	62
135.878	136.383	87
135.878	136.383	63
136.044	136.383	89
136.044	136.383	65
136.215	136.387	91
136.215	136.387	67
136.387	136.962	83
136.387	136.602	89
136.387	137.047	55
136.387	136.602	65
136.495	136.962	91
136.495	136.962	67
136.602	136.962	89
136.602	136.962	65
136.71	136.962	87
136.71	136.962	63
136.878	137.047	86
136.878	137.047	62
137.047	137.629	96
137.047	137.629	91
137.047	137.629	87
137.047	137.629	84
137.047	137.629	48
137.047	137.629	60
137.419	137.629	53
137.598	137.949	55
137.776	138.467	60
137.776	139.834	65
137.776	139.834	68
137.776	139.16	72
137.776	138.334	53
137.949	138.334	55
138.121	138.334	56
138.294	139.077	58
138.467	139.503	60
138.635	139.077	56
138.803	139.077	55
138.981	139.834	53
139.16	139.503	63
139.16	139.503	67
139.16	139.834	72
139.16	139.834	43
139.331	139.834	62
139.503	139.834	60
139.503	139.834	63
139.503	139.854	67
139.503	139.676	55
139.676	139.854	55
139.854	140.189	63
139.854	140.189	67
139.854	140.533	72
139.854	140.533	43
140.022	140.533	62
140.189	140.533	60
140.189	140.533	63
140.189	140.533	67
140.189	140.356	55
140.356	140.533	55
140.533	140.874	65
140.533	140.874	67
140.533	141.135	71
140.533	141.135	43
140.704	141.135	63
140.874	141.135	62
140.874	141.135	65
140.874	141.216	67
140.874	141.045	55
141.045	141.216	55
141.216	141.558	60
141.216	141.558	63
141.216	141.558	67
141.216	141.558	72
141.216	141.558	36
141.216	141.558	48
141.558	143.291	84
141.558	143.291	60
141.911	143.291	86
141.911	143.291	62
142.263	143.291	87
142.263	143.291	63
142.616	143.291	89
142.616	143.291	65
142.949	143.291	92
142.949	143.291	68
143.291	144.588	99
143.291	144.588	75
144.109	144.588	98
144.109	144.588	74
144.267	144.582	96
144.267	144.582	72
144.425	144.588	94
144.425	144.588	70
144.582	144.799	96
144.582	144.799	72
144.69	145.227	98
144.69	145.227	74
144.799	145.227	96
144.799	145.227	72
144.907	145.227	94
144.907	145.227	70
145.067	145.227	92
145.067	145.227	68
145.227	145.554	94
145.227	145.554	70
145.396	145.866	96
145.396	145.866	72
145.554	145.866	94
145.554	145.866	70
145.713	145.876	92
145.713	145.876	68
145.876	146.358	91
145.876	146.358	67
146.194	146.526	89
146.194	146.526	65
146.358	146.526	91
146.358	146.526	67
146.526	147.028	92
146.526	147.028	68
146.693	147.212	94
146.693	147.212	70
146.861	147.212	96
146.861	147.212	72
147.028	147.212	92
147.028	147.212	68
147.212	147.426	91
147.212	147.426	67
147.319	147.91	92
147.319	147.91	68
147.426	147.695	91
147.426	147.695	67
147.532	147.91	89
147.532	147.91	65
147.695	147.91	91
147.695	147.91	67
147.865	148.362	87
147.865	148.362	63
148.197	148.509	86
148.197	148.509	62
148.362	148.528	87
148.362	148.528	63
148.528	148.741	89
148.528	148.741	65
148.635	149.14	91
148.635	149.14	67
148.741	149.01	89
148.741	149.01	65
148.848	149.14	87
148.848	149.14	63
149.01	149.179	89
149.01	149.179	65
149.179	149.393	86
149.179	149.393	62
149.286	149.662	87
149.286	149.662	63
149.393	149.832	86
149.393	149.832	62
149.499	149.857	84
149.499	149.857	60
149.662	149.857	87
149.662	149.857	63
149.832	150.322	86
149.832	150.322	62
150.159	150.447	84
150.159	150.447	60
150.322	150.485	86
150.322	150.485	62
150.485	151.133	87
150.485	151.133	63
150.643	151.133	89
150.643	151.133	65
150.802	151.133	91
150.802	151.133	67
150.964	151.133	92
150.964	151.133	68
151.133	151.344	89
151.133	151.344	65
151.238	151.759	91
151.238	151.759	67
151.344	151.555	89
151.344	151.555	65
151.449	151.662	87
151.449	151.662	63
151.555	151.759	89
151.555	151.759	65
151.662	151.769	87
151.662	151.769	63
151.769	151.984	86
151.769	151.984	62
151.876	152.409	87
151.876	152.409	63
151.984	152.2	86
151.984	152.2	62
152.092	152.309	84
152.092	152.309	60
152.2	152.409	86
152.2	152.409	62
152.309	152.418	84
152.309	152.418	60
152.418	152.638	82
152.418	152.638	58
152.528	153.082	84
152.528	153.082	60
152.638	152.859	82
152.638	152.859	58
152.748	152.971	80
152.748	152.971	56
152.859	153.082	82
152.859	153.082	58
152.971	153.082	80
152.971	153.082	56
153.082	154.526	79
153.082	153.665	55
153.455	154.526	43
153.812	155.196	62
153.812	154.839	60
153.812	155.837	66
153.812	155.837	69
153.812	155.837	74
153.812	154.526	50
153.985	154.526	52
154.157	154.526	54
154.33	154.526	55
154.503	155.017	57
154.671	155.06	59
154.839	155.368	60
155.017	155.837	57
155.196	155.54	62
155.196	155.54	67
155.196	155.837	71
155.196	155.837	38
155.368	155.837	60
155.54	155.837	59
155.54	155.837	62
155.54	155.837	67
155.54	155.893	50
155.715	155.893	55
155.893	156.233	62
155.893	156.233	67
155.893	156.59	71
155.893	156.59	38
156.063	156.59	60
156.233	156.59	59
156.233	156.59	62
156.233	156.59	67
156.233	156.59	50
156.403	156.59	55
156.59	157.244	64
156.59	156.944	66
156.59	157.244	72
156.59	157.244	38
156.767	156.944	62
156.944	157.244	60
156.944	157.244	62
156.944	157.244	66
156.944	157.337	50
157.141	157.337	57
157.337	159.59	55
157.337	159.59	67
157.337	159.59	43
157.699	158.06	79
158.06	158.422	79
158.422	158.783	79
158.783	159.325	79
159.325	159.506	79
159.506	160.928	79
159.506	160.928	44
160.048	160.928	53
160.223	160.928	77
160.223	160.928	60
160.571	160.928	62
160.746	160.928	74
160.928	161.625	75
160.928	161.625	68
161.102	161.625	77
161.277	161.625	79
161.451	161.625	80
161.625	162.159	79
161.625	163.005	44
161.985	163.005	80
162.159	163.005	79
162.159	163.005	53
162.334	162.867	77
162.334	163.005	60
162.693	163.005	74
162.693	163.042	62
162.867	163.042	77
163.042	163.275	75
163.042	163.75	68
163.158	163.75	77
163.275	163.75	75
163.393	163.75	74
163.57	163.75	72
163.75	165.932	71
163.75	165.932	43
164.292	164.473	74
164.292	165.932	50
164.473	165.932	74
164.473	165.932	55
164.834	165.932	59
165.2	165.932	62
165.566	165.932	67
165.932	168.237	71
166.319	166.689	79
166.689	167.059	79
167.059	167.43	79
167.43	167.972	79
167.972	168.153	79
168.153	169.646	79
168.153	169.646	44
168.695	169.646	53
168.869	169.574	77
168.869	169.646	60
169.218	169.646	74
169.218	169.646	62
169.393	169.646	75
169.574	169.663	77
169.574	170.275	68
169.663	170.275	79
169.75	170.156	80
169.837	170.039	82
169.924	170.275	84
170.039	170.275	82
170.156	170.275	80
170.275	170.809	79
170.275	171.655	44
170.634	171.655	80
170.809	171.655	79
170.809	171.655	53
170.983	171.655	77
170.983	171.655	60
171.342	171.655	74
171.342	171.691	62
171.517	171.691	75
171.691	171.924	77
171.691	172.399	68
171.807	172.326	79
171.924	172.326	77
172.042	172.326	75
172.16	172.326	74
172.279	172.399	72
172.399	172.74	71
172.399	172.74	43
172.399	172.74	55
172.74	172.821	65
172.74	172.902	53
172.902	172.983	65
173.064	173.229	68
173.064	173.229	56
173.394	173.474	62
173.394	173.555	50
173.555	173.635	62
173.716	173.879	65
173.716	173.879	53
174.042	174.122	59
174.042	174.201	47
174.201	174.281	59
174.36	174.523	62
174.36	174.523	50
174.685	174.764	56
174.685	174.843	44
174.843	174.922	56
175.001	175.164	60
175.001	175.164	48
175.327	175.406	53
175.327	175.486	41
175.486	175.565	53
175.644	175.807	56
175.644	175.807	44
175.97	176.048	50
175.97	176.126	38
176.126	176.205	50
176.283	176.45	55
176.283	176.45	43
176.618	176.774	65
176.618	176.912	53
176.774	176.912	65
176.931	177.094	68
176.931	177.582	56
177.094	177.582	68
177.258	177.413	62
177.258	177.582	50
177.413	177.582	62
177.568	177.729	65
177.568	178.149	53
177.729	178.149	65
177.891	178.046	59
177.891	178.149	47
178.046	178.149	59
178.201	178.361	62
178.201	178.832	50
178.361	178.832	62
178.521	178.677	56
178.521	178.832	44
178.677	178.832	56
178.832	178.913	60
178.832	179.442	48
178.993	179.442	60
179.154	179.31	53
179.154	179.442	41
179.31	179.442	53
179.466	179.626	56
179.466	180.049	44
179.626	180.049	56
179.787	179.944	50
179.787	180.049	38
179.944	180.049	50
180.1	182.517	55
180.1	180.409	43
180.409	180.567	43
180.567	180.727	43
180.727	180.891	43
180.891	181.055	43
181.055	181.219	43
181.219	181.385	43
181.385	181.551	43
181.551	181.718	43
181.718	181.887	43
181.887	182.056	43
182.056	182.517	43
184.429	184.78	84
184.429	184.78	60
184.78	186.16	86
184.78	186.16	62
185.131	186.16	87
185.131	186.16	63
185.481	186.16	89
185.481	186.16	65
185.816	186.16	92
185.816	186.16	68
186.16	187.421	96
186.16	187.421	72
186.975	187.421	94
186.975	187.421	70
187.133	187.421	92
187.133	187.421	68
187.291	187.448	91
187.291	187.448	67
187.448	187.932	89
187.448	187.932	65
187.611	188.091	91
187.611	188.091	67
187.773	188.091	92
187.773	188.091	68
187.932	188.091	89
187.932	188.091	65
188.091	188.411	91
188.091	188.411	67
188.254	188.737	92
188.254	188.737	68
188.411	188.737	91
188.411	188.737	67
188.569	188.737	89
188.569	188.737	65
188.728	189.045	87
188.728	189.045	63
188.885	189.344	89
188.885	189.344	65
189.045	189.344	87
189.045	189.344	63
189.207	189.373	86
189.207	189.373	62
189.373	190.06	84
189.373	190.06	60
189.541	190.06	86
189.541	190.06	62
189.708	190.06	87
189.708	190.06	63
189.875	190.06	91
189.875	190.06	67
190.06	192.135	91
190.06	190.433	67
190.433	192.143	41
190.782	192.143	60
190.782	191.464	62
190.782	191.966	68
191.131	191.797	89
191.131	191.797	65
191.297	191.63	87
191.297	191.63	63
191.464	192.143	86
191.464	192.143	62
191.63	192.143	87
191.63	192.143	63
191.797	192.143	89
191.797	192.143	65
191.966	192.143	92
191.966	192.143	68
192.135	192.341	91
192.135	192.341	67
192.238	192.779	92
192.238	192.779	68
192.341	192.779	91
192.341	192.779	67
192.444	192.779	89
192.444	192.779	65
192.61	192.779	87
192.61	192.779	63
192.775	193.446	86
192.775	193.446	62
192.941	193.446	87
192.941	193.446	63
193.107	193.446	89
193.107	193.446	65
193.278	193.45	91
193.278	193.45	67
193.45	194.026	83
193.45	193.666	89
193.45	194.11	55
193.45	193.666	65
193.558	194.026	91
193.558	194.026	67
193.666	194.026	89
193.666	194.026	65
193.773	194.026	87
193.773	194.026	63
193.941	194.11	86
193.941	194.11	62
194.11	194.692	96
194.11	194.692	91
194.11	194.692	87
194.11	194.692	84
194.11	194.692	48
194.11	194.692	60
194.483	194.692	53
194.661	195.012	55
194.839	195.53	60
194.839	196.878	65
194.839	196.878	68
194.839	196.223	72
194.839	195.397	53
195.012	195.397	55
195.185	195.397	56
195.357	196.14	58
195.53	196.554	60
195.698	196.14	56
195.866	196.14	55
196.045	196.878	53
196.223	196.554	63
196.223	196.554	67
196.223	196.878	72
196.223	196.878	43
196.389	196.878	62
196.554	196.878	60
196.554	196.878	63
196.554	196.898	67
196.554	196.72	55
196.72	196.898	55
196.898	197.233	63
196.898	197.233	67
196.898	197.577	72
196.898	197.577	43
197.066	197.577	62
197.233	197.577	60
197.233	197.577	63
197.233	197.577	67
197.233	197.4	55
197.4	197.577	55
197.577	197.919	65
197.577	197.919	67
197.577	198.183	71
197.577	198.183	43
197.748	198.183	63
197.919	198.183	62
197.919	198.183	65
197.919	198.268	67
197.919	198.089	55
198.089	198.79	55
198.268	198.536	63
198.268	198.536	67
198.268	198.536	72
198.268	199.851	36
198.268	199.851	48
198.536	198.79	63
198.536	198.79	67
198.536	198.806	72
198.67	198.806	62
198.806	199.067	63
198.806	199.067	67
198.806	199.331	72
199.067	199.331	63
199.067	199.331	60
199.067	199.331	67
199.197	199.331	59
199.331	199.789	60
199.331	199.789	63
199.331	199.789	67
199.591	199.851	55
199.851	200.119	67
199.851	200.119	70
199.851	200.119	75
199.851	201.425	37
199.851	201.425	49
200.119	200.373	67
200.119	200.373	70
200.119	200.389	75
200.254	200.389	66
200.389	200.644	67
200.389	200.644	70
200.389	200.905	75
200.644	200.905	67
200.644	200.905	63
200.644	200.905	70
200.771	200.905	62
200.905	201.165	63
200.905	201.165	67
200.905	201.363	70
201.165	201.425	58
201.165	201.425	63
201.165	201.425	67
201.425	201.689	67
201.425	201.947	62
201.425	201.689	71
201.425	201.689	74
201.425	201.947	38
201.425	201.947	50
201.689	201.947	67
201.689	201.947	71
201.689	201.954	74
201.821	201.954	66
201.954	202.498	67
201.954	202.218	71
201.954	202.218	74
201.954	202.486	50
201.954	202.486	38
202.218	202.486	74
202.218	202.486	71
202.218	202.486	79
202.352	202.498	70
202.486	202.919	71
202.486	202.748	74
202.486	202.748	79
202.486	202.919	38
202.486	202.919	50
202.748	203.014	83
202.748	202.919	74
202.748	203.014	79
202.881	203.014	73
203.014	203.286	74
203.014	203.286	79
203.014	203.286	83
203.014	203.551	38
203.014	203.551	50
203.286	203.551	79
203.286	203.551	74
203.286	203.551	83
203.286	203.557	86
203.422	203.557	82
203.557	203.829	74
203.557	204.126	79
203.557	204.126	83
203.557	203.829	86
203.557	204.113	50
203.557	204.113	38
203.829	203.971	74
203.829	203.971	86
203.971	204.113	74
203.971	204.113	86
204.113	204.391	74
204.113	204.391	84
204.113	204.391	78
204.113	204.391	86
204.113	204.391	38
204.113	204.391	50
204.391	205.204	74
204.391	205.204	86
204.391	205.204	78
204.391	205.204	84
204.391	205.204	38
204.391	205.204	50
204.669	204.937	62
204.669	204.937	67
204.669	204.937	71
204.669	205.721	43
204.669	205.721	55
204.937	205.204	62
204.937	205.204	67
204.937	205.204	71
205.071	205.204	66
205.204	205.721	65
205.204	205.472	71
205.472	205.721	64
205.472	205.74	71
205.472	205.74	38
205.472	205.74	50
205.606	205.74	63
205.74	206.147	62
205.74	206.008	66
205.74	206.008	72
205.74	206.285	45
205.74	206.285	57
206.008	206.285	66
206.008	206.285	72
206.008	206.285	38
206.008	206.285	50
206.147	206.285	62
206.285	206.553	62
206.285	206.553	67
206.285	206.553	71
206.285	207.373	43
206.285	207.373	55
206.553	206.814	62
206.553	206.814	67
206.553	206.821	71
206.687	206.821	66
206.821	207.373	65
206.821	207.089	71
207.089	207.373	64
207.089	207.373	71
207.089	207.373	38
207.089	207.373	50
207.224	207.373	63
207.36	207.782	62
207.36	207.636	66
207.36	207.636	72
207.36	207.851	45
207.36	207.851	57
207.636	207.851	66
207.636	207.927	72
207.636	207.927	38
207.636	207.927	50
207.782	207.927	62
207.927	209.587	67
207.927	209.587	71
207.927	209.438	74
207.927	209.596	79
207.927	209.027	43
207.927	209.596	55
208.206	208.425	50
208.339	208.472	52
208.472	208.611	50
208.75	208.888	50
209.027	209.596	66
209.027	209.596	72
209.027	209.596	78
209.027	209.587	43
209.027	209.596	57
209.301	209.596	50
209.438	209.596	74
209.587	209.866	76
209.587	211.266	67
209.587	211.266	71
209.587	210.688	43
209.587	211.266	59
209.866	210.044	76
209.866	210.086	50
209.955	210.086	78
210	210.133	52
210.044	210.133	76
210.133	211.266	74
210.133	210.272	50
210.411	210.55	50
210.688	211.266	60
210.688	211.266	72
210.688	211.266	62
210.688	211.266	66
210.688	211.119	69
210.688	211.266	43
210.688	211.266	57
210.971	211.266	50
211.119	211.266	69
211.266	211.788	71
211.266	212.128	62
211.266	212.128	67
211.266	212.41	43
211.266	212.884	55
211.409	211.788	72
211.552	211.838	74
211.552	211.788	50
211.695	211.838	52
211.838	212.884	74
211.838	211.983	50
212.128	212.269	59
212.128	212.269	50
212.269	212.554	62
212.41	212.698	60
212.41	212.986	43
212.41	212.986	54
212.554	212.842	62
212.698	212.884	60
212.698	212.986	50
212.842	212.986	62
212.986	213.282	59
212.986	214.162	43
212.986	214.654	55
213.282	214.654	59
213.282	213.526	62
213.282	213.526	50
213.43	213.577	64
213.43	213.577	52
213.577	213.722	62
213.577	213.722	50
213.722	213.866	64
213.866	214.014	67
213.866	214.014	50
214.014	214.453	64
214.162	214.771	60
214.162	214.654	66
214.162	214.771	43
214.162	214.771	57
214.453	214.654	64
214.453	214.771	50
214.606	214.771	62
214.771	216.433	67
214.771	216.433	71
214.771	216.284	74
214.771	216.474	79
214.771	215.873	43
214.771	216.474	55
215.05	215.271	50
215.183	215.317	52
215.317	215.456	50
215.595	215.734	50
215.873	216.474	66
215.873	216.474	72
215.873	216.474	78
215.873	216.433	43
215.873	216.474	57
216.147	216.474	50
216.284	216.474	74
216.433	216.712	76
216.433	218.005	67
216.433	218.005	71
216.433	217.537	43
216.433	218.005	59
216.712	216.891	76
216.712	216.934	50
216.802	216.934	78
216.846	216.981	52
216.891	216.981	76
216.981	218.005	74
216.981	217.12	50
217.259	217.398	50
217.537	218.005	60
217.537	218.005	72
217.537	218.005	62
217.537	218.005	66
217.537	217.963	69
217.537	218.108	43
217.537	218.108	57
217.818	218.108	50
217.963	218.108	69
218.108	218.63	71
218.108	218.97	62
218.108	218.97	67
218.108	219.253	43
218.108	219.728	55
218.251	218.63	72
218.394	218.68	74
218.394	218.63	50
218.537	218.68	52
218.68	219.728	74
218.68	218.825	50
218.97	219.187	59
218.97	219.187	50
219.112	219.397	62
219.253	219.541	60
219.253	219.83	43
219.253	219.83	54
219.397	219.686	62
219.541	219.728	60
219.541	219.83	50
219.686	219.83	62
219.83	220.125	59
219.83	221.006	43
219.83	221.488	55
220.125	221.488	59
220.125	220.369	62
220.125	220.369	50
220.273	220.421	64
220.273	220.421	52
220.421	220.565	62
220.421	220.565	50
220.565	220.709	64
220.709	220.858	67
220.709	220.858	50
220.858	221.296	64
221.006	221.596	60
221.006	221.488	66
221.006	221.596	43
221.006	221.596	57
221.296	221.488	64
221.296	221.596	50
221.443	221.596	62
221.596	222.7	67
221.596	222.7	74
221.596	222.7	79
221.596	222.7	43
221.596	222.7	58
221.875	222.097	50
222.01	222.144	51
222.144	222.283	50
222.422	222.561	50
222.7	223.258	65
222.7	223.258	69
222.7	223.258	77
222.7	223.258	41
222.7	223.258	63
222.972	223.258	53
223.109	223.258	72
223.258	223.537	74
223.258	224.363	65
223.258	224.945	70
223.258	224.363	46
223.258	224.945	62
223.537	223.76	74
223.537	223.76	53
223.672	223.807	75
223.672	223.807	55
223.807	224.945	77
223.807	223.946	53
224.085	224.224	53
224.363	224.945	75
224.363	224.945	65
224.363	224.945	69
224.363	224.945	46
224.363	224.945	63
224.651	224.945	53
224.798	224.945	72
224.945	225.222	74
224.945	226.505	70
224.945	226.505	65
224.945	226.04	46
224.945	226.505	62
225.084	225.36	75
225.222	225.45	74
225.222	225.45	53
225.36	225.498	75
225.36	225.498	55
225.498	225.635	77
225.498	225.635	53
225.635	225.772	79
225.772	225.906	81
225.772	225.906	53
225.906	226.505	79
226.04	226.606	69
226.04	226.505	77
226.04	226.606	46
226.04	226.606	63
226.181	226.505	75
226.322	226.505	74
226.322	226.606	53
226.463	226.606	72
226.606	226.884	74
226.606	228.285	70
226.606	228.285	65
226.606	227.711	46
226.606	228.285	62
226.745	227.022	75
226.884	227.114	74
226.884	227.114	53
227.022	227.164	75
227.022	227.164	55
227.164	227.3	77
227.164	227.3	53
227.3	227.435	79
227.435	227.573	81
227.435	227.573	53
227.573	228.305	79
227.711	228.305	69
227.711	228.305	77
227.711	228.285	46
227.711	228.305	63
227.852	228.305	75
227.994	228.285	74
227.994	228.305	53
228.138	228.305	72
228.285	229.382	65
228.285	229.382	70
228.285	229.382	74
228.285	229.382	46
228.285	229.382	62
228.564	228.78	53
228.695	228.826	55
228.826	228.965	53
229.104	229.243	53
229.382	229.809	72
229.382	229.958	62
229.382	229.958	66
229.382	229.666	74
229.382	229.958	45
229.382	229.958	57
229.666	229.958	74
229.666	229.958	50
229.809	229.958	72
229.958	231.081	62
229.958	231.081	67
229.958	230.795	71
229.958	231.081	43
229.958	230.237	55
230.237	230.467	55
230.376	230.516	56
230.516	230.655	55
230.795	230.938	72
230.795	230.938	55
230.938	231.081	74
231.081	231.649	67
231.081	231.649	72
231.081	231.499	75
231.081	231.649	48
231.081	231.649	55
231.36	231.649	77
231.36	231.649	57
231.499	231.649	75
231.649	232.21	67
231.649	232.16	74
231.649	232.788	50
231.649	232.16	59
231.927	232.16	71
231.927	232.16	62
232.068	232.21	72
232.068	232.21	64
232.21	232.502	71
232.21	232.788	67
232.21	232.763	74
232.21	232.502	62
232.502	232.763	71
232.502	232.763	62
232.645	232.788	72
232.788	233.372	62
232.788	233.372	66
232.788	233.223	71
232.788	233.372	50
232.788	233.075	60
233.075	233.267	69
233.075	233.372	60
233.223	233.372	71
233.372	233.648	62
233.372	233.648	67
233.372	234.432	43
233.372	234.432	59
233.648	233.916	62
233.648	233.916	67
233.648	233.916	71
233.782	233.916	66
233.916	234.432	65
233.916	234.183	71
234.183	234.432	64
234.183	234.451	71
234.183	234.451	38
234.183	234.451	50
234.317	234.451	63
234.451	234.858	62
234.451	234.719	66
234.451	234.719	72
234.451	234.904	45
234.451	234.904	57
234.719	234.904	66
234.719	234.996	72
234.719	234.996	38
234.719	234.996	50
234.858	234.996	62
234.996	235.264	62
234.996	235.264	67
234.996	235.264	71
234.996	236.084	43
234.996	236.084	55
235.264	235.525	62
235.264	235.525	67
235.264	235.532	71
235.398	235.532	66
235.532	236.084	65
235.532	235.8	71
235.8	236.084	64
235.8	236.084	71
235.8	236.084	38
235.8	236.084	50
235.936	236.084	63
236.071	236.475	62
236.071	236.339	66
236.071	236.339	72
236.071	236.54	45
236.071	236.54	57
236.339	236.54	66
236.339	236.612	72
236.339	236.612	38
236.339	236.612	50
236.475	236.612	62
236.612	236.876	62
236.612	236.876	67
236.612	236.876	71
236.612	237.134	43
236.612	237.134	55
236.876	237.134	62
236.876	237.134	67
236.876	237.14	71
237.008	237.14	66
237.14	237.673	62
237.14	237.405	67
237.14	237.405	71
237.14	237.685	55
237.405	237.673	71
237.405	237.673	67
237.405	237.673	74
237.539	237.685	70
237.673	238.201	67
237.673	237.935	71
237.673	237.935	74
237.673	238.201	62
237.935	238.201	71
237.935	238.201	74
237.935	238.201	79
238.068	238.201	73
238.201	238.462	74
238.201	238.462	79
238.201	238.462	83
238.201	238.717	67
238.462	238.717	74
238.462	238.717	79
238.462	238.723	83
238.593	238.723	78
238.723	239.249	74
238.723	238.984	79
238.723	238.984	83
238.723	239.261	71
238.984	239.249	83
238.984	239.249	79
238.984	239.249	86
239.117	239.261	82
239.249	239.768	79
239.249	239.51	83
239.249	239.51	86
239.249	239.768	74
239.51	239.768	83
239.51	239.768	86
239.51	239.768	91
239.639	239.768	85
239.768	240.028	83
239.768	240.028	86
239.768	240.028	91
239.768	240.287	79
240.028	240.287	83
240.028	240.287	86
240.028	240.287	91
240.157	240.306	82
240.287	240.547	83
240.287	240.547	86
240.287	240.547	91
240.287	240.807	79
240.547	240.807	83
240.547	240.807	86
240.547	240.807	91
240.677	240.813	82
240.807	241.067	83
240.807	241.067	86
240.807	241.067	91
240.807	241.333	79
241.067	241.333	83
241.067	241.333	86
241.067	241.333	91
241.2	241.333	82
241.333	241.594	83
241.333	241.594	86
241.333	241.594	91
241.333	241.862	79
241.594	241.862	83
241.594	241.862	86
241.594	241.862	91
241.728	241.881	82
241.862	242.129	83
241.862	242.129	86
241.862	242.129	91
241.862	242.405	79
242.129	242.405	83
242.129	242.405	86
242.129	242.405	91
242.267	242.412	82
242.405	242.679	83
242.405	242.679	86
242.405	242.679	91
242.405	242.958	79
242.679	242.958	83
242.679	242.958	86
242.679	242.958	91
242.819	242.958	82
242.958	245.69	83
242.958	245.69	86
242.958	245.69	91
242.958	245.69	67
242.958	245.69	74
245.69	247.879	83
245.69	247.879	86
245.69	247.879	91
245.69	247.879	95
245.69	247.879	67
245.69	247.879	74
245.69	247.879	79
246.287	248.078	55
246.287	248.078	31
246.287	248.078	43
