OnsetTime	OffsetTime	MidiPitch
0.519987	1.06499	77
0.882984	1.24699	58
1.06199	1.24799	74
1.24999	1.42598	70
1.251	1.60799	62
1.60899	1.80098	70
1.61099	1.98599	67
1.987	2.34998	75
1.987	2.35298	60
2.35399	2.71697	79
2.35399	2.71697	63
2.71798	3.08197	69
2.72098	3.08497	65
3.08596	3.44896	63
3.44896	3.62695	72
3.45296	3.81696	62
3.62796	3.81696	70
3.81795	3.99097	74
3.81795	4.17297	57
3.99497	4.17697	72
4.17697	4.35897	75
4.17797	4.53696	58
4.35997	4.54196	74
4.54196	4.72697	77
4.54396	4.90497	51
4.54497	4.90596	60
4.72697	4.90596	75
4.90796	5.45796	74
4.90897	5.64297	58
4.91197	6.00796	53
5.45796	5.54897	75
5.54996	5.64396	74
5.64396	5.82195	72
5.64697	6.01096	57
5.82496	6.01196	74
6.01196	6.19996	75
6.20096	6.39296	76
6.39296	6.93795	77
6.75696	7.12496	58
6.93896	7.00196	75
7.00196	7.05796	74
7.06096	7.12496	72
7.12496	7.29596	70
7.12596	7.48396	62
7.48495	7.66996	70
7.48495	7.85496	67
7.85597	8.21596	75
7.85597	8.21695	60
8.21695	8.57995	79
8.21695	8.57995	63
8.58395	8.94395	69
8.58395	8.94795	65
8.94795	9.30495	63
9.12595	9.30495	69
9.30796	9.48596	70
9.30796	9.67196	62
9.48697	9.67196	74
9.67296	9.84995	67
9.67595	10.036	51
9.67595	10.039	63
9.85096	10.04	72
10.04	10.4099	70
10.044	10.4109	62
10.044	10.785	53
10.4109	10.7859	69
10.414	10.7879	60
10.789	10.9699	70
10.7919	11.156	58
10.971	11.065	65
11.156	11.251	67
11.338	11.429	69
11.524	11.611	70
11.698	11.789	72
11.884	11.971	74
12.055	12.154	75
12.248	12.752	58
12.248	12.799	77
12.437	12.752	65
12.616	12.794	62
12.795	12.979	74
12.798	12.983	65
12.984	13.162	70
12.984	13.162	55
13.163	13.34	62
13.341	13.526	70
13.344	13.526	58
13.529	13.711	62
13.712	13.9429	75
13.712	14.0499	51
13.893	14.0499	77
13.894	14.075	60
13.9429	14.0329	75
13.9849	14.0499	74
14.0329	14.079	75
14.0799	14.436	79
14.0819	14.257	55
14.2579	14.439	60
14.4399	14.81	69
14.4399	14.621	53
14.625	14.81	63
14.811	14.988	60
14.989	15.173	63
15.174	15.356	72
15.178	15.534	62
15.357	15.535	70
15.535	15.72	74
15.539	16.266	62
15.539	15.902	57
15.72	15.903	72
15.903	16.081	75
15.904	16.267	58
16.081	16.269	74
16.27	16.452	77
16.27	16.633	51
16.271	16.634	60
16.452	16.634	75
16.634	17.184	74
16.637	17.369	58
16.638	17.736	53
17.184	17.277	75
17.278	17.37	74
17.37	17.547	72
17.372	17.736	57
17.551	17.737	74
17.74	17.925	75
17.928	18.118	76
18.118	18.814	77
18.121	18.814	58
18.301	18.667	65
18.486	18.814	62
18.665	18.814	75
18.667	18.842	65
18.727	18.814	74
18.787	18.843	72
18.845	18.937	70
18.846	19.028	55
19.028	19.116	70
19.031	19.202	62
19.203	19.301	70
19.203	19.395	58
19.395	19.482	70
19.396	19.58	62
19.581	19.809	75
19.581	19.913	51
19.763	19.913	77
19.767	19.941	60
19.809	19.896	75
19.851	19.913	74
19.896	19.942	75
19.942	20.305	79
19.945	20.119	55
20.123	20.309	60
20.309	20.673	69
20.31	20.487	53
20.488	20.673	63
20.674	20.851	60
20.855	21.033	81
20.855	21.033	63
21.034	21.384	82
21.037	21.764	58
21.037	21.397	50
21.156	21.384	77
21.275	21.398	74
21.401	21.764	79
21.401	21.764	51
21.517	21.764	75
21.635	21.764	72
21.761	22.111	77
21.762	22.118	62
21.762	22.49	53
21.881	22.111	74
21.996	22.119	70
22.121	22.49	75
22.122	22.49	63
22.241	22.49	72
22.364	22.49	69
22.486	22.983	70
22.49	22.983	58
22.49	22.983	62
22.875	23.259	46
23.07	23.263	65
23.263	23.353	70
23.451	23.546	69
23.637	23.735	70
23.83	23.924	72
24.022	24.417	74
24.418	24.806	74
24.418	24.807	70
24.419	24.807	58
24.81	25.195	70
24.81	25.195	74
24.811	25.196	55
25.198	25.584	75
25.198	25.584	72
25.199	25.585	51
25.587	25.978	72
25.587	25.979	69
25.587	25.979	53
25.982	26.36	41
26.175	26.361	65
26.363	26.455	72
26.552	26.643	70
26.738	26.833	72
26.93	27.021	74
27.116	27.519	75
27.523	27.903	67
27.526	27.904	75
27.526	27.908	60
27.908	28.299	72
27.911	28.302	75
27.911	28.303	57
28.303	28.688	77
28.304	28.689	69
28.306	28.691	53
28.691	29.083	70
28.695	29.087	74
28.695	29.087	58
29.087	29.465	46
29.279	29.469	70
29.469	29.559	74
29.654	29.745	72
29.839	29.93	74
30.025	30.115	76
30.206	30.574	77
30.389	30.575	57
30.577	30.756	60
30.697	30.82	77
30.756	30.942	57
30.82	30.943	79
30.945	31.057	81
30.946	31.299	65
31.061	31.179	79
31.18	31.302	77
31.303	31.422	76
31.425	31.543	74
31.544	31.666	72
31.666	32.037	70
31.851	32.041	55
32.041	32.219	58
32.16	32.282	76
32.22	32.398	55
32.283	32.398	77
32.402	32.52	79
32.402	32.7661	64
32.5211	32.6431	77
32.6431	32.7661	76
32.7661	32.8881	74
32.8891	33.0031	72
33.0031	33.1251	70
33.1261	33.2171	69
33.1271	33.4891	65
33.2181	33.3111	72
33.3111	33.4021	70
33.4031	33.4901	69
33.4931	33.5811	70
33.5841	33.6761	72
33.6791	33.7621	74
33.7631	33.8541	76
33.8551	33.9411	77
33.9451	34.0361	79
34.0361	34.1261	81
34.1301	34.2141	82
34.2151	34.3161	84
34.2181	34.5921	53
34.4061	34.5931	69
34.4071	34.5931	65
34.5961	34.9601	69
34.5971	34.9601	65
34.5991	34.7771	48
34.7781	34.9611	60
34.9631	35.1451	67
34.9631	35.1461	64
34.9641	35.1461	59
35.1471	35.3301	60
35.3311	36.0591	79
35.3321	35.6951	58
35.5091	35.8801	60
35.6951	36.0591	58
35.8781	36.0591	76
35.8801	36.0591	60
35.9681	36.0591	72
36.0581	36.4261	77
36.0591	36.2411	57
36.2441	36.4271	60
36.4271	36.7941	78
36.4301	36.6121	57
36.6121	36.7951	60
36.7951	37.5291	79
36.7971	37.1581	58
36.9801	37.3431	60
37.1581	37.5291	58
37.3401	37.5291	76
37.3431	37.5291	60
37.4321	37.5291	72
37.5261	37.8861	77
37.5291	37.7031	57
37.7041	37.8861	60
37.8871	38.0711	57
38.0721	38.2571	60
38.2571	38.3471	79
38.2581	38.4351	58
38.4351	38.9912	79
38.4391	38.8041	60
38.6251	38.9912	58
38.8041	38.9912	76
38.8041	38.9912	60
38.8941	38.9912	72
38.9892	39.0792	77
38.9892	39.1672	57
39.1672	39.2612	77
39.1681	39.3521	60
39.3532	39.4472	78
39.3532	39.5382	57
39.5382	39.6252	78
39.5392	39.7162	60
39.7202	39.8072	79
39.7212	40.0802	58
39.8992	40.4482	79
39.9002	40.2622	60
40.0802	40.4482	58
40.2592	40.4482	76
40.2622	40.4482	60
40.3512	40.4482	72
40.4452	40.8232	77
40.4482	40.8062	57
40.6262	40.8232	60
40.8062	41.1872	57
40.9912	41.1872	60
41.1722	41.5462	78
41.1732	41.5332	58
41.2641	41.4422	79
41.3522	41.5462	81
41.3522	41.5462	60
41.4422	41.5462	79
41.5332	41.8972	77
41.5332	41.9002	58
41.6251	41.9002	76
41.7182	41.9002	74
41.7191	41.9002	60
41.8032	41.9002	72
41.8972	42.1742	77
41.8982	42.6422	57
41.9892	42.6422	72
42.0822	42.3552	81
42.1742	42.6422	77
42.2692	42.4472	84
42.3552	42.5412	81
42.4472	42.6282	84
42.5412	42.6422	81
42.6282	43.0102	84
42.7192	43.0102	82
42.8072	43.0102	81
42.9022	43.0102	79
42.9932	43.3602	77
42.9932	43.3572	65
42.9962	43.3602	57
43.0802	43.3602	75
43.1752	43.3562	74
43.2662	43.3602	72
43.3562	43.6302	74
43.3572	43.7172	58
43.3572	43.7212	65
43.4482	43.6992	70
43.5392	43.6992	77
43.6302	43.7212	74
43.7212	43.9912	82
43.8122	44.0782	77
43.9002	44.0782	86
43.9912	44.0852	82
44.0852	44.3932	86
44.1722	44.3932	84
44.2662	44.3932	82
44.3502	44.8092	81
44.4452	44.8092	79
44.4462	44.8092	65
44.4462	44.8092	67
44.4492	44.8092	58
44.5332	44.8092	77
44.6242	44.8092	76
44.7112	44.8092	74
44.8082	45.5472	72
44.8092	45.5342	60
44.9842	45.3522	69
45.1702	45.5472	65
45.3522	45.5472	69
45.5312	45.6702	81
45.5342	45.9042	60
45.6002	45.7402	79
45.6702	45.8032	81
45.7162	45.9042	70
45.7402	45.8742	79
45.8032	45.9042	81
45.8742	46.0132	79
45.8952	46.2652	64
45.9432	46.2622	81
46.0132	46.1702	79
46.0802	46.2652	77
46.0802	46.2652	70
46.1702	46.2652	79
46.2622	46.3492	81
46.2652	46.6182	65
46.3492	46.4392	82
46.4402	46.5272	84
46.5282	46.6222	82
46.6222	46.7132	81
46.7172	46.8002	79
46.8012	46.8952	77
46.8042	46.9862	67
46.8962	46.9862	76
46.9872	47.0732	77
46.9902	47.3473	69
47.0742	47.1642	79
47.1682	47.2593	81
47.2622	47.3473	79
47.3482	47.4413	77
47.4423	47.5253	75
47.5283	47.6203	74
47.5293	47.7103	57
47.6203	47.7143	73
47.7143	47.8013	74
47.7173	48.0703	58
47.8023	47.8923	76
47.8923	47.9773	77
47.9803	48.0743	75
48.0753	48.1583	74
48.1593	48.2533	72
48.2533	48.3443	70
48.3443	48.4313	69
48.4323	48.5223	67
48.4363	48.7993	34
48.4363	48.8003	46
48.5263	48.6173	69
48.6173	48.7043	70
48.7053	48.8003	69
48.8013	48.8903	67
48.8913	48.9783	65
48.9783	49.0683	64
49.0723	49.1633	62
49.1643	49.3483	60
49.1663	49.3523	48
49.3523	49.4363	62
49.3533	49.5273	57
49.4373	49.5273	64
49.5303	49.6223	65
49.5343	49.7093	53
49.6223	49.7103	67
49.7123	49.8003	69
49.7133	49.8883	57
49.8033	49.8883	70
49.8913	49.9813	72
49.8913	50.0693	48
49.9823	50.0703	74
50.0733	50.1603	76
50.0743	50.2483	57
50.1643	50.2483	77
50.2523	50.3423	79
50.2523	50.4303	53
50.3433	50.4313	81
50.4333	50.5213	82
50.4343	50.6123	57
50.5213	50.6163	84
50.6193	51.3643	77
50.6193	51.3553	48
50.6793	50.8023	79
50.7423	50.8643	81
50.8023	50.9313	79
50.8043	51.1763	58
50.8643	50.9873	81
50.9313	51.0503	79
50.9873	51.1163	81
50.9893	51.3643	52
51.0503	51.1733	79
51.1163	51.2323	81
51.1733	51.2953	79
51.1763	51.3643	58
51.2323	51.3553	81
51.2953	51.3643	79
51.3553	51.4743	81
51.3553	52.1533	48
51.4183	51.5343	79
51.4743	51.5963	81
51.5343	51.6563	79
51.5363	51.9014	58
51.5963	51.7193	81
51.6563	51.8094	79
51.7193	52.1533	81
51.7214	52.1533	52
51.8094	51.9993	79
51.9003	52.1524	77
51.9014	52.1533	58
51.9993	52.1533	79
52.1524	52.2784	77
52.1524	52.4533	53
52.1533	52.4543	57
52.2784	52.4563	77
52.4603	53.0973	57
52.4603	53.0973	53
52.6383	52.8244	77
52.8244	53.0004	77
53.0004	53.1813	77
53.1813	53.5523	57
53.1824	53.5523	53
53.3664	53.5494	77
53.5494	53.7284	77
53.5514	53.9174	55
53.5523	53.9194	58
53.5523	53.9174	53
53.7284	54.0074	77
53.9174	54.5324	53
53.9174	54.5324	55
53.9194	54.5324	58
54.0914	54.2764	77
54.2764	54.4594	77
54.4594	54.8184	77
54.6384	55.0084	53
54.6414	55.0114	56
54.6414	55.0114	59
54.8184	55.0084	77
55.0084	55.1834	77
55.0084	55.7334	53
55.0094	55.3684	60
55.0114	55.3664	57
55.1834	55.3684	77
55.3664	55.7364	57
55.3684	55.7364	61
55.5474	55.7404	77
55.7404	55.9224	77
55.7414	56.1064	58
55.7434	56.1074	62
55.7434	56.4903	53
55.9224	56.1074	77
56.1103	56.4923	59
56.1114	56.4923	62
56.2923	56.4893	77
56.4893	57.9484	77
56.4893	57.9484	60
56.4903	57.9484	53
56.4913	57.9484	63
56.6643	56.8503	81
56.8503	57.9484	81
57.0293	57.2103	84
57.2103	57.7594	84
57.3953	57.5783	87
57.5783	57.9484	87
57.7594	57.9454	84
57.9454	58.6943	84
58.1273	58.3053	81
58.3053	58.6943	81
58.4943	58.6804	77
58.6804	58.8653	77
58.8663	59.0543	76
59.0543	59.2533	76
59.2543	59.4843	77
59.4853	60.0313	77
59.8453	60.2093	58
60.0303	60.2093	74
60.2123	60.3913	70
60.2163	60.5703	62
60.5703	60.7623	70
60.5713	60.9483	67
60.9483	61.3154	75
60.9493	61.3154	60
61.3163	61.6783	79
61.3193	61.6793	63
61.6823	62.0433	69
61.6833	62.0443	65
62.0463	62.4103	63
62.4113	62.5963	72
62.4143	62.7743	62
62.5963	62.7783	70
62.7793	62.9563	74
62.7793	63.1423	57
62.9573	63.1433	72
63.1433	63.3203	75
63.1463	63.5033	58
63.3213	63.5033	74
63.5043	63.6883	77
63.5063	63.8743	60
63.5063	63.8743	51
63.6893	63.8753	75
63.8773	64.4193	74
63.8773	64.9763	53
63.8783	64.6013	58
64.4203	64.5113	75
64.5113	64.6063	74
64.6083	64.7843	72
64.6093	64.9773	57
64.7873	64.9773	74
64.9793	65.1693	75
65.1693	65.3543	76
65.3553	65.8993	77
65.7183	66.0863	58
65.9003	65.9633	75
65.9643	66.0223	74
66.0233	66.0863	72
66.0873	66.2643	70
66.0893	66.4463	62
66.4463	66.6283	70
66.4473	66.8173	67
66.8173	67.1743	75
66.8183	67.1783	60
67.1783	67.5413	79
67.1813	67.5423	63
67.5463	67.9053	69
67.5463	67.9103	65
67.9103	68.2733	63
68.0883	68.2743	69
68.2743	68.4523	70
68.2773	68.6333	62
68.4553	68.6343	74
68.6343	68.8193	67
68.6373	68.9983	63
68.6373	69.0013	51
68.8203	69.0024	72
69.0024	69.3763	70
69.0053	69.7474	53
69.0053	69.3794	62
69.3794	69.7474	69
69.3803	69.7504	60
69.7504	69.9394	70
69.7544	70.1184	58
69.9403	70.0274	65
70.1224	70.2124	67
70.3004	70.3944	69
70.4864	70.5724	70
70.6644	70.7554	72
70.8454	70.9304	74
71.0244	71.1184	75
71.2164	71.9834	58
71.2174	71.9834	77
71.3994	71.7674	65
71.5784	71.9834	62
71.7634	71.9834	74
71.7674	71.9834	65
71.9454	72.1194	70
71.9454	72.1244	55
72.1274	72.3094	62
72.3094	72.4944	70
72.3104	72.4954	58
72.4954	72.6804	62
72.6804	72.9074	75
72.6814	72.9983	51
72.8624	72.9983	77
72.8624	73.0413	60
72.9074	72.9953	75
72.9533	72.9983	74
72.9953	73.0413	75
73.0423	73.4053	79
73.0443	73.2193	55
73.2203	73.4073	60
73.4083	73.7713	69
73.4083	73.5863	53
73.5863	73.7723	63
73.7723	73.9573	60
73.9573	74.1354	63
74.1363	74.3183	72
74.1393	74.5004	62
74.3183	74.5034	70
74.5073	74.6823	74
74.5084	75.2284	62
74.5084	74.8673	57
74.6863	74.8683	72
74.8714	75.0494	75
74.8723	75.2284	58
75.0503	75.2294	74
75.2314	75.4134	77
75.2314	75.5994	51
75.2324	75.5994	60
75.4144	75.6024	75
75.6024	76.1454	74
75.6064	76.3304	58
75.6064	76.7014	53
76.1464	76.2364	75
76.2394	76.3314	74
76.3344	76.5124	72
76.3344	76.7024	57
76.5124	76.7044	74
76.7054	76.8904	75
76.8904	77.0864	76
77.0874	77.7414	77
77.0874	77.7414	58
77.2654	77.6354	65
77.4474	77.7414	62
77.6334	77.7414	75
77.6354	77.8114	65
77.6894	77.7484	74
77.7494	77.8114	72
77.8144	77.8984	70
77.8144	77.9894	55
77.9924	78.0774	70
77.9934	78.1714	62
78.1714	78.2654	70
78.1724	78.3564	58
78.3574	78.4484	70
78.3604	78.5424	62
78.5434	78.7704	75
78.5464	78.8584	51
78.7254	78.8584	77
78.7264	78.9094	60
78.7704	78.8584	75
78.8154	78.8604	74
78.8614	78.9104	75
78.9104	79.2704	79
78.9114	79.0884	55
79.0884	79.2714	60
79.2714	79.6344	69
79.2724	79.4454	53
79.4493	79.6354	63
79.6374	79.8204	60
79.8204	79.9983	81
79.8214	79.9993	63
80.0024	80.3763	82
80.0033	80.3763	50
80.0053	80.7193	58
80.1214	80.3763	77
80.2374	80.3763	74
80.3604	80.7054	79
80.3624	80.7193	51
80.4824	80.7054	75
80.6044	80.7204	72
80.7234	81.0973	77
80.7234	81.4524	53
80.7244	81.0973	62
80.8423	81.0973	74
80.9653	81.0973	70
81.0873	81.4524	75
81.0904	81.4524	63
81.2093	81.4524	72
81.3284	81.4524	69
81.4484	81.9553	70
81.4514	81.9553	62
81.4514	81.9553	58
81.8443	82.2244	46
82.0324	82.2254	65
82.2254	82.3154	70
82.4134	82.5074	69
82.6024	82.7003	70
82.7914	82.8894	72
82.9844	83.3763	74
83.3794	83.7684	70
83.3794	83.7684	74
83.3833	83.7693	58
83.7723	84.1563	70
83.7723	84.1573	74
83.7733	84.1593	55
84.1603	84.5523	72
84.1603	84.5533	75
84.1613	84.5533	51
84.5553	84.9403	72
84.5563	84.9413	69
84.5563	84.9443	53
84.9443	85.3223	41
85.1363	85.3253	65
85.3253	85.4203	72
85.5143	85.6053	70
85.7003	85.7973	72
85.8923	85.9873	74
86.0813	86.4843	75
86.4873	86.8653	67
86.4883	86.8693	75
86.4883	86.8703	60
86.8723	87.2613	75
86.8723	87.2613	72
86.8733	87.2623	57
87.2643	87.6573	77
87.2643	87.6573	69
87.2683	87.6603	53
87.6603	88.0513	74
87.6603	88.0523	70
87.6613	88.0523	58
88.0553	88.4303	46
88.2443	88.4313	70
88.4313	88.5283	74
88.6193	88.7133	72
88.8083	88.8993	74
88.9893	89.0843	75
89.1753	89.4803	77
89.5783	89.8723	77
89.5783	89.8723	62
89.5823	89.8763	58
89.9763	90.2814	77
89.9813	90.2823	58
89.9813	90.2823	62
90.3793	90.6804	77
90.3803	90.6813	62
90.3803	90.6813	58
90.7854	92.2864	78
90.7893	91.5424	57
90.7893	91.5424	60
90.9883	91.1743	72
91.1743	91.3564	74
91.3573	91.5424	75
91.5433	91.7274	75
91.5454	92.2914	57
91.5454	92.2914	50
91.7283	91.9084	74
91.9134	92.1014	74
92.1054	92.2934	72
92.2943	93.0604	70
92.2943	93.0614	79
92.2943	93.8333	51
92.4943	92.6794	55
92.6804	92.8604	57
92.8654	93.0614	58
93.0644	93.8344	73
93.0644	93.2524	58
93.2534	93.4464	57
93.4464	93.6384	57
93.6394	93.8344	55
93.8373	94.2303	74
93.8384	94.2303	50
93.8384	94.2303	54
94.5194	94.6184	62
94.6193	95.0133	74
95.0133	95.4023	74
95.4023	96.1713	82
95.4033	96.1643	55
95.5993	95.9793	58
95.7943	96.1713	62
95.9773	96.1713	81
95.9793	96.1713	58
96.0393	96.1623	79
96.1023	96.1713	78
96.1623	96.5673	79
96.1643	96.5673	55
96.3473	96.5673	58
96.5333	96.9243	74
96.5373	96.9243	62
96.7293	96.9243	58
96.9223	97.6773	75
96.9243	97.6773	55
97.1213	97.4993	60
97.3133	97.6773	63
97.4993	97.6843	60
97.5893	97.6843	67
97.6853	98.0514	79
97.6853	98.4373	55
97.8633	98.2404	60
98.0514	98.4373	79
98.0523	98.4373	63
98.2404	98.4373	60
98.4334	99.2034	87
98.4334	99.2034	53
98.6224	98.9983	60
98.8084	99.2034	63
98.9974	99.2034	86
98.9983	99.2034	60
99.0564	99.1834	84
99.1164	99.2034	83
99.1834	99.9454	84
99.1834	99.9434	55
99.3644	99.7424	60
99.5474	99.9454	75
99.5494	99.9454	63
99.7424	99.9454	60
99.9424	100.463	74
99.9434	100.463	55
100.138	100.463	58
100.342	100.54	62
100.541	100.722	73
100.723	100.911	74
100.911	101.008	82
101.107	101.205	81
101.3	101.397	79
101.495	101.831	78
101.495	101.884	60
101.499	101.884	57
101.499	101.888	63
101.787	101.838	79
101.838	101.888	81
101.889	101.974	79
101.891	102.076	58
101.891	102.077	62
102.077	102.175	79
102.279	102.468	85
102.472	102.668	86
102.669	102.759	82
102.854	102.958	79
103.056	103.452	78
103.057	103.452	63
103.06	103.452	57
103.061	103.452	60
103.348	103.445	79
103.396	103.452	81
103.445	103.54	79
103.446	103.637	58
103.446	103.638	62
103.641	103.83	74
103.83	103.927	79
104.026	104.128	79
104.226	104.323	79
104.421	104.527	79
104.624	104.932	79
104.625	106.209	51
104.625	105.416	58
104.933	104.978	81
104.979	105.03	82
105.031	105.125	81
105.222	105.321	79
105.416	105.514	77
105.417	106.21	55
105.611	105.709	75
105.808	105.905	74
106.007	106.105	73
106.21	106.406	73
106.214	106.609	54
106.214	106.612	57
106.406	106.613	74
106.613	106.906	74
106.613	107.004	50
106.616	107.004	54
106.617	107.005	57
107.008	107.298	74
107.008	107.4	50
107.009	107.4	54
107.011	107.4	57
107.404	107.708	74
107.404	107.812	50
107.405	107.813	54
107.407	107.813	57
107.813	107.872	73
107.877	107.942	74
107.946	108.013	75
108.016	109.43	74
108.205	108.604	53
108.208	108.605	57
108.209	108.607	50
108.604	108.994	53
108.605	108.996	57
108.607	108.997	50
108.994	109.43	53
108.996	109.43	57
108.997	109.43	50
109.43	111.017	77
109.815	110.208	50
109.816	110.209	58
109.816	110.208	53
110.208	110.603	50
110.208	110.603	53
110.209	110.604	58
110.603	111.017	50
110.603	111.017	53
110.604	111.017	58
111.016	112.574	62
111.017	112.574	56
111.401	111.792	53
111.401	111.79	46
111.79	112.182	46
111.792	112.181	53
112.181	112.574	53
112.182	112.574	46
112.57	112.955	55
112.571	113.595	63
112.573	112.955	39
112.573	112.958	51
112.958	113.319	51
113.322	113.686	55
113.595	113.687	58
113.687	113.959	62
113.69	114.053	56
113.959	114.054	58
114.054	114.429	63
114.057	114.429	55
114.331	114.429	58
114.424	114.792	65
114.428	114.792	50
114.698	114.792	58
114.786	115.17	67
114.786	115.17	51
115.062	115.17	58
115.157	115.457	68
115.157	115.545	53
115.444	115.545	58
115.546	116.675	65
115.923	116.287	46
116.291	116.675	50
116.56	116.675	58
116.65	117.022	64
116.651	117.022	49
116.928	117.022	58
117.019	117.407	65
117.021	117.407	50
117.292	117.407	58
117.386	117.785	67
117.389	117.785	52
117.659	117.785	58
117.751	118.114	68
117.753	118.114	53
118.023	118.114	58
118.111	118.509	70
118.114	118.509	50
118.408	118.509	58
118.506	118.88	67
118.509	118.884	51
118.884	119.24	39
119.062	119.244	70
119.245	119.506	75
119.509	119.601	77
119.602	119.889	79
119.605	119.972	55
119.605	119.975	63
119.888	119.976	70
119.976	120.245	72
120.246	120.336	74
120.34	120.714	75
120.343	120.714	56
120.343	120.714	63
120.619	120.714	67
120.714	120.984	68
120.984	121.071	70
121.071	121.365	72
121.072	121.441	60
121.075	121.442	63
121.348	121.442	68
121.446	121.806	67
121.446	121.621	58
121.446	121.624	63
121.809	121.988	46
121.988	122.166	70
122.17	122.44	75
122.44	122.534	77
122.535	122.845	79
122.535	122.898	55
122.537	122.901	63
122.814	122.902	71
122.902	123.171	72
123.172	123.259	74
123.262	123.584	75
123.263	123.63	56
123.263	123.63	63
123.545	123.631	67
123.633	123.903	68
123.906	123.997	70
123.997	124.309	72
123.998	124.369	63
124.001	124.369	60
124.274	124.37	68
124.372	124.749	67
124.372	124.561	63
124.372	124.561	58
124.75	124.942	46
124.942	125.12	67
125.124	125.306	70
125.31	125.495	69
125.496	125.87	60
125.496	125.873	63
125.685	125.874	69
125.877	126.058	72
126.059	126.241	70
126.244	126.615	63
126.244	126.615	55
126.433	126.616	71
126.619	126.801	74
126.619	126.98	56
126.62	126.98	63
126.802	126.982	72
126.983	127.165	75
126.983	127.346	56
126.987	127.347	53
127.166	127.347	74
127.35	127.532	77
127.351	127.71	58
127.351	127.711	55
127.532	127.714	75
127.715	127.896	77
127.715	128.078	55
127.717	128.079	58
127.896	128.079	76
128.079	128.26	79
128.081	128.442	53
128.082	128.446	56
128.082	128.446	58
128.264	128.447	77
128.447	128.627	80
128.449	128.813	51
128.45	128.813	55
128.45	128.817	58
128.628	128.817	79
128.818	128.995	82
128.82	129.181	50
128.82	129.181	53
128.824	129.182	58
128.996	129.184	80
130.098	130.283	77
130.284	130.556	79
130.286	130.65	63
130.287	130.651	70
130.557	130.651	75
130.651	130.92	72
130.654	131.015	68
130.655	131.016	56
130.923	131.016	77
131.018	131.379	75
131.019	131.774	58
131.019	131.379	67
131.382	131.778	74
131.383	131.778	65
131.778	131.959	82
131.779	132.149	50
131.781	132.149	53
131.781	132.149	58
131.964	132.15	80
133.059	133.244	77
133.245	133.513	79
133.245	133.608	63
133.247	133.612	70
133.518	133.612	75
133.613	133.881	72
133.615	133.976	68
133.616	133.976	56
133.882	133.977	77
133.977	134.347	75
133.979	134.729	58
133.98	134.347	67
134.35	134.732	74
134.35	134.732	65
134.732	134.826	67
134.829	135.302	79
135.306	135.488	75
135.492	135.677	72
135.492	136.244	67
135.494	136.247	63
135.862	136.055	72
136.247	136.611	77
136.248	136.986	71
136.251	136.993	62
136.611	136.993	80
136.993	137.178	71
136.997	137.364	65
136.997	137.368	68
137.556	137.741	71
137.742	137.931	74
137.745	139.205	67
137.746	138.105	63
137.931	138.11	72
138.11	138.288	75
138.112	138.473	59
138.292	138.474	74
138.474	138.651	77
138.477	138.837	60
138.656	138.842	75
138.842	139.205	62
139.026	139.208	71
139.208	139.386	74
139.209	140.289	67
139.212	139.565	63
139.387	139.565	72
139.566	139.751	75
139.569	139.93	59
139.752	139.933	74
139.933	140.111	77
139.934	140.294	60
140.112	140.294	75
140.294	140.475	77
140.479	140.667	76
140.668	141.214	77
141.214	141.392	74
141.393	141.575	70
141.397	142.131	65
141.397	142.131	62
141.76	141.945	70
142.132	142.499	75
142.134	142.856	69
142.134	142.859	60
142.499	142.859	78
142.86	143.041	69
142.863	143.233	66
142.863	143.234	63
143.412	143.6	69
143.601	143.779	72
143.604	143.965	61
143.605	145.078	65
143.779	143.966	70
143.966	144.151	73
143.969	144.332	57
144.151	144.333	72
144.333	144.518	75
144.336	144.71	58
144.518	144.711	73
144.711	145.081	60
144.895	145.081	69
145.085	145.26	72
145.085	145.446	61
145.086	146.183	65
145.263	145.446	70
145.447	145.624	73
145.449	145.805	57
145.627	145.806	72
145.806	145.991	75
145.81	146.184	58
145.991	146.184	73
146.187	146.548	58
146.188	146.549	65
146.369	146.453	73
146.551	146.734	73
146.737	146.912	71
146.915	147.279	65
146.916	147.279	56
147.093	147.283	71
147.283	147.461	71
147.462	147.64	70
147.64	148.004	54
147.643	148.008	61
147.821	148.008	70
148.009	148.186	70
148.189	148.372	80
148.372	148.736	53
148.373	148.739	62
148.557	148.739	80
148.743	148.924	80
148.925	149.102	78
149.103	149.47	63
149.104	149.471	51
149.288	149.471	78
149.474	149.656	78
149.656	149.834	77
149.835	150.198	53
149.838	150.199	61
150.02	150.202	77
150.202	150.38	77
150.381	150.566	76
150.566	150.93	61
150.569	150.93	54
150.747	150.934	76
150.934	151.333	82
150.937	151.651	64
150.937	152.375	54
151.291	151.473	84
151.333	151.428	82
151.378	151.574	81
151.428	151.574	82
151.473	151.651	84
151.651	152.012	85
151.655	152.379	58
152.012	152.38	76
152.382	152.558	77
152.383	153.096	57
152.383	153.828	53
152.558	152.736	76
152.737	152.918	77
152.918	153.097	72
153.1	153.282	75
153.101	153.828	58
153.282	153.464	73
153.465	153.642	72
153.643	153.831	70
153.831	154.01	78
153.832	154.553	57
153.835	155.298	53
154.011	154.189	77
154.189	154.374	76
154.375	154.553	77
154.556	154.738	75
154.556	155.299	58
154.739	154.924	73
154.927	155.109	72
155.112	155.299	70
155.301	155.721	69
155.302	155.721	72
155.302	155.484	65
155.484	155.721	65
155.672	156.085	70
155.673	156.085	73
155.848	156.04	65
156.037	156.505	72
156.04	156.505	69
156.04	156.215	65
156.215	156.505	65
156.398	156.779	70
156.398	156.779	76
156.585	156.779	65
156.775	157.222	77
156.776	157.222	69
156.779	156.958	65
156.958	157.222	65
157.146	157.59	73
157.146	157.59	70
157.321	157.507	65
157.506	157.88	72
157.507	157.881	69
157.507	157.688	65
157.688	157.881	65
157.884	158.253	70
157.885	158.253	76
158.06	158.253	65
158.249	158.427	77
158.252	158.665	69
158.253	158.616	53
158.253	158.665	65
158.427	158.665	77
158.616	159.263	53
158.617	159.263	57
158.79	158.974	77
158.974	159.159	77
159.159	159.337	77
159.337	159.701	53
159.338	159.705	57
159.515	159.701	77
159.701	159.884	77
159.701	160.069	53
159.702	160.07	55
159.702	160.069	58
159.884	160.201	77
160.069	160.66	53
160.069	160.66	58
160.07	160.66	55
160.243	160.433	77
160.433	160.611	77
160.611	160.79	77
160.79	161.16	53
160.791	161.165	59
160.793	161.165	56
160.975	161.158	77
161.158	161.336	77
161.16	161.885	53
161.161	161.521	60
161.164	161.522	57
161.336	161.522	77
161.523	161.888	57
161.525	161.889	61
161.7	161.889	77
161.892	162.071	77
161.893	162.634	53
161.893	162.256	62
161.893	162.257	58
162.071	162.26	77
162.26	162.634	59
162.263	162.638	62
162.448	162.638	77
162.639	162.725	77
162.641	164.09	63
162.641	164.091	60
162.642	164.093	53
162.819	163.002	65
163.002	163.18	64
163.181	163.365	65
163.366	163.547	66
163.548	163.729	67
163.73	163.912	68
163.912	164.094	69
164.097	164.279	70
164.279	164.457	71
164.458	164.643	72
164.643	164.821	73
164.822	165.006	74
165.011	165.193	75
165.196	165.385	76
165.389	165.594	77
165.595	166.145	77
165.958	166.326	58
166.141	166.327	74
166.327	166.505	70
166.33	166.687	62
166.688	166.88	70
166.688	167.065	67
167.066	167.429	75
167.066	167.43	60
167.43	167.79	79
167.432	167.791	63
167.793	168.161	69
167.793	168.161	65
168.162	168.525	63
168.528	168.706	72
168.529	168.891	62
168.707	168.892	70
168.892	169.071	74
168.896	169.252	57
169.074	169.253	72
169.253	169.438	75
169.256	169.616	58
169.438	169.621	74
169.621	169.806	77
169.622	169.98	51
169.623	169.985	60
169.806	169.987	75
169.987	170.533	74
169.988	170.719	58
169.988	171.094	53
170.534	170.628	75
170.629	170.723	74
170.723	170.901	72
170.724	171.094	57
170.902	171.095	74
171.097	171.279	75
171.28	171.472	76
171.472	172.018	77
171.835	172.192	58
172.018	172.081	75
172.081	172.136	74
172.141	172.196	72
172.199	172.382	70
172.2	172.56	62
172.561	172.746	70
172.561	172.931	67
172.931	173.292	75
172.935	173.293	60
173.295	173.659	79
173.296	173.659	63
173.66	174.02	69
173.663	174.02	65
174.021	174.384	63
174.205	174.384	69
174.387	174.566	70
174.387	174.752	62
174.567	174.752	74
174.752	174.93	67
174.753	175.115	51
174.755	175.116	63
174.93	175.118	72
175.119	175.486	70
175.119	175.487	62
175.119	175.864	53
175.489	175.865	69
175.49	175.865	60
175.868	176.049	70
175.869	176.235	58
176.05	176.14	65
176.235	176.329	67
176.417	176.508	69
176.596	176.686	70
176.781	176.869	72
176.956	177.047	74
177.134	177.233	75
177.328	177.986	58
177.335	177.986	77
177.514	177.874	65
177.692	177.986	62
177.874	178.058	74
177.874	178.059	65
178.059	178.237	70
178.062	178.237	55
178.241	178.419	62
178.42	178.605	70
178.42	178.605	58
178.606	178.79	62
178.791	179.018	75
178.791	179.102	51
178.973	179.102	77
178.974	179.154	60
179.018	179.102	75
179.064	179.109	74
179.11	179.158	75
179.159	179.515	79
179.159	179.336	55
179.337	179.518	60
179.518	179.889	69
179.519	179.7	53
179.704	179.889	63
179.889	180.064	60
180.067	180.254	63
180.254	180.432	72
180.255	180.61	62
180.432	180.614	70
180.614	180.799	74
180.617	181.345	62
180.618	180.977	57
180.799	180.978	72
180.978	181.163	75
180.982	181.346	58
181.163	181.346	74
181.348	181.524	77
181.349	181.709	51
181.349	181.71	60
181.524	181.713	75
181.714	182.262	74
181.716	182.444	58
181.716	182.812	53
182.263	182.353	75
182.354	182.448	74
182.451	182.626	72
182.451	182.812	57
182.629	182.815	74
182.815	183.004	75
183.005	183.196	76
183.197	183.886	77
183.197	183.886	58
183.375	183.744	65
183.564	183.886	62
183.744	183.886	75
183.744	183.921	65
183.806	183.886	74
183.866	183.922	72
183.924	184.012	70
183.925	184.103	55
184.103	184.194	70
184.104	184.289	62
184.289	184.373	70
184.29	184.475	58
184.475	184.565	70
184.478	184.656	62
184.66	184.888	75
184.663	184.978	51
184.842	184.978	77
184.843	185.017	60
184.888	184.971	75
184.926	184.978	74
184.971	185.02	75
185.02	185.384	79
185.024	185.198	55
185.199	185.384	60
185.385	185.749	69
185.388	185.562	53
185.566	185.752	63
185.752	185.93	60
185.931	186.108	81
185.931	186.112	63
186.113	186.486	82
186.113	186.836	58
186.115	186.486	50
186.232	186.486	77
186.354	186.486	74
186.477	186.829	79
186.479	186.837	51
186.592	186.829	75
186.715	186.837	72
186.838	187.218	77
186.84	187.218	62
186.841	187.568	53
186.959	187.218	74
187.082	187.218	70
187.198	187.568	75
187.201	187.568	63
187.32	187.568	72
187.442	187.568	69
187.565	187.95	70
187.566	187.95	58
187.568	187.951	62
187.953	188.339	46
188.149	188.342	65
188.342	188.432	70
188.531	188.625	69
188.716	188.81	70
188.909	189	72
189.101	189.493	74
189.494	189.882	70
189.497	189.882	74
189.498	189.885	58
189.885	190.27	70
189.889	190.274	74
189.889	190.274	55
190.278	190.663	72
190.278	190.663	75
190.279	190.663	51
190.664	191.054	72
190.666	191.058	69
190.666	191.058	53
191.058	191.439	41
191.254	191.44	65
191.443	191.53	72
191.629	191.722	70
191.814	191.909	72
192.006	192.101	74
192.199	192.595	75
192.595	192.982	67
192.596	192.983	75
192.597	192.986	60
192.987	193.378	75
192.989	193.379	72
192.99	193.379	57
193.382	193.767	77
193.383	193.768	69
193.383	193.77	53
193.77	194.163	70
193.771	194.163	74
193.774	194.164	58
194.166	194.544	46
194.358	194.544	70
194.548	194.638	74
194.733	194.824	75
194.914	195.009	77
195.1	195.194	79
195.285	195.475	80
195.66	195.86	65
195.661	195.864	68
195.661	195.864	58
195.661	195.866	50
195.664	195.867	38
196.059	196.258	68
196.059	196.259	58
196.06	196.259	65
196.063	196.262	38
196.063	196.263	50
196.459	196.675	68
196.462	196.675	65
196.462	196.676	60
196.466	196.679	48
196.466	196.679	36
196.888	197.281	65
196.889	197.282	62
196.892	197.282	67
196.893	197.282	47
196.893	197.284	35
197.285	197.652	59
197.469	197.653	74
197.653	197.743	79
197.833	197.928	78
198.023	198.113	79
198.023	198.387	67
198.024	198.387	58
198.208	198.303	74
198.387	198.586	77
198.391	198.775	60
198.391	198.776	67
198.587	198.779	75
198.779	199.146	48
198.968	199.149	67
199.15	199.241	72
199.242	199.332	71
199.335	199.423	74
199.423	199.514	72
199.515	199.601	75
199.602	199.689	74
199.689	199.78	77
199.784	199.867	75
199.868	200.053	79
200.238	200.441	67
200.242	200.442	60
200.242	200.444	63
200.243	200.445	36
200.245	200.445	48
200.645	200.844	60
200.648	200.845	63
200.648	200.845	67
200.649	200.845	48
200.652	200.847	36
201.047	201.26	60
201.047	201.26	66
201.051	201.264	63
201.051	201.264	34
201.051	201.267	46
201.481	201.866	63
201.482	201.867	65
201.484	201.867	60
201.484	201.867	45
201.485	201.869	33
201.87	202.237	57
202.054	202.238	72
202.24	202.328	77
202.422	202.513	76
202.608	202.698	77
202.608	202.979	57
202.612	202.979	65
202.793	202.888	72
202.979	203.171	75
202.983	203.361	58
202.983	203.361	65
203.172	203.364	74
203.367	203.728	46
203.486	203.609	82
203.609	203.729	81
203.731	203.85	82
203.85	203.966	81
203.97	204.088	79
204.089	204.208	77
204.211	204.329	75
204.334	204.452	74
204.453	204.638	72
204.642	204.823	51
204.827	205.012	58
204.946	205.068	72
205.013	205.191	55
205.069	205.191	74
205.195	205.313	75
205.195	205.559	60
205.314	205.436	74
205.437	205.559	72
205.56	205.677	79
205.682	205.8	77
205.803	205.922	75
205.923	206.279	74
206.104	206.283	53
206.286	206.461	58
206.402	206.528	82
206.465	206.647	56
206.528	206.649	81
206.65	206.769	82
206.651	207.007	62
206.769	206.891	80
206.896	207.008	79
207.011	207.13	77
207.134	207.252	75
207.254	207.378	74
207.379	207.747	75
207.561	207.747	55
207.747	207.925	63
207.87	207.985	75
207.926	208.108	58
207.986	208.108	77
208.109	208.226	79
208.111	208.472	67
208.23	208.349	77
208.352	208.472	75
208.475	208.601	82
208.602	208.723	80
208.723	208.849	79
208.85	209.216	77
209.028	209.217	50
209.217	209.396	58
209.336	209.459	82
209.396	209.581	53
209.459	209.582	81
209.584	209.696	82
209.585	209.941	62
209.696	209.819	80
209.822	209.942	79
209.942	210.061	77
210.064	210.182	79
210.186	210.305	80
210.306	210.428	79
210.309	212.489	51
210.428	210.55	82
210.551	210.673	81
210.674	210.796	79
210.796	210.914	81
210.919	211.037	82
211.041	211.159	75
211.041	211.764	55
211.16	211.282	79
211.282	211.405	77
211.405	211.52	75
211.521	211.642	77
211.642	211.765	79
211.765	211.884	72
211.766	212.49	60
211.885	212.007	75
212.01	212.128	74
212.132	212.244	72
212.245	212.367	74
212.371	212.493	75
212.494	212.608	67
212.494	213.214	60
212.495	213.215	52
212.612	212.734	70
212.735	212.853	69
212.854	212.969	67
212.973	213.091	69
213.092	213.217	70
213.217	213.495	69
213.221	213.56	53
213.309	213.56	65
213.402	213.56	67
213.403	213.581	60
213.495	213.582	69
213.582	213.935	70
213.585	213.935	57
213.676	213.935	72
213.761	213.935	74
213.764	213.939	60
213.854	213.942	76
213.942	214.334	77
213.946	214.334	53
214.033	214.334	79
214.128	214.334	81
214.131	214.334	60
214.212	214.334	82
214.303	214.492	84
214.304	214.492	57
214.489	214.579	75
214.491	214.674	60
214.674	214.947	74
214.675	215.02	53
214.762	215.02	70
214.853	215.02	72
214.855	215.03	62
214.947	215.034	74
215.034	215.38	75
215.038	215.38	58
215.126	215.38	77
215.214	215.38	79
215.216	215.391	62
215.304	215.392	81
215.395	215.744	82
215.395	215.744	53
215.486	215.744	84
215.574	215.744	86
215.574	215.751	62
215.664	215.752	87
215.755	216.049	89
215.756	216.049	58
215.941	216.122	82
215.941	216.126	62
216.127	216.491	81
216.127	216.493	53
216.211	216.396	82
216.305	216.493	84
216.307	216.493	63
216.396	216.493	82
216.491	216.865	81
216.491	216.865	60
216.578	216.865	82
216.669	216.865	84
216.672	216.865	63
216.757	216.865	86
216.851	217.212	87
216.852	217.212	53
216.938	217.212	86
217.03	217.212	84
217.032	217.212	60
217.117	217.212	82
217.211	217.579	81
217.211	217.579	57
217.295	217.579	79
217.393	217.579	77
217.394	217.579	60
217.484	217.579	75
217.576	217.848	74
217.579	217.957	53
217.663	217.957	77
217.754	217.943	75
217.758	217.957	62
217.848	217.957	74
217.943	218.304	75
217.943	218.304	58
218.034	218.304	77
218.122	218.304	79
218.124	218.304	62
218.212	218.304	81
218.3	218.632	82
218.304	218.632	53
218.395	218.632	81
218.483	218.632	79
218.485	218.667	62
218.573	218.668	77
218.668	219.046	75
218.67	219.046	58
218.759	219.046	74
218.847	219.042	72
218.849	219.046	62
218.94	219.046	70
219.039	219.219	77
219.041	219.224	69
219.042	219.227	72
219.042	219.409	57
219.042	219.409	60
219.045	219.412	53
219.413	219.605	65
219.798	220.343	72
219.798	219.976	51
219.98	220.165	53
220.165	220.344	51
220.344	220.435	69
220.347	220.522	53
220.438	220.526	65
220.526	220.894	70
220.527	220.711	50
220.712	220.894	53
220.897	221.264	71
220.9	221.079	50
221.082	221.268	53
221.268	221.81	72
221.271	221.446	51
221.446	221.624	53
221.628	221.814	51
221.814	221.901	69
221.816	221.992	53
221.902	221.993	65
221.993	222.353	70
221.995	222.171	50
222.174	222.353	53
222.354	222.538	50
222.539	222.724	53
222.724	222.815	72
222.727	222.909	51
222.909	223.269	72
222.912	223.091	53
223.091	223.27	51
223.27	223.361	69
223.273	223.455	53
223.364	223.455	65
223.459	223.543	70
223.459	223.637	50
223.637	223.728	70
223.638	223.819	53
223.82	223.913	71
223.822	224.005	50
224.005	224.092	71
224.008	224.186	53
224.187	224.281	72
224.187	224.365	51
224.365	224.733	72
224.369	224.547	53
224.548	224.733	51
224.734	224.82	69
224.735	224.911	53
224.821	224.912	65
224.914	225.279	70
224.915	225.093	50
225.094	225.28	65
225.28	225.457	62
225.458	225.639	65
225.639	226.023	83
225.64	226.007	63
225.73	225.91	84
225.818	226.023	86
225.821	226.023	65
225.91	226.023	84
226.007	226.365	82
226.007	226.367	63
226.091	226.367	81
226.186	226.367	79
226.187	226.367	65
226.276	226.367	77
226.365	226.644	82
226.367	226.735	62
226.458	226.728	77
226.55	226.728	86
226.644	226.735	82
226.739	226.917	89
226.823	227.008	86
226.917	227.015	89
227.008	227.095	86
227.096	227.186	89
227.189	227.281	87
227.281	227.369	86
227.369	227.459	84
227.46	227.547	82
227.463	227.826	58
227.463	227.827	50
227.55	227.641	81
227.641	227.732	79
227.736	227.827	77
227.83	228.1	79
227.831	228.192	51
227.831	228.192	58
227.914	228.192	75
228.005	228.191	82
228.1	228.192	79
228.191	228.366	82
228.278	228.461	81
228.366	228.516	82
228.461	228.544	81
228.548	228.639	82
228.639	228.729	81
228.734	228.821	79
228.822	228.912	77
228.912	228.996	75
228.913	229.276	58
228.915	229.279	60
228.915	229.279	51
229	229.09	74
229.094	229.185	72
229.186	229.283	70
229.283	229.324	65
229.284	229.457	53
229.363	229.458	77
229.458	229.549	79
229.461	229.64	62
229.549	229.64	77
229.64	229.73	75
229.641	229.822	58
229.731	229.825	74
229.826	229.909	72
229.826	230.003	62
229.909	230.004	70
230.004	230.137	74
230.008	230.378	53
230.074	230.207	72
230.137	230.277	74
230.186	230.378	63
230.207	230.347	72
230.277	230.378	74
230.347	230.48	72
230.368	230.686	57
230.417	230.686	74
230.48	230.641	72
230.551	230.686	70
230.553	230.728	63
230.641	230.729	72
230.731	230.823	74
230.732	231.092	58
230.823	230.914	75
230.914	231.001	77
231.002	231.096	75
231.096	231.18	74
231.183	231.275	72
231.275	231.368	70
231.277	231.453	60
231.369	231.453	69
231.456	231.547	70
231.46	231.82	62
231.547	231.638	72
231.642	231.725	74
231.729	231.82	72
231.821	231.908	70
231.908	231.998	68
231.999	232.093	67
232.003	232.181	38
232.003	232.181	50
232.093	232.181	66
232.184	232.271	67
232.184	232.545	39
232.185	232.545	51
232.272	232.366	69
232.367	232.454	70
232.454	232.549	69
232.549	232.632	67
232.633	232.727	65
232.728	232.814	63
232.814	232.905	62
232.906	232.996	60
232.999	233.091	62
233.092	233.178	63
233.182	233.272	62
233.273	233.357	60
233.358	233.451	58
233.451	233.543	57
233.546	233.636	55
233.637	233.819	53
233.64	235.086	41
233.641	235.089	29
233.819	233.909	55
233.91	234.004	57
234.005	234.088	58
234.092	234.183	60
234.183	234.27	62
234.271	234.365	63
234.366	234.456	67
234.456	234.539	65
234.544	234.634	63
234.637	234.729	62
234.729	234.817	63
234.817	234.907	65
234.908	234.995	67
234.996	235.093	69
235.093	235.176	70
235.094	235.45	41
235.094	235.45	50
235.096	235.451	46
235.177	235.267	69
235.268	235.362	67
235.363	235.451	65
235.454	235.54	67
235.541	235.628	69
235.629	235.723	70
235.723	235.807	72
235.807	235.901	74
235.811	236.174	46
235.811	236.175	50
235.814	236.175	41
235.902	235.989	72
235.989	236.08	70
236.083	236.177	69
236.178	236.261	70
236.262	236.353	72
236.353	236.44	74
236.444	236.534	75
236.535	236.713	77
236.535	236.899	58
236.538	236.899	53
236.539	236.899	62
236.629	236.807	74
236.713	236.899	77
236.807	236.899	74
236.899	237.074	82
236.99	237.165	77
237.074	237.347	82
237.165	237.977	77
237.256	237.435	86
237.347	237.526	82
237.435	237.704	86
237.526	237.973	82
237.613	237.795	89
237.704	237.879	86
237.795	237.977	89
237.879	237.977	86
237.973	238.149	82
238.061	238.24	86
238.149	238.422	82
238.24	239.411	86
238.327	238.509	77
238.422	238.596	82
238.509	238.781	77
238.596	239.411	82
238.687	238.869	74
238.781	238.957	77
238.869	239.139	74
238.957	239.411	77
239.048	239.23	70
239.139	239.321	74
239.23	239.411	70
239.321	239.411	74
239.409	239.594	65
239.41	239.595	53
239.595	239.775	62
239.78	240.326	77
239.782	239.958	58
239.961	240.143	62
240.144	240.326	53
240.326	240.416	79
240.329	240.504	62
240.417	240.505	77
240.507	240.598	75
240.508	240.685	58
240.598	240.686	74
240.686	240.776	72
240.689	240.864	62
240.777	240.865	70
240.868	242.143	70
240.869	241.599	53
240.927	241.054	72
240.991	241.109	74
241.054	241.173	72
241.054	241.418	63
241.109	241.236	74
241.173	241.295	72
241.236	241.351	74
241.239	241.965	60
241.295	241.418	72
241.351	241.474	74
241.418	241.536	72
241.418	241.779	63
241.474	241.597	74
241.536	241.656	72
241.597	241.719	74
241.599	242.331	53
241.656	241.778	72
241.719	241.841	74
241.778	241.897	72
241.779	242.145	63
241.841	241.964	74
241.897	242.048	72
241.964	242.331	74
241.965	242.331	60
242.048	242.236	72
242.143	242.328	70
242.145	242.331	63
242.236	242.331	72
242.328	242.514	70
242.331	242.699	58
242.331	242.696	62
242.514	242.768	70
242.696	243.296	62
242.699	243.296	58
242.873	243.056	70
243.056	243.241	70
243.241	243.598	70
243.42	243.785	62
243.42	243.784	58
243.598	243.785	70
243.783	243.959	72
243.784	244.147	58
243.784	244.147	69
243.959	244.256	72
244.147	244.788	58
244.147	244.788	69
244.325	244.508	72
244.508	244.683	72
244.683	244.862	72
244.865	245.233	58
244.869	245.236	69
245.05	245.236	72
245.233	245.411	74
245.233	245.592	58
245.236	245.59	68
245.411	245.775	74
245.59	245.953	68
245.592	245.957	58
245.775	245.957	74
245.96	246.135	75
245.961	246.318	67
245.961	246.318	58
246.135	246.373	75
246.318	246.681	67
246.318	246.682	58
246.496	246.682	76
246.682	246.864	77
246.685	247.043	62
246.686	247.043	58
246.864	247.165	77
247.043	247.406	58
247.043	247.409	62
247.22	247.409	78
247.409	247.588	79
247.41	247.77	58
247.413	247.784	63
247.588	247.784	79
247.77	247.864	81
247.77	248.145	58
247.771	248.145	60
247.955	248.05	81
248.145	248.546	74
248.148	248.326	58
248.148	248.326	46
248.235	248.414	82
248.324	248.505	86
248.326	248.546	58
248.326	248.546	46
248.414	248.546	82
248.505	248.684	86
248.599	248.778	82
248.684	248.886	86
248.684	248.886	46
248.687	248.886	58
248.778	248.886	82
248.866	249.208	74
248.869	249.048	62
248.869	249.047	50
248.957	249.14	82
249.047	249.208	86
249.047	249.208	50
249.048	249.208	62
249.14	249.229	82
249.23	249.412	86
249.317	249.499	82
249.412	249.594	86
249.412	249.594	46
249.413	249.594	58
249.499	249.594	82
249.593	249.961	74
249.594	249.776	43
249.594	249.776	55
249.677	249.86	82
249.772	249.95	86
249.776	249.961	43
249.776	249.961	55
249.86	249.961	82
249.95	250.129	86
250.042	250.224	82
250.129	250.315	86
250.132	250.315	43
250.133	250.315	55
250.224	250.315	82
250.314	250.643	74
250.314	250.493	58
250.315	250.493	46
250.402	250.584	82
250.492	250.643	86
250.493	250.643	58
250.493	250.643	46
250.584	250.675	82
250.675	250.857	86
250.763	250.949	82
250.857	251.04	86
250.858	251.04	43
250.86	251.04	55
250.949	251.04	82
251.037	251.354	74
251.039	251.225	38
251.039	251.225	50
251.127	251.316	82
251.224	251.354	86
251.225	251.354	50
251.225	251.354	38
251.316	251.407	82
251.407	251.593	86
251.501	251.687	82
251.593	251.805	86
251.595	251.805	38
251.595	251.805	50
251.687	251.805	82
251.787	251.882	74
251.788	251.988	51
251.788	251.988	39
251.883	252.086	82
251.984	252.195	86
251.988	252.211	39
251.988	252.211	51
252.086	252.211	82
252.195	252.404	86
252.196	252.404	52
252.196	252.404	40
252.295	252.505	82
252.404	252.681	86
252.404	252.688	40
252.404	252.688	52
252.505	252.681	82
252.681	254.115	82
252.681	254.115	86
252.684	254.115	74
252.684	254.115	77
252.684	254.115	41
252.687	254.115	53
254.234	254.322	65
254.322	254.406	69
254.407	254.493	67
254.497	254.581	70
254.581	254.668	69
254.669	254.759	72
254.763	254.857	70
254.959	255.046	69
255.047	255.137	72
255.141	255.225	70
255.225	255.32	74
255.32	255.407	72
255.408	255.498	75
255.499	255.589	74
255.683	255.778	72
255.779	255.876	75
255.876	255.967	74
255.971	256.065	77
256.068	256.163	75
256.166	256.271	79
256.272	256.457	53
256.273	256.818	77
256.458	256.635	62
256.638	256.817	58
256.818	257.003	74
256.818	257.004	62
257.004	257.182	70
257.006	257.185	53
257.185	257.363	62
257.364	257.546	70
257.364	257.549	58
257.549	257.734	62
257.735	257.912	75
257.738	257.913	53
257.916	257.961	77
257.917	258.102	63
257.962	258.007	75
258.008	258.053	74
258.054	258.102	75
258.103	258.459	79
258.103	258.276	60
258.281	258.459	63
258.46	258.83	69
258.463	258.644	53
258.645	258.83	63
258.834	259.012	60
259.013	259.201	63
259.205	259.852	53
259.206	259.852	77
259.383	259.752	61
259.564	259.852	58
259.751	259.929	73
259.752	259.93	61
259.93	260.108	70
259.932	260.108	53
260.111	260.293	61
260.297	260.479	70
260.297	260.479	58
260.482	260.66	61
260.661	260.892	75
260.664	260.972	53
260.846	260.972	77
260.849	261.024	63
260.892	260.972	75
260.934	260.979	74
260.98	261.024	75
261.025	261.392	78
261.028	261.203	60
261.207	261.392	63
261.393	261.756	69
261.396	261.57	53
261.571	261.756	63
261.76	261.938	60
261.939	262.124	63
262.124	262.214	70
262.125	262.487	54
262.125	262.49	61
262.309	262.491	82
262.491	262.67	84
262.67	262.855	85
262.856	263.034	84
263.037	263.212	82
263.213	263.398	80
263.401	263.579	78
263.58	264.318	77
263.583	265.049	54
263.764	263.943	58
263.947	264.129	60
264.133	264.318	61
264.319	265.05	76
264.322	264.496	61
264.497	264.682	60
264.682	264.864	60
264.865	265.05	58
265.052	265.228	77
265.053	265.418	57
265.053	265.418	53
265.228	265.596	77
265.418	266.064	57
265.418	266.064	53
265.596	265.778	77
265.778	265.956	77
265.956	266.138	77
266.139	266.505	53
266.141	266.506	57
266.32	266.503	77
266.503	266.684	77
266.505	266.87	53
266.505	266.87	58
266.506	266.869	55
266.684	267.002	77
266.869	267.45	55
266.87	267.45	58
266.87	267.45	53
267.044	267.235	77
267.235	267.413	77
267.413	267.591	77
267.591	267.965	56
267.592	267.965	59
267.594	267.964	53
267.776	267.962	77
267.962	268.137	77
267.962	268.326	57
267.963	268.33	60
267.964	268.689	53
268.137	268.33	77
268.326	268.69	57
268.326	268.69	61
268.501	268.691	77
268.693	268.875	77
268.694	269.057	58
268.694	269.06	62
268.695	269.443	53
268.875	269.061	77
269.064	269.445	59
269.065	269.445	62
269.25	269.442	77
269.442	270.905	77
269.443	270.905	63
269.443	270.905	53
269.445	270.905	60
269.624	269.803	81
269.803	270.905	81
269.985	270.17	84
270.17	270.716	84
270.349	270.534	87
270.534	270.905	87
270.716	270.905	84
270.905	271.531	84
271.08	271.266	81
271.266	271.531	81
271.448	271.629	77
271.63	271.822	77
271.822	272.014	76
272.015	272.21	76
272.214	272.438	77
272.438	272.634	77
272.442	272.635	53
272.635	272.827	76
272.637	272.827	57
272.827	273.596	75
272.83	273.022	57
273.026	273.215	60
273.218	273.401	60
273.404	273.601	63
273.601	274.335	75
273.603	273.779	63
273.779	273.964	60
273.965	274.15	60
274.15	274.339	57
274.339	274.615	75
274.34	274.52	57
274.525	274.71	53
274.71	274.993	75
274.711	274.898	54
274.899	275.084	55
275.084	275.357	75
275.085	275.262	56
275.266	275.452	57
275.452	275.857	74
275.455	275.637	58
275.637	275.857	58
275.823	276.195	77
275.826	276.195	68
276.001	276.194	58
276.193	276.645	75
276.194	276.645	67
276.194	276.369	58
276.369	276.645	58
276.551	276.919	74
276.554	276.919	66
276.733	276.919	58
276.916	277.307	67
276.918	277.307	75
276.919	277.101	58
277.101	277.307	58
277.296	277.713	79
277.296	277.713	70
277.464	277.657	58
277.653	278.017	77
277.657	278.017	68
277.657	277.832	58
277.832	278.017	58
278.021	278.389	76
278.021	278.389	67
278.195	278.389	58
278.385	278.846	68
278.389	278.75	77
278.389	278.57	58
278.57	278.846	58
278.75	279.154	77
278.753	279.154	80
278.934	279.119	58
279.117	279.508	75
279.118	279.508	79
279.119	279.295	58
279.295	279.508	58
279.477	279.845	77
279.477	279.845	74
279.655	279.848	58
279.844	280.023	79
279.845	280.024	74
279.845	280.026	77
279.845	280.198	59
280.023	280.141	79
280.024	280.141	74
280.026	280.141	77
280.198	280.565	47
280.201	280.565	59
280.376	280.569	74
280.38	280.569	77
280.38	280.57	79
280.57	280.75	87
280.572	280.751	75
280.572	280.749	79
280.572	280.929	60
280.573	280.929	48
280.749	280.838	79
280.75	280.838	87
280.751	280.839	75
280.933	281.296	58
280.933	281.297	46
281.111	281.297	79
281.112	281.3	72
281.112	281.301	75
281.301	281.482	77
281.304	281.48	72
281.304	281.482	75
281.304	281.657	45
281.305	281.658	57
281.48	281.633	72
281.482	281.633	75
281.482	281.633	77
281.658	282.014	57
281.66	282.018	45
281.836	282.018	72
281.836	282.021	77
281.837	282.022	75
282.022	282.2	77
282.023	282.2	74
282.024	282.201	86
282.025	282.374	46
282.025	282.378	58
282.2	282.353	74
282.2	282.353	77
282.201	282.353	86
282.379	282.742	57
282.379	282.743	45
282.56	282.743	70
282.564	282.746	77
282.564	282.746	74
282.747	282.932	74
282.749	282.932	70
282.75	282.933	75
282.75	283.106	55
282.753	283.11	43
282.932	283.089	74
282.932	283.089	70
282.933	283.089	75
283.111	283.47	43
283.111	283.474	55
283.289	283.477	75
283.289	283.477	74
283.289	283.478	70
283.478	283.659	84
283.481	283.656	72
283.481	283.66	75
283.482	283.838	57
283.484	283.838	45
283.656	283.82	72
283.659	283.82	84
283.66	283.82	75
283.841	284.206	43
283.841	284.206	55
284.019	284.206	72
284.019	284.209	69
284.02	284.209	75
284.209	284.388	72
284.213	284.391	69
284.213	284.387	74
284.213	284.569	54
284.214	284.57	42
284.387	284.549	74
284.388	284.549	72
284.391	284.549	69
284.573	284.936	54
284.573	284.937	42
284.755	284.937	69
284.755	284.94	72
284.758	284.941	74
284.941	285.122	82
284.942	285.119	74
284.943	285.122	70
284.944	285.297	43
284.944	285.298	55
285.119	285.237	74
285.122	285.237	70
285.122	285.237	82
285.298	285.661	53
285.3	285.662	41
285.483	285.665	70
285.483	285.666	67
285.483	285.666	74
285.666	285.855	72
285.668	285.854	70
285.669	285.854	67
285.672	286.032	39
285.673	286.032	51
285.854	286.032	67
285.854	286.032	70
285.855	286.032	72
285.857	286.032	55
286.029	286.214	58
286.215	286.393	72
286.215	286.393	55
286.396	286.574	82
286.396	286.575	51
286.575	286.666	82
286.576	286.753	55
286.753	286.938	82
286.757	286.942	58
286.943	287.118	72
286.943	287.118	55
287.121	287.211	74
287.125	287.306	53
287.306	287.39	74
287.307	287.484	56
287.485	287.67	58
287.671	287.845	74
287.671	287.846	56
287.846	288.031	82
287.848	288.031	53
288.032	288.119	82
288.034	288.202	56
288.205	288.384	82
288.206	288.384	58
288.385	288.569	74
288.388	288.57	56
288.57	288.661	75
288.573	288.749	55
288.752	288.842	75
288.752	288.937	58
288.937	289.115	63
289.116	289.294	76
289.117	289.298	58
289.298	289.389	77
289.301	289.483	50
289.484	289.571	77
289.484	289.662	56
289.662	289.847	58
289.848	290.03	78
289.85	290.03	56
290.03	290.215	79
290.031	290.216	51
290.216	290.299	79
290.217	290.393	63
290.394	290.484	81
290.396	290.579	48
290.579	290.673	81
290.582	290.764	60
290.765	290.859	82
290.765	290.95	50
290.95	291.04	82
290.951	291.135	62
291.136	291.23	84
291.138	291.328	45
291.328	291.418	84
291.328	291.52	57
291.52	292.295	85
291.521	292.319	46
291.521	292.319	58
292.102	292.319	84
292.148	292.246	82
292.196	292.319	81
292.246	292.319	82
292.295	293.095	85
292.298	293.099	42
292.298	293.099	54
292.896	293.099	84
292.941	293.04	82
292.994	293.099	81
293.04	293.099	82
293.095	294.573	85
293.096	294.222	40
293.096	294.222	52
294.296	294.573	82
294.384	294.573	79
294.468	294.573	76
294.562	294.919	73
294.65	294.919	70
294.744	294.919	67
294.835	294.933	64
294.933	295.314	61
295.028	295.314	58
295.125	295.314	55
295.224	295.321	52
295.322	295.759	50
295.427	295.759	46
295.531	295.759	43
295.633	295.759	40
295.746	296.844	41
295.748	296.844	53
296.934	297.117	57
297.034	297.134	55
297.134	297.408	53
297.226	297.408	55
297.32	297.408	57
297.407	297.999	58
297.499	297.999	60
297.586	297.999	62
297.674	297.999	63
297.754	297.999	65
297.835	297.999	67
297.922	298.002	69
298.006	298.443	70
298.08	298.443	72
298.16	298.443	74
298.237	298.443	75
298.314	298.443	77
298.387	298.461	79
298.461	298.915	81
298.531	298.915	82
298.608	298.915	84
298.678	298.915	86
298.748	298.915	87
298.818	298.915	89
299.784	299.976	70
299.98	300.071	70
300.071	300.161	72
300.162	300.249	74
300.25	300.344	72
300.344	300.428	74
300.432	300.515	72
300.516	300.603	74
300.604	300.687	72
300.687	300.771	74
300.771	300.854	72
300.855	300.935	74
300.936	301.016	72
301.016	301.093	74
301.093	301.173	72
301.174	301.331	74
301.176	303.379	60
301.177	303.379	63
301.177	303.382	53
301.177	303.382	57
301.248	301.408	72
301.331	301.485	74
301.408	301.563	72
301.485	301.639	74
301.563	301.72	72
301.639	301.775	74
301.72	301.792	72
301.793	302.248	71
301.878	302.248	72
301.954	302.248	74
302.035	302.248	75
302.108	302.248	77
302.186	302.258	79
302.258	302.654	81
302.336	302.654	82
302.409	302.654	84
302.479	302.626	86
302.556	302.654	87
302.626	302.693	86
302.696	303.039	89
302.783	303.038	87
302.864	303.039	86
302.948	303.039	84
303.038	303.36	87
303.123	303.36	86
303.208	303.36	84
303.291	303.36	82
303.382	303.694	86
303.459	303.694	84
303.547	303.694	82
303.634	303.694	81
303.714	304.05	84
303.803	304.05	82
303.889	304.05	81
303.97	304.05	79
304.058	304.331	81
304.229	304.401	79
304.401	304.481	77
304.568	304.656	75
304.736	305.045	79
304.911	305.086	77
305.087	305.174	75
305.258	305.346	74
305.433	305.689	79
305.608	305.786	77
305.787	305.874	75
305.962	306.048	74
306.14	306.703	77
306.497	306.854	75
306.857	307.028	74
307.208	307.389	72
307.565	307.655	70
307.75	307.845	72
307.935	308.026	73
308.128	308.226	74
308.323	309.346	75
309.347	310.644	76
310.645	311.194	77
311.012	311.372	58
311.194	311.372	74
311.376	311.557	70
311.377	311.737	62
311.737	311.929	70
311.74	312.115	67
312.115	312.296	75
312.117	312.481	60
312.297	312.342	77
312.343	312.388	75
312.388	312.437	74
312.437	312.482	75
312.482	312.842	79
312.485	312.843	63
312.843	313.206	69
312.845	313.207	65
313.21	313.577	63
313.392	313.578	69
313.581	313.76	72
313.582	313.938	62
313.76	313.939	70
313.941	314.123	74
313.942	314.67	65
313.942	314.302	57
314.124	314.305	72
314.305	314.483	75
314.306	314.67	58
314.487	314.671	74
314.673	314.848	77
314.673	315.034	51
314.674	315.037	60
314.851	315.037	75
315.041	315.586	74
315.041	315.768	58
315.041	316.139	53
315.586	315.678	75
315.681	315.769	74
315.769	315.954	72
315.771	316.14	57
315.954	316.14	74
316.14	316.329	75
316.329	316.521	76
316.522	317.066	77
316.522	316.616	46
316.7	316.888	58
316.888	317.067	62
317.067	317.126	75
317.071	317.246	58
317.127	317.189	74
317.19	317.249	72
317.25	317.428	70
317.25	317.34	43
317.428	317.518	70
317.429	317.606	55
317.606	317.696	70
317.61	317.791	58
317.795	317.976	70
317.796	317.981	55
317.981	318.162	75
317.982	318.071	36
318.163	318.212	77
318.166	318.344	48
318.212	318.25	75
318.25	318.296	74
318.299	318.345	75
318.348	318.712	79
318.348	318.523	51
318.524	318.713	48
318.713	319.069	69
318.714	318.796	41
318.887	319.07	53
319.072	319.255	57
319.255	319.436	77
319.258	319.437	53
319.437	319.79	74
319.44	319.797	58
319.559	319.79	77
319.679	319.798	82
319.798	320.143	79
319.8	320.161	51
319.923	320.143	75
320.039	320.161	72
320.162	320.508	77
320.165	320.525	53
320.284	320.508	74
320.407	320.529	70
320.53	320.903	75
320.53	320.903	41
320.652	320.903	72
320.771	320.903	69
320.901	321.246	70
320.901	321.263	50
320.903	321.267	58
321.023	321.145	82
321.145	321.267	82
321.267	321.394	82
321.394	321.512	82
321.512	321.634	82
321.635	321.757	82
321.758	321.88	81
321.88	321.995	79
321.996	322.118	77
321.998	322.359	50
321.999	322.363	58
322.118	322.24	75
322.24	322.363	74
322.366	322.738	72
322.367	322.738	58
322.367	322.738	51
322.489	322.605	79
322.605	322.737	79
322.737	322.856	79
322.856	322.979	79
322.979	323.098	79
323.101	323.22	79
323.22	323.342	77
323.343	323.462	75
323.465	323.58	74
323.465	323.822	51
323.469	323.822	57
323.581	323.703	75
323.704	323.826	72
323.826	324.19	76
323.829	324.19	50
323.829	324.914	58
323.913	324.092	77
324.005	324.19	79
324.092	324.19	77
324.186	324.543	75
324.187	324.55	55
324.278	324.543	74
324.364	324.543	72
324.459	324.551	70
324.553	324.729	74
324.554	324.915	51
324.638	324.795	72
324.729	324.852	74
324.795	324.907	72
324.852	324.917	74
324.918	325.037	72
324.921	325.285	57
324.922	325.288	53
324.98	325.253	74
325.037	325.195	72
325.103	325.253	70
325.195	325.289	72
325.292	325.38	70
325.293	325.663	50
325.293	325.667	58
325.474	325.565	82
325.568	325.668	81
325.668	325.751	82
325.751	325.845	81
325.846	325.936	82
325.937	326.031	81
326.031	326.122	82
326.125	326.209	81
326.212	326.303	79
326.303	326.395	77
326.395	326.71	75
326.398	326.762	58
326.398	326.762	50
326.49	326.71	74
326.577	326.71	72
326.671	326.762	70
326.766	326.853	67
326.766	327.133	58
326.766	327.134	51
326.947	327.039	79
327.039	327.134	78
327.136	327.22	79
327.221	327.312	78
327.315	327.406	79
327.406	327.497	78
327.5	327.591	79
327.595	327.686	77
327.686	327.777	75
327.778	327.871	74
327.872	328.235	72
327.872	328.235	51
327.873	328.235	60
327.959	328.235	70
328.05	328.235	69
328.145	328.235	67
328.233	328.586	65
328.235	328.586	53
328.417	328.586	67
328.418	328.603	62
328.509	328.604	69
328.604	328.964	70
328.607	328.964	58
328.694	328.964	72
328.785	328.964	74
328.786	328.967	62
328.877	328.971	75
328.971	329.321	77
328.972	329.321	53
329.055	329.321	79
329.149	329.321	81
329.152	329.328	62
329.237	329.328	82
329.331	329.685	84
329.331	329.685	58
329.416	329.685	86
329.509	329.685	87
329.51	329.685	62
329.594	329.685	89
329.685	330.778	82
329.685	330.417	53
329.745	329.867	84
329.804	329.926	86
329.867	329.989	84
329.87	330.238	63
329.926	330.049	86
329.989	330.112	84
330.049	330.171	86
330.051	330.777	60
330.112	330.235	84
330.171	330.291	86
330.235	330.351	84
330.238	330.597	63
330.291	330.414	86
330.351	330.473	84
330.414	330.529	86
330.417	330.778	53
330.473	330.596	84
330.529	330.652	86
330.596	330.715	84
330.597	330.778	63
330.652	330.775	86
330.715	330.778	84
330.775	331.143	86
330.777	331.143	60
330.869	331.048	84
330.961	331.142	82
330.963	331.143	63
331.048	331.143	84
331.142	331.474	82
331.142	331.474	62
331.328	331.513	58
331.514	331.877	62
331.692	332.056	58
331.877	332.244	62
332.056	332.426	58
332.244	332.619	62
332.423	332.619	70
332.426	332.619	58
332.615	333.207	80
332.619	332.98	65
332.802	333.169	58
332.98	333.207	65
333.168	333.346	77
333.169	333.347	58
333.347	333.532	74
333.35	333.532	68
333.533	333.717	58
333.718	333.896	74
333.718	333.896	68
333.9	334.078	58
334.079	334.261	75
334.079	334.264	67
334.264	334.449	58
334.45	334.634	77
334.453	334.635	62
334.635	334.82	58
334.82	335.005	79
334.821	335.006	63
335.006	335.191	58
335.191	335.377	63
335.378	335.558	79
335.38	335.559	58
335.559	336.283	77
335.562	335.927	60
335.745	336.283	75
335.745	336.113	58
335.926	336.283	74
335.927	336.283	60
336.112	336.293	72
336.113	336.294	58
336.297	337.04	70
336.298	336.664	60
336.477	336.847	69
336.479	336.851	58
336.662	337.044	75
336.664	337.044	60
336.847	337.044	69
336.851	337.043	58
337.04	337.127	70
337.043	337.396	58
337.043	337.396	62
337.217	337.308	72
337.4	337.491	74
337.581	337.669	75
337.764	337.858	76
337.949	338.04	77
338.135	338.225	78
338.32	338.415	79
338.512	339.149	80
338.513	338.877	65
338.692	339.062	58
338.877	339.149	65
339.06	339.149	79
339.062	339.237	58
339.115	339.177	77
339.182	339.238	75
339.238	339.332	74
339.24	339.423	68
339.423	339.51	74
339.427	339.605	58
339.605	339.692	74
339.606	339.784	68
339.784	339.874	74
339.785	339.962	58
339.965	340.336	75
339.966	340.329	67
340.151	340.336	58
340.337	340.456	79
340.337	340.658	62
340.395	340.518	77
340.456	340.658	79
340.518	340.655	77
340.519	340.7	58
340.609	340.658	75
340.655	340.704	77
340.704	341.074	79
340.705	340.886	63
340.887	341.075	58
341.075	341.25	63
341.253	341.438	79
341.254	341.439	58
341.439	342.202	77
341.442	341.807	60
341.625	342.202	75
341.628	341.993	58
341.806	342.202	74
341.807	342.178	60
341.992	342.202	72
341.993	342.202	58
342.178	342.814	70
342.178	342.548	60
342.363	342.741	69
342.364	342.742	58
342.548	342.814	75
342.548	342.814	60
342.741	342.93	69
342.742	342.93	58
342.931	343.312	70
342.933	343.315	62
342.933	343.315	58
343.504	343.69	74
343.693	344.263	77
343.693	344.263	60
343.694	344.431	53
343.871	344.263	75
344.057	344.263	72
344.06	344.435	63
344.249	344.435	69
344.438	344.809	70
344.439	344.81	62
344.439	344.813	58
344.999	345.096	74
345.097	345.194	70
345.195	345.884	77
345.195	345.884	60
345.198	345.971	53
345.387	345.884	75
345.58	345.884	72
345.581	345.972	63
345.775	345.972	69
345.975	346.388	70
345.975	346.391	58
345.975	346.392	62
346.581	346.776	77
346.777	346.975	75
346.78	346.976	72
346.781	346.976	77
346.783	346.979	81
346.784	346.98	53
346.784	346.98	41
347.172	347.375	72
347.175	347.376	81
347.175	347.378	75
347.175	347.378	77
347.179	347.382	41
347.179	347.382	53
347.577	347.784	70
347.581	347.784	82
347.582	347.785	74
347.582	347.785	77
347.585	347.788	34
347.585	347.788	46
