OnsetTime	OffsetTime	MidiPitch
0.514998	1.13098	71
0.822996	1.13499	64
0.826993	1.13499	67
1.13598	1.43198	63
1.13598	1.43298	66
1.13798	1.58299	71
1.43598	1.73299	62
1.43698	1.73599	65
1.58598	1.73599	71
1.73999	2.62898	61
1.74098	2.02999	71
1.74098	2.62999	64
2.03098	2.33799	70
2.339	2.63199	76
2.63299	3.22797	69
2.63299	2.92598	60
2.63398	2.92699	63
2.63699	2.92699	75
2.92798	3.22797	74
2.93099	3.53998	59
2.93099	3.54297	62
3.23197	3.54297	67
3.54297	3.84397	66
3.54698	3.99698	72
3.54698	3.99797	62
3.54797	4.00097	57
3.84397	4.15198	67
4.00198	4.15198	71
4.00497	4.15297	62
4.00497	4.15497	55
4.15497	4.77097	67
4.15598	4.77497	71
4.15598	4.77497	62
4.15897	4.46298	55
4.46698	4.77597	59
4.77597	5.39098	69
4.77797	5.39398	66
4.77797	5.39497	62
5.08298	6.60796	50
5.39798	6.00696	62
5.69897	6.00996	79
5.70196	6.01096	71
5.70297	6.01096	74
6.01396	6.31096	78
6.01496	6.31195	69
6.01496	6.31195	74
6.01496	6.46196	62
6.31195	6.61196	76
6.31496	6.61296	67
6.31496	6.61595	73
6.46196	6.61696	62
6.61696	8.09695	74
6.61896	8.09995	66
6.61896	8.09995	69
6.61996	6.90596	62
6.90696	7.21496	60
7.21496	7.50397	64
7.50896	7.80295	62
7.80295	8.10095	60
8.10395	8.41196	67
8.10395	8.41196	74
8.10496	8.41495	59
8.10496	8.41495	62
8.41596	8.72297	66
8.41895	8.87995	72
8.41895	8.88096	57
8.41996	8.88396	62
8.72696	9.04496	67
8.88496	9.04496	71
8.88696	9.04596	55
8.88796	9.04596	62
9.04796	9.71695	67
9.04796	9.72096	71
9.04896	9.39896	55
9.05195	9.72096	62
9.39896	9.72195	59
9.72195	10.427	69
9.72395	10.428	66
9.72395	10.428	62
10.059	10.429	50
10.43	11.04	71
10.729	11.04	64
10.729	11.041	67
11.044	11.338	63
11.044	11.338	66
11.047	11.488	71
11.339	11.639	62
11.341	11.639	65
11.489	11.64	71
11.642	12.531	61
11.642	12.534	64
11.643	11.932	71
11.939	12.24	70
12.244	12.534	76
12.538	12.828	60
12.5389	12.8289	63
12.5389	13.1289	69
12.5389	12.832	75
12.832	13.1299	74
12.8329	13.444	62
12.8349	13.4449	59
13.1329	13.4449	67
13.4479	13.7449	66
13.4489	13.9029	72
13.4489	13.9029	57
13.4509	13.9039	62
13.7459	14.0529	67
13.9069	14.0539	71
13.9069	14.0559	55
13.9079	14.0569	62
14.0569	14.6759	67
14.0599	14.6769	71
14.0609	14.3679	55
14.0609	14.6769	62
14.369	14.6779	59
14.6799	15.2949	66
14.6799	15.296	69
14.6799	15.296	62
14.9869	16.5109	50
15.2999	15.9049	62
15.6039	15.9089	71
15.6039	15.9089	74
15.6039	15.9089	79
15.9099	16.2099	69
15.9119	16.2099	74
15.9119	16.2099	78
15.9119	16.3559	62
16.2109	16.5109	67
16.2129	16.5119	73
16.2129	16.5119	76
16.3599	16.5139	62
16.5139	18.0079	66
16.5149	18.0089	69
16.5179	18.0089	74
16.5179	16.8109	62
16.8109	17.1189	60
17.1189	17.4059	64
17.4099	17.7039	62
17.7049	18.0089	60
18.0119	18.3199	67
18.0129	18.3209	74
18.0129	18.3229	59
18.0149	18.3239	62
18.3239	18.8029	72
18.3279	18.6379	66
18.3279	18.8029	57
18.3279	18.8039	62
18.6419	18.9739	67
18.8069	18.9779	71
18.8069	18.9789	55
18.8079	18.9809	62
18.9819	19.6779	67
18.9819	19.6789	71
18.9819	19.3589	55
18.9849	19.6809	62
19.3599	19.6809	59
19.6819	20.4269	66
19.6849	20.4269	69
19.6859	20.4309	62
20.0209	20.4309	50
20.4309	20.6819	52
20.5559	20.6819	59
20.5569	20.6859	64
20.5569	20.6859	67
20.6869	20.8089	54
20.8119	20.9339	59
20.8119	20.9349	64
20.8159	20.9349	67
20.8159	20.9349	55
20.9379	21.1819	57
21.0609	21.1829	66
21.0609	21.1829	64
21.0619	21.1869	60
21.1869	21.4419	45
21.3159	21.4459	66
21.3159	21.4459	64
21.3169	21.4469	60
21.4489	21.7049	47
21.5709	21.7049	59
21.5709	21.7059	63
21.5719	21.7079	66
21.7079	21.9669	35
21.8309	21.9669	59
21.8329	21.9679	63
21.8339	21.9699	66
21.9699	22.2259	40
22.0929	22.2299	59
22.0929	22.2299	64
22.0969	22.2299	67
22.2329	22.4989	43
22.3589	22.5019	55
22.3589	22.5029	59
22.3629	22.5059	62
22.5069	22.7549	48
22.6279	22.7579	55
22.6279	22.7579	60
22.6289	22.7579	64
22.7589	22.8769	50
22.8799	22.9959	55
22.8809	22.9999	60
22.8809	23.0029	64
22.8819	23.0029	52
23.0029	23.2479	53
23.1209	23.2509	57
23.1219	23.2519	60
23.1219	23.2519	62
23.2549	23.5099	41
23.3739	23.5109	57
23.3779	23.5109	60
23.3809	23.5139	62
23.5139	23.7649	43
23.6369	23.7659	55
23.6369	23.7659	59
23.6399	23.7689	62
23.7699	24.0179	31
23.8919	24.0219	55
23.8949	24.0249	59
23.8959	24.0249	62
24.0249	24.2949	36
24.1579	24.5669	55
24.1609	24.5679	60
24.1619	24.5679	64
24.2949	24.5709	35
24.5719	24.8259	52
24.6939	24.8299	59
24.6939	24.8309	64
24.6939	24.8329	67
24.8329	24.9489	54
24.9489	25.0779	59
24.9529	25.0789	64
24.9529	25.0789	67
24.9539	25.0819	55
25.0829	25.3269	57
25.2009	25.3269	66
25.2009	25.3309	64
25.2019	25.3309	60
25.3309	25.5859	45
25.4599	25.5899	66
25.4629	25.5909	64
25.4639	25.5929	60
25.5929	25.8449	47
25.7149	25.8459	59
25.7159	25.8459	63
25.7159	25.8479	66
25.8479	26.1039	35
25.9779	26.1079	59
25.9779	26.1079	63
25.9779	26.1079	66
26.1109	26.3659	40
26.2369	26.3669	59
26.2369	26.3669	64
26.2379	26.3689	67
26.3699	26.6399	43
26.5059	26.6399	55
26.5059	26.6399	59
26.5069	26.6429	62
26.6429	26.8949	48
26.7689	26.8949	55
26.7699	26.8959	60
26.7699	26.8989	64
26.8989	27.0209	50
27.0239	27.1429	55
27.0249	27.1439	60
27.0279	27.1439	64
27.0289	27.1469	52
27.1479	27.3879	53
27.2659	27.3889	57
27.2659	27.3889	60
27.2659	27.3919	62
27.3929	27.6539	41
27.5219	27.6569	57
27.5219	27.6579	60
27.5219	27.6579	62
27.6589	27.9159	43
27.7839	27.9169	55
27.7839	27.9169	59
27.7849	27.9199	62
27.9209	28.1759	31
28.0499	28.1799	55
28.0509	28.1799	59
28.0509	28.1809	62
28.1829	28.4629	36
28.3229	28.8099	55
28.3239	28.8099	60
28.3239	28.8109	64
28.4629	28.8129	35
28.8619	29.4779	71
29.1699	29.4779	64
29.1699	29.4789	67
29.4819	29.7719	63
29.4819	29.7759	66
29.4829	29.9219	71
29.7759	30.0759	62
29.7789	30.0769	65
29.9249	30.0769	71
30.0799	30.9759	61
30.0809	30.9769	64
30.0809	30.3769	71
30.3779	30.9769	70
30.6779	30.9779	76
30.9789	31.2699	60
30.9799	31.2739	63
30.9799	31.5669	69
30.9829	31.2739	75
31.2769	31.5679	74
31.2779	31.8869	62
31.2779	31.8869	59
31.5679	31.8899	67
31.8899	32.1869	66
31.8899	32.3409	72
31.8929	32.3419	57
31.8939	32.3419	62
32.1869	32.4949	67
32.3439	32.4949	71
32.3449	32.4989	55
32.3449	32.4989	62
32.4989	33.1179	67
32.5019	33.1179	71
32.5019	32.8029	55
32.5059	33.1189	62
32.8029	33.1219	59
33.1219	33.7379	66
33.1229	33.7409	69
33.1249	33.7409	62
33.4259	34.9629	50
33.7419	34.3609	62
34.0529	34.3609	71
34.0529	34.3619	74
34.0539	34.3639	79
34.3639	34.6619	69
34.3649	34.6629	74
34.3649	34.6629	78
34.3679	34.8119	62
34.6649	34.9639	67
34.6649	34.9659	73
34.6659	34.9659	76
34.8129	34.9699	62
34.9699	36.4528	66
34.9709	36.4578	69
34.9709	36.4578	74
34.9729	35.2629	62
35.2669	35.5708	60
35.5749	35.8579	64
35.8589	36.1519	62
36.1528	36.4598	60
36.4608	36.7608	67
36.4608	36.7658	74
36.4618	36.7658	59
36.4638	36.7678	62
36.7688	37.2338	72
36.7688	37.0758	66
36.7698	37.2348	57
36.7718	37.2348	62
37.0768	37.3948	67
37.2378	37.3958	71
37.2388	37.3958	55
37.2388	37.3988	62
37.3988	38.0698	67
37.4028	38.0708	71
37.4028	37.7478	55
37.4028	38.0708	62
37.7488	38.0738	59
38.0748	38.7698	66
38.0748	38.7708	69
38.0758	38.7738	62
38.4098	38.7748	50
38.7748	38.9108	71
38.7778	39.3238	67
38.7778	39.6128	55
38.7778	38.9108	62
38.9138	39.0498	72
38.9138	39.0508	64
39.0538	39.1838	69
39.0548	39.1838	60
39.1848	39.3238	71
39.1868	39.3248	62
39.3248	39.4668	67
39.3268	39.4678	59
39.6138	39.7568	71
39.6138	39.7578	68
39.6168	39.7608	76
39.6178	39.7618	52
39.6178	39.7618	64
39.8978	40.1808	45
40.1808	40.3218	76
40.1848	40.3218	69
40.1848	40.3218	72
40.1848	40.3248	64
40.1878	40.3248	52
40.4608	40.7338	50
40.7348	40.9438	69
40.7348	40.9438	74
40.7368	40.9438	72
40.7368	40.9448	62
40.7378	40.9468	54
40.7378	40.9478	50
41.0098	41.5567	67
41.0107	41.1437	71
41.0138	41.8507	55
41.0148	41.1467	62
41.1467	41.2837	72
41.1507	41.2877	64
41.2877	41.4197	69
41.2887	41.4207	60
41.4207	41.5567	71
41.4217	41.5597	62
41.5597	41.7027	67
41.5637	41.7037	59
41.8507	42.0637	73
41.8517	42.0647	78
41.8517	42.0647	70
41.8537	42.0647	66
41.8537	42.0667	54
42.1377	42.4247	47
42.4257	42.6547	78
42.4257	42.6557	71
42.4277	42.6557	74
42.4277	42.6587	66
42.4287	42.6597	54
42.7327	43.0617	74
42.7327	43.0627	69
42.7337	43.0627	78
42.7337	43.0647	50
42.7357	43.0647	62
43.0657	43.3337	74
43.0687	43.3347	71
43.0687	43.3377	79
43.0697	43.3387	62
43.0697	43.3387	55
43.4217	44.0057	79
43.4217	43.8137	52
43.7167	44.0067	67
43.7197	44.0097	64
43.7207	44.0107	59
44.0107	44.5867	78
44.0137	44.4827	45
44.2977	44.5917	66
44.2997	44.5917	60
44.3007	44.5917	57
44.5937	45.1757	75
44.5947	44.9827	47
44.8857	45.1757	63
44.8867	45.1757	54
44.8887	45.1767	57
45.1797	45.7947	76
45.1797	45.6337	48
45.4877	45.7947	64
45.4907	45.7957	55
45.4907	45.7987	52
45.7987	46.3797	74
45.8017	46.2567	50
46.0857	46.3827	54
46.0867	46.3827	62
46.3867	46.9677	72
46.3867	46.8797	52
46.6697	46.9687	60
46.6737	46.9707	55
46.9707	47.5937	70
46.9717	47.4777	54
47.2827	47.5947	64
47.2837	47.5977	61
47.5987	48.2977	71
47.6007	49.5397	59
47.9197	48.2977	66
47.9207	48.2987	63
48.3007	48.9307	71
48.6087	48.9317	67
48.6127	48.9317	64
48.9347	49.2357	66
48.9357	49.3897	71
48.9357	49.2387	63
49.2387	49.5407	65
49.2427	49.5437	62
49.3897	49.5437	71
49.5447	50.4427	61
49.5447	49.8477	71
49.5467	50.4467	64
49.8487	50.1557	70
50.1567	50.4467	76
50.4497	50.7407	63
50.4507	51.0377	69
50.4507	50.7407	75
50.4527	50.7407	60
50.7437	51.0387	74
50.7447	51.3557	62
50.7467	51.3567	59
51.0387	51.3567	67
51.3607	51.8077	72
51.3607	51.6577	66
51.3607	51.8087	57
51.3617	51.8117	62
51.6607	51.9657	67
51.8117	51.9697	71
51.8147	51.9697	55
51.8147	51.9697	62
51.9707	52.5847	67
51.9727	52.5887	71
51.9727	52.2737	55
51.9737	52.5887	62
52.2737	52.5917	59
52.5917	53.2077	66
52.5927	53.2077	69
52.5927	53.2117	62
52.8927	54.4226	50
53.2117	53.8167	62
53.5157	53.8176	79
53.5157	53.8207	71
53.5197	53.8207	74
53.8207	54.1177	74
53.8237	54.1177	78
53.8237	54.1216	69
53.8246	54.2726	62
54.1216	54.4237	67
54.1246	54.4237	73
54.1256	54.4257	76
54.2726	54.4267	62
54.4267	55.9166	69
54.4296	55.9206	74
54.4296	55.9206	66
54.4307	54.7236	62
54.7266	55.0306	60
55.0316	55.3216	64
55.3226	55.6186	62
55.6196	55.9236	60
55.9246	56.2246	74
55.9246	56.2286	67
55.9266	56.2286	59
55.9276	56.2326	62
56.2326	56.5406	66
56.2326	56.6976	72
56.2346	56.6986	57
56.2356	56.6986	62
56.5406	56.8656	67
56.7006	56.8656	71
56.7016	56.8696	55
56.7016	56.8696	62
56.8696	57.5296	71
56.8706	57.5346	67
56.8726	57.2156	55
56.8726	57.5376	62
57.2156	57.5376	59
57.5376	58.2406	69
57.5386	58.2416	66
57.5416	58.2436	62
57.8796	58.2446	50
58.2446	58.4966	52
58.3666	58.4966	67
58.3706	58.4976	64
58.3706	58.5006	59
58.5006	58.6226	54
58.6266	58.7516	59
58.6266	58.7516	67
58.6296	58.7556	64
58.6306	58.7556	55
58.7566	59.0006	57
58.8746	59.0036	60
58.8746	59.0046	66
58.8746	59.0046	64
59.0076	59.2626	45
59.1256	59.2636	66
59.1306	59.2636	64
59.1336	59.2666	60
59.2666	59.5176	47
59.3886	59.5186	66
59.3926	59.5186	63
59.3926	59.5216	59
59.5226	59.7776	35
59.6516	59.7776	66
59.6516	59.7816	63
59.6546	59.7846	59
59.7846	60.0466	40
59.9106	60.0466	59
59.9136	60.0476	64
59.9176	60.0506	67
60.0506	60.3196	43
60.1796	60.3236	62
60.1806	60.3236	55
60.1806	60.3246	59
60.3246	60.5756	48
60.4466	60.5766	55
60.4466	60.5766	64
60.4466	60.5786	60
60.5796	60.6946	50
60.6976	60.8166	55
60.6986	60.8206	60
60.7016	60.8206	64
60.7016	60.8206	52
60.8236	61.0686	53
60.9466	61.0696	57
60.9466	61.0696	60
60.9476	61.0726	62
61.0726	61.3316	41
61.1946	61.3316	57
61.1956	61.3326	62
61.1986	61.3326	60
61.3346	61.5836	43
61.4566	61.5846	62
61.4576	61.5866	55
61.4606	61.5876	59
61.5876	61.8456	31
61.7166	61.8466	59
61.7206	61.8466	55
61.7206	61.8496	62
61.8506	62.1186	36
61.9826	62.3926	64
61.9856	62.3926	55
61.9896	62.3926	60
62.1196	62.3956	35
62.3956	62.6476	52
62.5216	62.6476	59
62.5226	62.6516	67
62.5226	62.6516	64
62.6526	62.7726	54
62.7736	62.9026	64
62.7776	62.9036	59
62.7776	62.9036	67
62.7806	62.9066	55
62.9066	63.1516	57
63.0256	63.1526	60
63.0256	63.1546	66
63.0256	63.1556	64
63.1556	63.4136	45
63.2846	63.4146	64
63.2876	63.4146	66
63.2876	63.4166	60
63.4176	63.6686	47
63.5436	63.6696	59
63.5436	63.6696	63
63.5446	63.6726	66
63.6736	63.9356	35
63.8026	63.9356	59
63.8026	63.9386	66
63.8036	63.9386	63
63.9396	64.1976	40
64.0646	64.1976	64
64.0656	64.1986	59
64.0656	64.2016	67
64.2016	64.4706	43
64.3316	64.4716	55
64.3316	64.4716	62
64.3346	64.4746	59
64.4746	64.7256	48
64.6005	64.7266	64
64.6005	64.7296	55
64.6005	64.7306	60
64.7306	64.8486	50
64.8486	64.9756	60
64.8496	64.9756	55
64.8496	64.9786	64
64.8526	64.9786	52
64.9786	65.2196	53
65.0976	65.2196	57
65.0986	65.2206	60
65.1006	65.2236	62
65.2236	65.4856	41
65.3526	65.4856	57
65.3536	65.4866	60
65.3536	65.4896	62
65.4906	65.7485	43
65.6156	65.7496	62
65.6156	65.7496	55
65.6156	65.7506	59
65.7516	66.0066	31
65.8815	66.0076	59
65.8815	66.0105	55
65.8826	66.0116	62
66.0116	66.2975	36
66.1545	66.6405	60
66.1545	66.6415	64
66.1555	66.6435	55
66.2985	66.6445	35
66.6926	67.3086	71
67.0006	67.3096	67
67.0016	67.3126	64
67.3136	67.6095	66
67.3136	67.7606	71
67.3146	67.6106	63
67.6106	67.9046	65
67.6135	67.9085	62
67.7646	67.9085	71
67.9105	68.8075	61
67.9116	68.2085	71
67.9116	68.8075	64
68.2095	68.8085	70
68.5166	68.8115	76
68.8115	69.1015	63
68.8125	69.1015	75
68.8125	69.1045	60
68.8145	69.4025	69
69.1045	69.4055	74
69.1085	69.7175	62
69.1085	69.7185	59
69.4055	69.7205	67
69.7205	70.1725	72
69.7215	70.0185	66
69.7215	70.1725	57
69.7245	70.1725	62
70.0215	70.3265	67
70.1735	70.3295	71
70.1765	70.3305	55
70.1765	70.3305	62
70.3305	70.9455	67
70.3345	70.9495	71
70.3345	70.6375	55
70.3345	70.9505	62
70.6425	70.9525	59
70.9535	71.5685	66
70.9535	71.5696	69
70.9535	71.5725	62
71.2605	72.7835	50
71.5735	72.1776	62
71.8766	72.1785	79
71.8775	72.1805	71
71.8806	72.1816	74
72.1816	72.4785	69
72.1855	72.4795	74
72.1855	72.4825	78
72.1865	72.6326	62
72.4855	72.7835	67
72.4865	72.7835	73
72.4865	72.7875	76
72.6335	72.7875	62
72.7875	74.3095	69
72.7905	74.3095	74
72.7905	74.3105	66
72.7905	73.0885	62
73.0915	73.4035	60
73.4035	73.7045	64
73.7075	74.0085	62
74.0085	74.3135	60
74.3135	74.6275	74
74.3145	74.9715	67
74.3165	74.6315	59
74.3165	74.6315	62
74.6325	74.9715	72
74.6355	74.9745	57
74.6355	74.9745	64
75.1385	75.3245	60
75.1395	75.3285	66
75.1425	75.3285	50
75.1435	75.3295	57
75.3295	76.1185	60
75.3315	76.1235	66
75.3315	76.9205	50
75.3325	76.1235	57
76.1235	76.9245	67
76.1265	76.9245	59
76.1265	76.9255	43
