OnsetTime	OffsetTime	MidiPitch
0.519987	1.50299	63
0.520993	1.504	58
0.520993	1.504	51
0.523983	1.504	55
1.50699	2.519	58
1.50799	2.51999	62
1.50799	2.51999	53
1.50799	2.51999	46
2.52199	3.562	57
2.52299	3.562	60
2.52299	3.56499	53
2.52599	3.56499	41
3.566	4.58399	58
3.56899	4.58399	62
3.57	4.587	46
3.57	4.587	53
4.587	5.63	58
4.59099	5.63099	55
4.59099	5.63099	51
4.592	5.634	39
5.634	6.68001	60
5.634	6.681	56
5.635	6.681	44
5.635	6.684	51
6.684	7.755	56
6.684	7.755	62
6.68699	7.75599	41
6.688	7.75599	46
7.75799	8.82898	55
7.75899	8.82898	63
7.75899	8.82999	39
7.76198	8.82999	46
8.83198	11.409	39
8.92798	11.409	46
9.01899	11.409	51
9.11999	11.409	55
9.21098	11.409	58
9.30598	11.409	63
9.38999	9.75	67
9.48399	9.667	70
9.57199	9.925	75
9.667	9.838	70
9.75	11.409	67
9.838	11.409	70
9.925	11.409	75
10.006	11.409	79
10.093	11.409	82
10.181	11.409	87
10.268	11.409	91
10.367	11.409	94
10.471	11.451	99
11.455	12.486	63
11.455	12.487	60
11.456	12.487	55
11.456	12.488	48
12.49	13.508	63
12.491	13.509	60
12.491	13.509	56
12.493	13.51	44
13.512	14.555	58
13.513	14.556	43
13.513	14.559	51
14.56	15.591	53
14.562	15.591	58
14.563	15.592	46
14.563	15.595	38
15.595	16.659	51
15.596	16.659	55
15.596	16.66	39
15.598	16.663	46
16.663	17.708	58
16.664	17.712	55
16.666	17.713	40
16.666	17.713	49
17.713	18.787	56
17.715	18.79	53
17.716	18.79	48
17.716	18.245	41
18.245	18.794	44
18.794	19.84	51
18.795	19.84	55
18.797	19.841	36
18.797	19.844	48
19.844	22.378	36
19.939	22.378	48
20.034	22.378	51
20.131	22.378	55
20.219	22.378	60
20.31	22.378	63
20.405	20.761	67
20.499	20.671	72
20.583	20.94	75
20.671	20.845	72
20.761	22.378	67
20.845	22.378	72
20.94	22.378	75
21.02	22.378	79
21.104	22.378	84
21.192	22.378	87
21.258	22.378	91
21.328	22.378	96
21.401	22.378	99
21.482	22.466	103
22.466	23.519	55
22.467	23.519	51
22.469	22.99	48
22.994	23.523	46
23.523	24.531	60
23.526	24.531	56
23.526	24.532	44
23.526	24.534	51
24.534	25.58	60
24.534	25.584	56
24.537	25.584	41
24.538	25.585	50
25.585	26.616	58
25.587	26.617	43
25.588	26.617	51
26.617	27.667	56
26.62	27.667	62
26.62	27.668	53
26.621	27.668	47
27.67	28.716	63
27.67	28.717	55
27.671	28.717	51
27.671	28.72	48
28.72	29.791	60
28.72	29.792	57
28.721	29.792	41
28.724	29.794	51
29.795	30.858	58
29.795	30.858	50
29.796	30.859	46
30.862	33.226	46
30.95	33.226	53
31.052	33.226	58
31.143	33.226	62
31.237	33.226	65
31.328	33.226	70
31.423	31.776	74
31.509	31.689	77
31.601	31.951	82
31.689	31.863	77
31.776	33.226	74
31.863	33.226	77
31.951	33.226	82
32.042	33.226	86
32.15	33.226	89
32.255	33.226	94
33.221	34.253	63
33.225	34.254	60
33.225	34.254	48
33.225	34.256	55
34.257	35.282	62
34.26	35.283	58
34.261	35.283	43
34.261	35.286	55
35.287	36.343	60
35.287	36.343	56
35.287	36.346	44
35.289	36.346	51
36.347	37.4	55
36.35	37.404	58
36.351	37.404	51
36.351	37.404	39
37.405	38.45	55
37.407	38.454	49
37.407	38.454	40
38.454	38.979	53
38.455	38.979	56
38.457	39.507	41
38.457	39.508	48
38.982	39.508	55
39.511	40.567	53
39.511	40.571	50
39.515	40.572	34
39.515	40.574	44
40.574	41.625	51
40.575	41.625	43
40.575	41.628	39
41.628	44.211	39
41.727	44.211	46
41.818	44.211	51
41.919	44.211	55
42.01	44.211	58
42.098	44.211	63
42.191	42.549	67
42.283	42.457	70
42.371	42.724	75
42.457	42.64	70
42.549	44.211	67
42.64	44.211	70
42.724	44.211	75
42.807	44.211	79
42.892	44.211	82
42.979	44.211	87
43.067	44.211	91
43.164	44.211	94
43.27	44.25	99
45.209	45.737	67
45.737	45.919	67
45.919	46.949	67
45.919	46.262	55
45.92	46.619	43
46.262	46.605	55
46.263	46.606	62
46.263	46.606	59
46.605	46.949	55
46.606	46.951	59
46.606	46.95	62
46.777	47.291	66
46.949	47.291	67
46.949	47.288	55
46.95	47.287	62
46.951	47.286	59
47.113	47.291	69
47.285	47.621	71
47.286	47.624	59
47.287	47.624	62
47.288	47.623	55
47.445	47.985	70
47.621	47.985	71
47.623	47.984	55
47.624	47.985	62
47.624	47.985	59
47.799	47.985	72
47.981	50.074	74
47.984	48.323	55
47.985	50.074	43
48.323	48.673	55
48.324	48.674	59
48.324	48.67	62
48.67	49.014	62
48.673	49.017	55
48.674	49.013	59
49.013	49.363	59
49.014	49.363	62
49.017	49.364	55
49.361	49.895	67
49.363	49.717	59
49.363	49.717	62
49.364	49.718	55
49.717	50.074	62
49.717	50.074	59
49.718	50.074	55
49.895	50.07	67
50.07	51.1099	67
50.071	50.7739	48
50.074	50.7739	36
50.417	50.7629	63
50.42	50.7629	60
50.42	50.7599	55
50.7599	51.1139	55
50.7629	51.1109	63
50.7629	51.1139	60
50.9319	51.4589	66
51.1099	51.4589	67
51.1109	51.4499	63
51.1139	51.4499	55
51.1139	51.4499	60
51.2749	51.4589	71
51.4459	51.7889	72
51.4499	51.7929	60
51.4499	51.7899	55
51.4499	51.7929	63
51.6179	52.1459	71
51.7889	52.1459	72
51.7899	52.1459	55
51.7929	52.1459	60
51.7929	52.1459	63
51.9669	52.1459	74
52.1429	54.2419	75
52.1459	54.2419	48
52.4889	52.8349	63
52.4919	52.8319	55
52.4929	52.8359	60
52.8319	53.1849	55
52.8349	53.1819	63
52.8359	53.1819	60
53.1819	53.5319	60
53.1819	53.5309	63
53.1849	53.5319	55
53.5289	54.0609	72
53.5309	53.8829	63
53.5319	53.8859	60
53.5319	53.8849	55
53.8829	54.2419	63
53.8849	54.2419	55
53.8859	54.2419	60
54.0609	54.2419	72
54.2389	55.2719	70
54.2399	54.9349	34
54.2419	54.9349	46
54.5849	54.9319	58
54.5859	54.9279	62
54.5889	54.9319	56
54.9279	55.2749	62
54.9319	55.2749	56
54.9319	55.2719	58
55.1029	55.6179	69
55.2719	55.6179	70
55.2719	55.6109	58
55.2749	55.6119	56
55.2749	55.6139	62
55.4389	55.6179	72
55.6109	55.9469	74
55.6109	55.9479	58
55.6119	55.9469	56
55.6139	55.9499	62
55.7749	56.3079	73
55.9469	56.3079	74
55.9469	56.3079	56
55.9479	56.3079	58
55.9499	56.3079	62
56.1219	56.3079	75
56.3039	57.3328	77
56.3079	57.0028	46
56.6438	56.9898	62
56.6458	56.9908	58
56.6468	56.9898	56
56.9898	57.3368	56
56.9898	57.3328	62
56.9908	57.3368	58
57.1608	57.6748	76
57.3328	57.6748	77
57.3328	57.6718	62
57.3368	57.6728	56
57.3368	57.6688	58
57.4968	57.6748	79
57.6688	58.0078	80
57.6688	58.0088	58
57.6718	58.0088	62
57.6728	58.0098	56
57.8328	58.3408	79
58.0078	58.3408	80
58.0088	58.3378	58
58.0088	58.3398	62
58.0098	58.3388	56
58.1658	58.3408	81
58.3378	58.6728	82
58.3378	59.0048	58
58.3388	59.0088	56
58.3398	59.0088	62
58.5018	58.9488	81
58.6728	58.9488	82
58.8338	59.0098	84
59.0098	59.1698	86
59.1698	59.3378	85
59.3388	59.5098	86
59.5128	59.6878	87
59.5588	60.2238	46
59.5968	60.2698	53
59.6458	60.3068	56
59.6888	60.0178	89
59.6888	60.3498	62
59.8528	60.3508	88
60.0178	60.3508	89
60.1858	60.3508	91
60.2238	61.5707	46
60.2698	61.6127	53
60.3068	61.6587	56
60.3468	60.6868	92
60.3498	61.7037	62
60.5148	61.7107	91
60.6868	61.7107	92
60.8468	61.1828	93
61.0178	61.3538	94
61.1828	61.7107	93
61.3538	61.7107	94
61.5257	61.7107	96
61.5707	62.2397	46
61.6127	62.2847	53
61.6587	62.3267	56
61.7017	62.3797	98
61.7037	62.3697	62
61.8687	62.3797	99
62.0327	62.3797	101
62.1977	62.3797	103
62.2397	64.5066	46
62.2847	64.2496	53
62.3267	64.1616	56
62.3687	65.6626	104
62.3697	63.9996	62
62.5307	65.6626	101
62.6947	65.6626	98
62.8557	65.6626	94
63.0197	65.6626	92
63.1287	65.6626	89
63.2397	65.6626	86
63.3557	65.6626	82
63.4647	65.6626	80
63.5757	65.6626	77
63.6957	65.6626	74
63.7657	65.6626	70
63.8427	65.6626	68
63.9236	65.6626	65
63.9996	65.6626	62
64.0806	65.6626	58
64.1616	65.6626	56
64.2496	65.6626	53
64.3426	65.6626	50
64.5046	65.6626	34
64.5066	65.6626	46
66.0016	66.0826	68
66.0016	66.0826	63
66.0026	66.0836	65
66.0866	66.4456	68
66.0866	66.4506	63
66.0876	66.4506	65
66.0896	66.4526	47
66.0896	66.4526	56
66.0896	66.4536	53
66.8136	67.7126	68
66.8146	67.7126	62
66.8146	67.7126	65
66.8166	67.7126	53
66.8176	67.7126	46
66.8206	67.7126	56
68.1786	68.2736	77
68.1796	68.2736	75
68.1796	68.2746	80
68.2746	68.6306	80
68.2776	68.6346	77
68.2776	68.6346	75
68.2776	68.6356	65
68.2786	68.6376	68
68.2806	68.6376	59
68.9946	71.3496	80
68.9986	71.5536	74
68.9986	71.4476	77
69.0016	71.8576	65
69.0016	71.7556	68
69.0016	72.0856	58
69.7786	72.3226	96
70.6046	72.3226	94
70.7166	72.3226	92
70.8286	72.3226	89
70.9306	72.3226	86
71.0356	71.2456	82
71.1396	72.3226	81
71.2456	72.3226	82
71.3496	72.3226	80
71.4476	72.3226	77
71.5536	72.3226	74
71.6476	72.3226	70
71.7556	72.3226	68
71.8576	72.3226	65
71.9696	72.3226	62
72.0856	72.3226	58
73.2996	73.3936	54
73.3006	73.3976	59
73.3986	73.8036	54
73.4006	73.8036	59
73.4006	73.8076	45
73.4016	73.8076	51
74.2126	76.8246	54
74.2156	76.8246	60
74.2166	76.8246	51
74.2196	76.8246	44
76.8206	79.4246	58
76.8206	79.4286	62
76.8216	79.4286	56
76.8236	79.4286	41
76.8246	79.4286	46
76.8246	79.4286	53
79.4236	79.7526	55
79.4246	80.0656	58
79.4246	80.3696	63
79.4256	79.7536	51
79.4276	79.7536	39
79.7576	80.9896	55
80.0656	80.6816	58
80.3696	82.2216	63
80.6816	81.9236	58
80.9896	81.6296	55
81.3216	83.1346	51
81.6296	82.8195	55
81.9236	82.5216	58
82.2216	84.0175	63
82.5216	83.7255	58
82.8195	83.4355	55
83.1316	86.7005	39
83.1346	84.9125	51
83.4355	84.5975	55
83.7255	84.3075	58
84.0175	85.7845	63
84.3075	85.4935	58
84.5975	85.2105	55
84.9125	86.6985	51
85.2105	86.3615	55
85.4935	86.0705	58
85.7845	86.7015	63
86.0705	86.7015	58
86.3615	86.7015	55
86.6975	87.8665	70
86.6985	87.8665	67
86.6985	88.5075	51
86.7005	88.5345	39
86.9955	88.1745	55
87.2795	87.8675	58
87.5635	88.5345	68
87.5665	88.5345	72
87.5665	88.5035	63
87.8665	88.5075	67
87.8665	88.5345	70
87.8675	88.5345	58
88.1745	88.5345	55
88.5035	89.3785	63
88.5075	90.3035	67
88.5075	88.8035	51
88.8045	89.9695	55
89.0955	89.6695	58
89.3785	90.3065	63
89.6695	90.3065	58
89.9695	90.3065	55
90.3035	91.4785	67
90.3045	91.4795	70
90.3065	92.1535	39
90.3065	92.1235	51
90.5995	91.7875	55
90.8835	91.4795	58
91.1705	92.1535	68
91.1715	92.1535	72
91.1715	92.1225	63
91.4785	92.1235	67
91.4795	92.1535	70
91.4795	92.1535	58
91.7875	92.1535	55
92.1225	92.9945	63
92.1235	93.9295	67
92.1235	92.4195	51
92.4205	93.5855	55
92.7065	93.2815	58
92.9945	93.9295	63
93.2815	93.9295	58
93.5855	93.9295	55
93.7535	93.9295	65
93.8405	95.0725	68
93.9285	95.0705	77
93.9285	95.7275	34
93.9295	95.7005	46
94.2275	95.3645	56
94.5105	95.0735	58
94.7935	95.7275	62
95.0705	95.7275	77
95.0725	95.6965	68
95.0735	95.7275	58
95.3645	95.7275	56
95.5245	95.7005	74
95.6965	97.5065	68
95.7005	97.5065	74
95.7005	95.9945	46
95.9975	97.1625	56
96.2805	96.8545	58
96.5715	97.5065	62
96.8545	97.5065	58
97.1625	97.5065	56
97.3305	97.5065	63
97.4175	98.6475	67
97.5025	98.6465	75
97.5055	99.2455	51
97.5065	99.2795	39
97.8035	98.9095	55
98.0865	98.6495	58
98.3705	99.2795	63
98.6465	99.2795	75
98.6475	99.2455	67
98.6495	99.2795	58
98.9095	99.2795	55
99.0805	99.2435	70
99.2435	101.082	70
99.2455	101.082	67
99.2455	99.5775	51
99.5785	100.75	55
99.8685	100.449	58
100.158	101.082	63
100.449	101.082	58
100.75	101.082	55
101.079	102.224	68
101.079	102.223	72
101.08	101.373	56
101.082	102.826	44
101.373	102.521	56
101.656	102.224	60
101.94	102.849	63
102.223	102.748	72
102.224	102.849	68
102.224	102.849	60
102.521	102.826	56
102.748	103.964	72
102.825	104.576	75
102.826	103.122	44
102.826	103.123	56
103.126	104.271	56
103.392	103.966	60
103.679	104.575	70
103.679	104.576	74
103.679	104.576	63
103.964	104.576	68
103.964	104.576	72
103.966	104.576	60
104.271	104.576	56
104.572	105.717	67
104.575	105.717	70
104.575	106.332	51
104.576	106.357	39
104.872	106.014	55
105.146	105.717	58
105.426	106.357	68
105.426	106.357	72
105.429	106.33	63
105.717	106.332	67
105.717	106.357	70
105.717	106.357	58
106.014	106.357	55
106.33	107.186	63
106.332	108.099	67
106.332	106.63	51
106.63	107.775	55
106.911	107.467	58
107.186	108.099	63
107.467	108.099	58
107.775	108.099	55
108.093	109.241	72
108.096	109.241	68
108.096	108.391	56
108.097	109.843	44
108.391	109.535	56
108.674	109.242	60
108.958	109.871	63
109.241	109.871	68
109.241	109.767	72
109.242	109.871	60
109.535	109.846	56
109.767	110.983	72
109.843	111.593	75
109.843	110.137	44
109.846	110.137	56
110.138	111.285	56
110.411	110.984	60
110.697	111.591	70
110.697	111.593	74
110.697	111.593	63
110.983	111.593	72
110.984	111.593	68
110.984	111.593	60
111.285	111.593	56
111.591	112.734	70
111.592	112.737	67
111.593	113.358	51
111.593	113.381	39
111.891	113.031	55
112.163	112.737	58
112.443	113.381	72
112.444	113.381	68
112.447	113.357	63
112.734	113.381	70
112.737	113.357	67
112.737	113.381	58
113.031	113.381	55
113.357	115.135	67
113.357	114.214	63
113.358	113.647	51
113.648	114.799	55
113.93	114.498	58
114.214	115.135	63
114.498	115.135	58
114.799	115.135	55
114.967	115.135	65
115.047	116.801	70
115.132	116.276	77
115.132	116.881	46
115.135	116.902	34
115.433	116.574	56
115.716	116.276	58
115.999	116.902	62
116.276	116.902	77
116.276	116.902	58
116.574	116.902	56
116.728	116.902	68
116.801	118.629	70
116.879	118.629	80
116.881	117.178	46
117.179	118.323	56
117.445	118.017	58
117.733	118.629	77
117.735	118.629	62
118.016	118.629	74
118.017	118.629	58
118.323	118.629	56
118.547	120.405	67
118.624	120.405	75
118.628	120.405	39
118.628	120.382	51
118.929	120.069	55
119.212	119.775	58
119.496	120.405	63
119.775	120.405	58
120.069	120.405	55
120.381	122.153	70
120.382	122.153	79
120.382	120.671	51
120.672	121.83	55
120.952	121.526	58
121.235	121.985	63
121.526	122.153	58
121.83	122.153	55
121.985	122.153	63
122.065	123.293	67
122.152	123.923	75
122.153	123.898	46
122.444	123.594	55
122.73	123.294	58
123.014	123.896	70
123.016	123.923	63
123.293	123.923	67
123.294	123.923	58
123.594	123.923	55
123.745	123.923	62
123.896	125.646	70
123.898	124.197	46
123.899	124.197	34
124.198	125.342	56
124.462	125.036	58
124.75	125.646	68
124.753	125.646	62
125.034	125.646	65
125.036	125.646	58
125.342	125.646	56
125.643	126.556	63
125.645	127.599	51
125.646	127.626	39
125.965	127.182	55
126.258	126.838	58
126.556	129.398	63
126.838	127.626	58
127.182	127.626	55
127.599	129.398	51
129.166	129.398	65
129.243	131.098	70
129.317	131.182	74
129.393	130.56	77
129.394	131.21	46
129.394	131.21	34
129.689	130.861	53
129.971	130.563	58
130.262	131.21	79
130.262	131.21	62
130.56	131.21	77
130.563	131.21	58
130.861	131.21	53
131.022	132.776	65
131.098	133.006	70
131.182	133.006	74
131.183	131.48	50
131.483	132.649	53
131.767	132.341	58
132.058	133.006	62
132.341	133.006	58
132.649	133.006	53
132.776	133.006	65
132.855	134.714	69
132.929	134.826	75
133.003	134.178	77
133.004	134.826	34
133.006	134.794	46
133.3	134.479	53
133.584	134.178	57
133.878	134.826	79
133.878	134.826	63
134.178	134.826	77
134.178	134.826	57
134.479	134.826	53
134.634	136.341	65
134.714	136.574	69
134.792	136.574	72
134.794	135.092	46
135.093	136.261	53
135.38	135.953	57
135.67	136.574	63
135.953	136.574	57
136.261	136.574	53
136.341	136.574	65
136.415	136.574	70
136.492	137.724	74
136.569	137.727	77
136.573	138.371	46
136.573	138.371	34
136.867	138.026	53
137.147	137.727	58
137.437	138.371	73
137.438	138.371	76
137.438	138.371	62
137.724	138.371	74
137.727	138.371	77
137.727	138.371	58
138.026	138.371	53
138.347	139.492	75
138.348	140.109	79
138.348	138.641	51
138.348	138.642	39
138.642	139.796	51
138.925	139.492	55
139.205	140.108	74
139.208	140.109	77
139.208	140.109	60
139.492	140.109	75
139.492	140.109	72
139.492	140.109	55
139.796	140.109	51
140.104	141.906	70
140.108	141.906	74
140.108	141.883	41
140.109	140.405	53
140.405	141.561	53
140.689	141.267	58
140.975	141.906	62
141.266	141.906	77
141.267	141.906	58
141.561	141.885	53
141.883	143.653	69
141.883	143.653	72
141.883	142.172	41
141.885	142.173	53
142.176	143.342	53
142.464	143.041	57
142.75	143.653	60
143.041	143.653	57
143.342	143.653	53
143.426	143.653	65
143.5	145.36	70
143.572	145.439	74
143.65	144.823	77
143.651	145.469	34
143.653	145.441	46
143.947	145.124	53
144.237	144.825	58
144.524	145.469	79
144.525	145.469	62
144.823	145.469	77
144.825	145.469	58
145.124	145.469	53
145.281	147.265	65
145.36	147.265	70
145.439	147.114	74
145.441	145.735	46
145.739	146.905	53
146.03	146.604	58
146.313	147.265	62
146.604	147.265	58
146.905	147.265	53
147.037	147.265	69
147.114	148.973	74
147.185	149.054	78
147.262	148.434	81
147.262	149.057	50
147.262	149.081	38
147.563	148.735	54
147.846	148.437	57
148.134	149.081	83
148.137	149.081	62
148.434	149.081	81
148.437	149.081	57
148.735	149.081	54
148.893	150.675	69
148.973	150.829	74
149.054	150.829	78
149.057	149.347	50
149.351	150.517	54
149.641	150.216	57
149.926	150.829	62
150.216	150.829	57
150.517	150.829	54
150.675	152.011	69
150.748	151.701	73
150.828	151.7	81
150.828	152.011	38
150.829	152.011	50
151.129	152.011	55
151.409	151.986	57
151.7	151.983	81
151.701	152.011	73
151.701	152.011	76
151.703	152.011	61
151.983	152.607	81
151.984	152.627	74
151.986	152.627	78
151.986	152.627	57
152.281	152.627	55
152.606	153.761	79
152.607	153.184	76
152.607	153.188	81
152.608	153.211	50
152.904	153.211	55
153.184	153.751	76
153.188	153.751	81
153.188	153.761	78
153.189	153.751	57
153.467	153.761	61
153.747	154.368	73
153.751	154.368	76
153.751	154.368	81
153.751	154.367	57
154.052	154.368	55
154.363	154.44	86
154.364	156.208	50
154.367	157.339	62
154.367	157.377	54
154.367	157.377	57
154.444	154.527	87
154.528	154.689	86
154.608	154.777	87
154.689	154.861	86
154.777	154.941	87
154.861	155.021	86
154.941	155.099	87
155.021	155.169	86
155.099	155.245	87
155.169	155.305	86
155.245	155.382	87
155.305	155.452	86
155.382	155.529	87
155.452	155.595	86
155.529	155.672	87
155.595	155.753	86
155.599	157.377	38
155.672	155.83	87
155.753	155.903	86
155.83	155.98	87
155.903	156.061	86
155.98	156.135	87
156.061	156.207	86
156.135	156.274	87
156.207	156.351	86
156.208	157.377	50
156.274	156.421	87
156.351	156.491	86
156.421	156.555	87
156.491	156.624	86
156.555	156.694	87
156.624	156.765	86
156.694	156.835	87
156.765	156.901	86
156.835	156.978	87
156.901	157.048	86
156.978	157.118	87
157.048	157.194	86
157.118	157.268	87
157.194	157.338	86
157.268	157.377	87
157.338	157.411	86
157.339	157.906	62
157.341	157.912	55
157.342	157.912	58
157.415	157.552	87
157.485	157.622	86
157.552	157.699	87
157.622	157.769	86
157.699	157.838	87
157.769	157.905	86
157.838	157.912	87
157.905	157.968	86
157.906	160.873	57
157.906	160.873	62
157.909	160.873	54
157.968	158.109	87
158.039	158.175	86
158.109	158.245	87
158.175	158.315	86
158.245	158.378	87
158.315	158.451	86
158.378	158.518	87
158.451	158.584	86
158.518	158.658	87
158.584	158.727	86
158.658	158.795	87
158.727	158.864	86
158.795	158.934	87
158.864	159.005	86
158.934	159.081	87
159.005	159.156	86
159.006	160.873	38
159.081	159.225	87
159.156	159.298	86
159.225	159.376	87
159.298	159.453	86
159.376	159.522	87
159.453	159.596	86
159.522	159.673	87
159.596	159.754	86
159.599	160.873	50
159.673	159.83	87
159.754	159.911	86
159.83	159.985	87
159.911	160.061	86
159.985	160.142	87
160.061	160.226	86
160.142	160.299	87
160.226	160.38	86
160.299	160.46	87
160.38	160.541	86
160.46	160.618	87
160.541	160.699	86
160.618	160.782	87
160.699	160.856	86
160.782	160.873	87
160.856	160.964	86
160.884	161.496	62
160.965	161.496	87
161.072	161.338	86
161.174	161.496	85
161.254	165.819	46
161.338	161.496	86
161.339	165.819	53
161.412	165.819	56
161.494	165.819	98
161.496	165.819	62
163.527	165.819	96
163.642	164.118	91
163.761	165.819	94
163.88	165.819	92
163.996	165.819	88
164.118	165.819	91
164.234	165.819	89
164.353	165.819	85
164.464	165.819	87
164.584	165.819	86
164.693	165.819	81
164.811	165.819	84
164.92	165.147	82
165.036	165.476	79
165.147	165.819	82
165.256	165.819	80
165.367	165.819	76
165.476	165.819	79
165.581	165.819	77
165.693	165.819	73
165.805	165.916	75
165.917	166.057	74
166.057	166.217	69
166.218	167.016	72
167.016	167.806	71
167.811	169.585	70
169.655	170.968	70
169.658	170.968	51
169.658	170.968	39
169.819	170.74	75
169.963	170.285	79
170.103	170.432	82
170.285	170.593	79
170.288	170.968	58
170.288	170.968	55
170.289	170.968	63
170.432	170.968	82
170.593	170.968	79
170.74	170.968	75
170.915	172.183	72
170.916	172.183	44
170.916	171.548	56
171.054	172	75
171.209	171.546	80
171.356	171.692	84
171.546	171.853	80
171.546	172.183	60
171.548	172.183	56
171.548	172.183	63
171.692	172.183	84
171.853	172.183	80
172	172.183	75
172.178	173.389	70
172.182	173.382	51
172.182	173.389	39
172.325	172.914	75
172.472	172.77	79
172.616	173.389	82
172.77	173.389	79
172.771	173.389	55
172.773	174.61	63
172.914	173.389	75
173.067	173.389	68
173.068	173.389	53
173.214	173.389	80
173.379	173.974	67
173.382	173.974	51
173.529	173.974	70
173.673	173.974	75
173.827	173.974	79
173.973	174.61	68
173.974	174.61	53
174.114	174.59	70
174.26	174.61	75
174.412	174.61	80
174.59	175.885	70
174.59	175.885	39
174.59	175.885	51
174.74	175.654	75
174.888	175.197	79
175.032	175.353	82
175.197	175.5	79
175.198	175.885	63
175.199	175.885	58
175.199	175.885	55
175.353	175.885	82
175.5	175.885	79
175.654	175.885	75
175.833	177.083	72
175.834	177.083	44
175.836	176.448	56
175.968	176.907	75
176.123	176.445	80
176.267	176.599	84
176.445	176.749	80
176.446	177.083	60
176.448	177.083	63
176.448	177.083	56
176.599	177.083	84
176.749	177.083	80
176.907	177.083	75
177.079	178.296	70
177.082	178.293	51
177.082	178.296	39
177.225	177.821	75
177.376	177.677	79
177.523	178.296	82
177.677	178.296	79
177.678	178.296	55
177.678	179.502	63
177.821	178.296	75
177.972	178.296	68
177.972	178.296	53
178.115	178.296	80
178.29	178.885	67
178.293	178.885	51
178.437	178.885	70
178.584	178.885	75
178.734	178.885	79
178.882	179.502	68
178.884	179.502	53
179.024	179.497	70
179.172	179.502	75
179.322	179.502	80
179.497	180.743	70
179.501	180.802	51
179.501	180.802	39
179.665	180.586	75
179.816	180.119	79
179.966	180.274	82
180.119	180.432	79
180.12	180.802	55
180.12	180.802	58
180.124	180.802	63
180.274	180.802	82
180.432	180.802	79
180.586	180.802	75
180.743	182.004	70
180.743	182.004	38
180.744	182.004	50
180.886	181.835	74
181.044	181.349	77
181.198	181.507	82
181.349	181.66	77
181.352	182.004	53
181.352	182.004	58
181.353	182.004	65
181.507	182.004	82
181.66	182.004	77
181.835	182.007	74
182.003	183.236	72
182.003	183.236	48
182.004	183.236	36
182.153	183.067	75
182.304	182.608	81
182.457	182.759	84
182.608	182.909	81
182.612	183.236	57
182.612	183.236	63
182.619	183.235	53
182.759	183.236	84
182.909	183.236	81
183.067	183.236	75
183.232	183.865	74
183.235	183.865	53
183.235	183.865	46
183.235	183.865	58
183.385	183.865	77
183.539	183.865	82
183.7	183.865	86
183.859	184.509	75
183.861	184.509	55
183.861	184.509	51
183.862	184.509	60
184.011	184.509	79
184.17	184.509	84
184.331	184.509	87
184.505	185.839	74
184.505	185.126	53
184.506	185.839	58
184.509	185.839	62
184.655	185.615	77
184.813	185.125	82
184.971	185.29	86
185.125	185.451	82
185.126	185.784	53
185.126	185.839	41
185.29	185.839	86
185.451	185.839	82
185.615	185.839	77
185.78	187.109	72
185.783	187.109	63
185.783	187.109	57
185.784	186.421	53
185.937	186.91	75
186.095	186.42	81
186.259	186.578	84
186.42	186.746	81
186.421	187.109	41
186.421	187.109	53
186.578	187.109	84
186.746	187.109	81
186.91	187.109	75
187.092	188.416	70
187.093	188.439	34
187.095	188.439	46
187.266	188.439	74
187.424	188.439	77
187.578	187.736	82
187.736	188.415	82
187.736	188.439	58
187.737	188.439	53
187.739	188.418	62
187.894	188.439	86
188.058	188.439	89
188.226	188.439	94
188.415	188.596	82
188.416	188.6	70
188.418	188.601	65
188.418	188.601	62
189.787	189.877	62
189.882	190.97	65
189.882	190.97	46
189.884	190.97	34
190.157	190.432	56
190.158	190.432	62
190.158	190.431	58
190.431	190.69	77
190.431	190.693	58
190.432	190.693	62
190.432	190.694	56
190.561	190.97	79
190.69	190.964	77
190.693	190.967	62
190.693	190.966	58
190.694	190.967	56
190.816	190.97	76
190.964	191.488	77
190.966	191.24	58
190.967	191.237	56
190.967	191.238	62
191.237	191.505	56
191.238	191.506	62
191.24	191.508	58
191.509	192.069	79
191.509	191.79	58
191.512	191.789	61
191.513	191.789	64
191.789	192.069	61
191.789	192.069	64
191.79	192.069	58
192.066	192.875	80
192.067	193.139	46
192.069	192.339	58
192.338	192.615	65
192.339	192.612	62
192.339	192.615	58
192.612	192.875	62
192.615	192.877	58
192.615	192.877	65
192.741	193.139	82
192.875	193.136	80
192.875	193.137	62
192.877	193.137	65
192.877	193.137	58
193.004	193.139	79
193.136	194.001	80
193.137	193.41	65
193.137	193.41	62
193.137	193.406	58
193.406	193.686	58
193.41	193.687	65
193.41	193.686	62
193.686	193.96	58
193.686	193.962	62
193.687	193.96	65
193.96	194.162	58
193.96	194.165	65
193.962	194.166	62
194.193	194.513	63
194.228	195.322	67
194.228	195.322	51
194.229	195.322	39
194.512	194.786	55
194.513	194.785	58
194.513	194.786	63
194.782	195.044	79
194.785	195.045	58
194.786	195.048	63
194.786	195.048	55
194.907	195.322	80
195.044	195.317	79
195.045	195.322	58
195.048	195.321	63
195.048	195.321	55
195.171	195.322	78
195.317	195.849	79
195.321	195.591	55
195.321	195.594	63
195.322	195.59	58
195.59	195.866	58
195.591	195.866	55
195.594	195.867	63
195.867	196.428	80
195.87	196.15	65
195.87	196.147	56
195.871	196.151	58
196.147	196.428	56
196.15	196.428	65
196.151	196.428	58
196.426	197.235	82
196.427	197.508	51
196.427	197.508	39
196.696	196.973	63
196.7	196.973	67
196.7	196.973	58
196.973	197.236	63
196.973	197.236	58
196.973	197.235	67
197.103	197.508	84
197.235	197.502	82
197.235	197.504	67
197.236	197.502	63
197.236	197.504	58
197.365	197.508	81
197.502	198.523	82
197.502	197.771	63
197.504	197.774	58
197.504	197.775	67
197.771	198.048	63
197.774	198.048	58
197.775	198.047	67
198.047	198.32	67
198.048	198.32	58
198.048	198.319	63
198.319	198.565	63
198.32	198.565	67
198.32	198.569	58
198.586	199.129	87
198.59	199.129	48
198.59	198.86	60
198.722	198.989	75
198.859	199.129	79
198.86	199.129	60
198.86	199.129	63
198.989	199.129	75
199.125	199.674	86
199.128	199.394	58
199.128	199.674	46
199.255	199.524	74
199.392	199.674	79
199.394	199.674	62
199.394	199.674	58
199.524	199.674	74
199.667	200.21	84
199.668	199.934	56
199.668	200.21	44
199.797	200.064	72
199.933	200.21	75
199.934	200.21	56
199.934	200.21	60
200.064	200.21	72
200.207	200.771	82
200.208	200.771	43
200.208	200.487	55
200.343	200.627	70
200.483	200.771	75
200.483	200.771	58
200.487	200.771	55
200.627	200.771	70
200.77	201.324	87
200.77	201.044	60
200.771	201.324	48
200.903	201.18	75
201.043	201.324	79
201.044	201.324	60
201.044	201.324	63
201.18	201.324	75
201.32	201.879	84
201.32	201.593	56
201.323	201.879	44
201.449	201.725	72
201.593	201.879	77
201.593	201.879	56
201.593	201.879	62
201.725	201.879	72
201.866	202.426	82
201.866	202.426	55
201.868	202.426	43
202.002	202.279	70
202.143	202.426	75
202.146	202.426	58
202.146	202.426	63
202.279	202.426	70
202.423	202.989	80
202.426	202.989	44
202.426	202.989	56
202.558	202.842	68
202.702	202.989	72
202.702	202.989	60
202.703	202.989	65
202.842	202.989	68
202.985	204.099	79
202.986	204.085	46
202.989	203.539	58
203.121	203.395	67
203.256	203.808	70
203.395	203.668	67
203.538	204.099	63
203.539	204.099	58
203.668	203.941	67
203.808	204.099	70
203.941	204.099	67
204.085	205.208	77
204.085	205.208	34
204.085	205.208	46
204.217	204.491	65
204.358	204.917	68
204.491	204.773	65
204.634	205.208	56
204.635	205.208	62
204.637	205.208	58
204.773	205.061	65
204.917	205.208	68
205.061	205.208	65
205.205	205.618	75
205.205	206.664	39
205.206	206.664	51
205.341	206.305	67
205.478	206.664	70
205.618	206.664	75
205.761	206.664	79
205.761	206.664	55
205.762	206.307	58
205.764	206.307	63
205.863	206.664	82
205.971	206.664	87
206.083	206.664	91
206.185	206.664	94
206.305	206.664	99
206.305	206.664	67
206.307	206.664	63
206.307	206.664	58
207.354	208.512	65
207.389	208.512	70
207.424	208.512	77
207.424	208.512	46
207.424	208.512	34
207.701	207.974	58
207.704	207.973	56
207.704	207.974	62
207.973	208.23	89
207.973	208.23	56
207.974	208.232	58
207.974	208.232	62
208.103	208.512	91
208.23	208.508	89
208.23	208.509	56
208.232	208.509	62
208.232	208.509	58
208.358	208.512	88
208.508	209.03	89
208.509	208.779	62
208.509	208.781	58
208.509	208.781	56
208.779	209.044	62
208.781	209.045	56
208.781	209.045	58
209.046	209.605	91
209.048	209.335	61
209.048	209.331	58
209.048	209.331	64
209.331	209.604	58
209.331	209.605	64
209.335	209.605	61
209.604	210.326	92
209.604	211.547	46
209.604	209.884	58
209.882	210.157	62
209.882	210.154	65
209.884	210.158	58
210.154	210.42	65
210.157	210.419	62
210.158	210.42	58
210.241	211.547	94
210.326	211.547	92
210.417	211.547	89
210.419	210.68	62
210.42	210.682	65
210.42	210.679	58
210.5	211.547	86
210.588	211.547	82
210.679	211.547	80
210.679	210.952	58
210.68	210.949	62
210.682	210.952	65
210.949	211.232	62
210.952	211.232	65
210.952	211.228	58
211.228	211.505	58
211.232	211.501	62
211.232	211.505	65
211.501	211.7	62
211.505	211.701	65
211.505	211.704	58
211.705	212.866	67
211.735	212.866	75
211.77	212.866	79
211.77	212.866	39
211.771	212.866	51
212.05	212.321	55
212.051	212.323	63
212.051	212.322	58
212.321	212.583	91
212.321	212.586	55
212.322	212.584	58
212.323	212.586	63
212.45	212.866	92
212.583	212.863	91
212.584	212.863	58
212.586	212.864	55
212.586	212.864	63
212.713	212.866	90
212.863	213.391	91
212.863	213.136	58
212.864	213.132	63
212.864	213.136	55
213.132	213.402	63
213.136	213.402	58
213.136	213.405	55
213.405	213.966	92
213.406	213.685	65
213.409	213.685	58
213.409	213.685	56
213.685	213.966	65
213.685	213.966	56
213.685	213.966	58
213.962	214.686	94
213.964	216.061	39
213.966	216.061	51
214.235	214.514	58
214.236	214.514	67
214.239	214.518	63
214.514	214.78	58
214.514	214.776	67
214.518	214.777	63
214.598	216.061	96
214.686	216.061	94
214.776	216.061	91
214.776	215.046	67
214.777	215.043	63
214.78	215.046	58
214.861	216.061	87
214.948	216.061	84
215.042	216.061	82
215.043	215.316	63
215.046	215.315	67
215.046	215.316	58
215.315	215.589	67
215.316	215.589	63
215.316	215.588	58
215.588	215.862	58
215.589	215.862	67
215.589	215.864	63
215.862	216.106	58
215.862	216.106	67
215.864	216.107	63
216.131	216.673	87
216.131	216.673	48
216.132	216.4	60
216.26	216.53	75
216.4	216.673	79
216.4	216.673	60
216.401	216.673	63
216.404	216.673	67
216.53	216.673	75
216.67	217.222	86
216.671	217.222	46
216.671	216.943	58
216.802	217.072	74
216.939	217.222	79
216.94	217.222	67
216.942	217.222	62
216.943	217.222	58
217.072	217.222	74
217.215	217.769	84
217.216	217.769	56
217.216	217.769	44
217.349	217.626	72
217.492	217.769	75
217.493	217.769	67
217.493	217.769	60
217.495	217.769	63
217.626	217.769	72
217.765	218.339	82
217.766	218.052	55
217.769	218.339	43
217.905	218.192	70
218.049	218.339	75
218.05	218.339	63
218.05	218.339	58
218.052	218.339	55
218.192	218.339	70
218.336	218.889	87
218.337	218.889	48
218.337	218.606	60
218.468	218.742	75
218.605	218.889	79
218.606	218.889	60
218.609	218.889	63
218.609	218.889	67
218.742	218.889	75
218.886	219.445	84
218.888	219.159	56
218.889	219.445	44
219.015	219.289	72
219.158	219.445	77
219.159	219.445	62
219.159	219.445	56
219.289	219.445	72
219.432	219.998	82
219.433	219.711	55
219.434	219.998	43
219.564	219.848	70
219.709	219.998	75
219.711	219.998	63
219.711	219.998	55
219.711	219.998	58
219.848	219.998	70
219.995	220.579	80
219.996	220.579	44
219.998	220.286	56
220.134	220.426	68
220.285	220.579	72
220.285	220.579	60
220.286	220.579	56
220.286	220.579	65
220.426	220.579	68
220.576	221.689	79
220.577	221.126	58
220.579	221.68	46
220.709	220.989	67
220.852	221.402	70
220.989	221.258	67
221.125	221.689	63
221.126	221.689	58
221.128	221.689	55
221.258	221.542	67
221.402	221.689	70
221.542	221.689	67
221.679	222.824	77
221.679	222.824	34
221.68	222.824	46
221.814	222.099	65
221.958	222.526	68
222.099	222.381	65
222.239	222.824	58
222.242	222.824	62
222.243	222.824	56
222.381	222.673	65
222.526	222.824	68
222.673	222.824	65
222.778	223.967	67
222.823	223.967	75
222.824	222.957	51
222.824	223.953	39
222.957	223.954	51
223.096	223.967	55
223.239	223.967	58
223.386	223.967	63
223.519	223.8	79
223.66	223.967	78
223.8	223.967	79
223.95	225.101	84
223.953	225.101	39
223.954	224.09	51
224.09	225.101	51
224.23	225.101	55
224.374	225.101	58
224.513	225.101	63
224.654	225.101	82
224.793	225.101	79
224.93	225.101	75
225.078	226.217	74
225.078	225.217	53
225.078	226.217	41
225.217	226.217	53
225.361	226.217	56
225.5	226.217	58
225.64	226.217	62
225.785	226.058	70
225.917	226.217	69
226.058	226.217	70
226.204	227.345	72
226.204	227.345	46
226.205	227.345	34
226.35	227.345	53
226.487	227.345	56
226.628	227.345	58
226.767	227.345	62
226.911	227.345	70
227.051	227.345	65
227.195	227.345	66
227.342	228.476	67
227.342	227.479	51
227.343	228.462	39
227.479	228.465	51
227.625	228.476	55
227.761	228.476	58
227.908	228.476	63
228.042	228.315	79
228.182	228.476	78
228.315	228.476	79
228.461	229.602	84
228.462	229.602	39
228.465	228.608	51
228.608	229.602	51
228.745	229.602	55
228.885	229.602	58
229.025	229.602	63
229.169	229.602	82
229.302	229.602	79
229.442	229.602	75
229.585	230.722	74
229.589	229.728	53
229.589	230.722	41
229.728	230.722	53
229.872	230.722	56
230.012	230.722	58
230.149	230.722	62
230.289	230.565	70
230.429	230.722	69
230.565	230.722	70
230.705	231.85	72
230.708	230.844	34
230.708	230.845	46
230.848	231.85	53
230.992	231.85	56
231.131	231.85	58
231.272	231.85	62
231.412	231.85	70
231.555	231.85	65
231.692	231.85	66
231.846	232.924	67
231.846	231.986	51
231.846	232.924	39
231.986	232.924	51
232.13	232.924	55
232.269	232.924	58
232.413	232.924	63
232.547	232.819	79
232.686	232.924	78
232.819	232.931	79
232.931	232.966	76
232.966	233.677	85
232.967	234.096	39
232.969	234.096	51
233.11	234.096	55
233.249	234.096	58
233.39	234.096	60
233.529	234.096	64
233.677	234.096	85
233.806	234.096	84
233.946	234.096	82
234.09	235.174	80
234.092	234.237	53
234.093	235.174	41
234.237	235.174	53
234.373	235.174	56
234.514	235.174	60
234.653	235.174	65
234.796	235.066	84
234.933	235.174	83
235.066	235.178	84
235.179	235.213	78
235.214	235.917	87
235.214	236.341	50
235.214	236.341	38
235.357	236.341	57
235.497	236.341	60
235.633	236.341	62
235.774	236.341	66
235.917	236.341	87
236.053	236.341	86
236.193	236.341	84
236.339	237.421	82
236.34	236.477	55
236.34	237.421	43
236.477	237.421	55
236.624	237.421	58
236.763	237.421	62
236.9	237.421	67
237.04	237.319	91
237.18	237.421	90
237.319	237.422	91
237.425	237.456	84
237.46	238.587	94
237.46	237.606	56
237.461	238.587	44
237.606	238.587	56
237.74	238.587	60
237.884	238.587	65
238.021	238.587	68
238.168	238.587	92
238.299	238.587	86
238.436	238.584	89
238.549	238.587	79
238.584	239.668	89
238.586	238.867	58
238.587	239.668	46
238.724	239.668	55
238.867	239.668	58
239.008	239.668	63
239.147	239.668	67
239.287	239.668	87
239.427	239.668	79
239.564	239.675	84
239.676	239.71	74
239.711	240.834	84
239.711	240.834	46
239.714	240.834	34
239.852	240.834	53
239.988	240.834	56
240.127	240.834	58
240.267	240.834	62
240.414	240.834	82
240.547	240.834	80
240.687	240.834	77
240.831	241.985	75
240.832	240.978	51
240.833	241.985	39
240.978	241.985	51
241.118	241.985	55
241.254	241.985	58
241.404	241.985	63
241.538	241.811	79
241.677	241.985	78
241.811	241.985	79
241.962	243.099	84
241.964	243.099	46
241.965	243.099	34
242.105	243.099	82
242.245	243.099	80
242.384	242.812	77
242.532	243.099	74
242.532	243.099	56
242.535	243.099	58
242.535	243.099	62
242.675	243.095	75
242.812	243.099	77
242.945	243.099	79
243.095	244.243	75
243.095	243.236	51
243.099	244.243	39
243.236	244.243	51
243.375	244.243	55
243.519	244.243	58
243.662	244.243	63
243.799	244.075	79
243.935	244.243	78
244.075	244.243	79
244.226	245.357	84
244.226	245.357	46
244.229	245.357	34
244.369	245.357	82
244.505	245.357	80
244.649	245.069	77
244.789	245.357	74
244.792	245.357	58
244.793	245.357	56
244.793	245.357	62
244.933	245.353	75
245.069	245.357	77
245.209	245.357	79
245.353	246.063	75
245.356	245.493	51
245.356	247.603	39
245.493	247.603	51
245.64	247.603	55
245.776	247.603	58
245.919	246.477	63
246.063	247.601	75
246.193	247.603	77
246.333	247.603	79
246.473	247.603	80
246.476	247.022	67
246.477	247.603	63
246.584	247.603	82
246.693	247.603	84
246.805	247.603	86
246.913	247.603	87
247.019	247.603	89
247.022	247.603	70
247.022	247.603	67
247.114	247.603	91
247.197	247.603	92
247.285	247.603	94
247.383	247.603	96
247.481	247.603	98
247.6	249.44	99
247.601	249.44	75
247.603	249.44	79
249.713	249.934	67
249.934	250.154	67
250.154	250.399	67
250.399	251.085	67
250.4	251.089	63
250.4	251.089	72
250.4	251.089	48
250.403	251.089	60
250.404	251.086	55
251.083	251.307	74
251.085	251.308	71
251.085	251.307	67
251.086	251.778	62
251.086	251.778	55
251.089	251.778	59
251.307	251.528	74
251.307	251.527	67
251.308	251.527	71
251.527	251.769	67
251.527	251.778	71
251.528	251.778	74
251.768	252.458	72
251.769	252.447	67
251.769	252.458	75
251.771	252.458	63
251.771	252.458	60
252.445	252.665	74
252.447	252.665	67
252.447	252.665	71
252.448	253.144	59
252.451	253.144	62
252.451	253.14	55
252.665	252.891	67
252.665	252.892	71
252.665	252.892	74
252.891	253.14	67
252.892	253.144	71
252.892	253.144	74
253.138	253.892	72
253.14	253.892	63
253.14	253.892	67
253.14	253.892	55
253.141	253.89	48
253.144	253.888	60
253.886	254.125	68
253.888	254.124	60
253.889	254.124	65
253.889	254.624	53
253.889	254.624	56
253.89	254.614	48
254.124	254.355	60
254.124	254.355	65
254.125	254.354	68
254.354	254.624	68
254.355	254.614	60
254.355	254.624	65
254.611	255.313	63
254.613	255.307	67
254.614	255.313	60
254.614	255.313	48
254.617	255.313	55
255.307	255.535	67
255.535	255.762	67
255.762	256.014	67
256.01	256.71	75
256.014	256.71	67
256.014	256.714	72
256.015	256.714	55
256.015	256.714	60
256.017	256.714	48
256.708	256.932	79
256.71	256.931	67
256.71	256.934	75
256.71	257.41	39
256.711	257.41	51
256.931	257.16	67
256.932	257.159	79
256.934	257.159	75
257.159	257.41	79
257.159	257.41	75
257.16	257.41	67
257.403	258.11	77
257.403	258.11	74
257.404	258.11	68
257.407	258.11	41
257.407	258.11	53
258.1	258.331	72
258.1	258.332	75
258.101	258.331	69
258.103	258.813	54
258.104	258.813	42
258.331	258.565	72
258.331	258.562	69
258.332	258.565	75
258.562	258.813	69
258.565	258.813	75
258.565	258.813	72
258.807	259.534	67
258.81	259.534	71
258.811	260.986	74
258.811	259.534	43
258.813	259.534	55
259.52	259.766	66
259.521	259.764	69
259.524	259.766	62
259.524	260.266	50
259.525	260.266	57
259.527	260.266	60
259.764	260.007	69
259.766	260.011	62
259.766	260.008	66
260.007	260.266	69
260.008	260.266	66
260.011	260.256	62
260.256	260.986	62
260.256	260.985	67
260.257	260.986	71
260.257	260.986	55
260.259	260.986	59
260.985	261.205	67
261.205	261.435	67
261.435	261.696	67
261.695	262.391	72
261.696	262.388	67
261.697	262.391	64
261.698	262.391	48
261.698	262.391	60
261.701	262.388	55
262.384	262.604	74
262.387	262.604	71
262.388	262.604	67
262.388	263.087	62
262.388	263.087	55
262.39	263.087	59
262.604	262.828	74
262.604	262.832	67
262.604	262.829	71
262.828	263.087	74
262.829	263.087	71
262.832	263.077	67
263.074	263.76	72
263.076	263.76	76
263.077	263.755	67
263.077	263.76	60
263.08	263.76	64
263.753	263.98	74
263.755	263.98	67
263.756	263.979	71
263.756	264.453	55
263.757	264.457	59
263.759	264.457	62
263.979	264.204	71
263.98	264.207	67
263.98	264.207	74
264.204	264.457	71
264.207	264.457	74
264.207	264.452	67
264.45	265.177	64
264.452	265.177	67
264.453	265.177	72
264.453	265.177	55
264.456	265.173	48
264.456	265.173	60
265.171	265.408	69
265.173	265.408	65
265.173	265.409	60
265.173	265.925	48
265.174	265.929	53
265.177	265.929	57
265.408	265.653	65
265.408	265.65	69
265.409	265.652	60
265.65	265.929	69
265.652	265.923	60
265.653	265.929	65
265.922	266.616	64
265.923	266.622	60
265.923	266.622	67
265.924	266.622	55
265.925	266.622	48
266.616	266.846	64
266.616	266.844	66
266.618	267.424	54
266.619	267.424	45
266.619	267.424	57
266.619	266.85	76
266.844	267.081	66
266.846	267.081	64
266.85	267.074	76
267.074	267.424	76
267.081	267.424	64
267.081	267.424	66
267.329	268.02	67
267.33	268.026	74
267.332	268.026	62
267.332	268.026	47
267.333	268.022	59
267.333	268.026	55
268.02	268.25	67
268.022	268.249	64
268.022	268.729	59
268.023	268.729	52
268.026	268.727	55
268.249	268.481	64
268.25	268.485	67
268.481	268.726	64
268.485	268.722	67
268.722	269.433	67
268.726	269.433	64
268.726	269.433	69
268.726	269.433	57
268.727	269.433	55
268.729	269.433	48
269.426	269.664	66
269.427	269.664	71
269.429	269.661	60
269.429	270.157	38
269.429	270.157	50
269.661	269.901	60
269.664	269.901	66
269.664	269.899	71
269.899	270.157	71
269.901	270.157	66
269.901	270.157	60
270.151	272.327	62
270.153	272.327	59
270.154	272.327	67
270.154	270.861	43
270.154	272.327	55
270.861	272.327	43
271.589	272.327	31
272.327	272.785	67
272.863	273.798	62
272.898	276.349	68
272.94	273.798	70
272.94	274.632	46
272.94	276.348	34
273.234	274.358	56
273.515	274.085	58
273.798	274.084	70
273.798	275.488	62
273.944	276.349	65
274.084	276.062	70
274.085	275.197	58
274.215	276.349	74
274.357	276.349	77
274.358	274.915	56
274.449	276.349	82
274.536	276.349	86
274.631	276.349	89
274.632	276.348	46
274.915	276.062	56
275.197	275.772	58
275.488	276.349	62
275.772	276.349	58
276.062	276.346	70
276.062	276.349	56
276.275	277.206	63
276.31	277.347	67
276.346	277.206	70
276.348	278.032	46
276.348	279.761	34
276.634	277.758	55
276.923	277.485	58
277.206	277.484	70
277.206	278.882	63
277.347	279.718	67
277.484	279.456	70
277.485	278.599	58
277.622	279.761	75
277.758	279.761	79
277.758	278.312	55
277.843	279.761	82
277.935	279.761	87
278.03	279.761	91
278.032	279.76	46
278.312	279.457	55
278.599	279.166	58
278.882	279.761	63
279.166	279.761	58
279.456	279.757	70
279.457	279.761	55
279.68	280.614	64
279.718	280.751	67
279.757	280.611	70
279.76	281.427	46
279.761	283.142	34
280.048	281.161	55
280.331	280.894	58
280.611	280.891	70
280.614	282.277	64
280.751	283.142	67
280.891	282.848	70
280.894	281.993	58
281.024	283.142	76
281.16	283.142	79
281.161	281.71	55
281.245	283.142	82
281.339	283.142	88
281.424	283.142	91
281.427	283.139	46
281.71	282.848	55
281.993	282.561	58
282.277	283.142	64
282.561	283.141	58
282.848	283.142	55
282.848	283.138	70
283.138	283.419	70
283.138	283.988	80
283.139	283.988	46
283.141	283.981	58
283.142	283.988	56
283.419	283.695	70
283.695	283.979	70
283.978	284.832	79
283.979	284.261	70
283.981	284.832	64
283.981	284.825	58
283.981	284.832	67
284.261	284.535	70
284.535	284.822	70
284.822	285.669	80
284.822	285.104	70
284.824	285.669	65
284.825	285.669	68
284.825	285.665	58
285.104	285.378	70
285.378	285.663	70
285.662	286.509	79
285.663	285.946	70
285.665	286.509	67
285.665	286.508	58
285.666	286.509	64
285.946	286.221	70
286.221	286.506	70
286.505	287.359	80
286.506	286.8	70
286.508	287.359	65
286.508	287.359	58
286.509	287.358	68
286.8	287.076	82
286.8	287.076	70
287.076	287.356	82
287.076	287.355	70
287.077	287.359	57
287.079	287.359	69
287.355	287.632	70
287.356	287.632	82
287.356	289.869	56
287.358	289.869	68
287.632	287.919	82
287.632	287.919	70
287.919	288.196	82
287.919	288.196	70
287.923	289.869	55
287.923	289.869	67
288.196	288.473	70
288.196	288.475	82
288.199	289.869	65
288.199	289.869	53
288.473	288.76	70
288.475	288.759	82
288.759	289.035	82
288.76	289.032	70
288.762	289.869	63
288.763	289.869	51
289.032	289.311	70
289.035	289.309	82
289.035	289.869	62
289.036	289.869	50
289.309	289.585	82
289.311	289.585	70
289.585	289.863	70
289.585	289.865	82
289.589	289.869	60
289.589	289.869	48
289.863	290.131	70
289.865	290.127	82
289.865	291.514	46
289.866	291.514	58
290.127	290.408	82
290.131	290.408	70
290.408	290.677	82
290.408	290.678	70
290.411	291.514	45
290.411	291.514	57
290.677	290.947	82
290.678	290.948	70
290.678	291.514	56
290.68	291.514	44
290.947	291.227	82
290.948	291.229	70
291.227	291.507	82
291.229	291.507	70
291.23	291.514	43
291.23	291.514	55
291.507	291.79	82
291.507	291.787	70
291.508	293.257	41
291.51	293.257	53
291.787	292.074	70
291.79	292.073	82
292.073	292.365	82
292.074	292.365	70
292.077	293.257	39
292.077	293.257	51
292.365	292.654	70
292.365	292.652	82
292.367	293.257	50
292.368	293.257	38
292.652	292.953	82
292.654	292.953	70
292.953	293.253	70
292.953	293.254	82
292.953	293.257	36
292.955	293.257	48
293.253	293.541	70
293.254	293.54	82
293.254	294.971	34
293.256	294.971	46
293.54	293.82	82
293.541	293.824	70
293.82	294.101	82
293.824	294.1	70
294.1	294.38	70
294.1	294.971	77
294.1	294.971	74
294.101	294.381	82
294.104	294.971	58
294.104	294.971	53
294.104	294.971	62
294.38	294.664	70
294.381	294.664	82
294.664	294.971	82
294.664	294.971	70
294.962	295.241	71
294.964	295.244	83
294.965	296.662	33
294.965	296.662	45
295.241	295.525	71
295.244	295.522	83
295.522	295.808	83
295.525	295.807	71
295.805	296.662	78
295.807	296.085	71
295.808	296.662	75
295.808	296.085	83
295.808	296.662	57
295.811	296.662	66
295.812	296.662	63
296.085	296.365	71
296.085	296.368	83
296.365	296.662	71
296.368	296.662	83
296.659	296.943	84
296.659	296.943	72
296.66	298.355	44
296.662	298.355	32
296.943	297.225	84
296.943	297.222	72
297.222	297.503	72
297.225	297.503	84
297.499	298.355	78
297.502	298.355	75
297.503	297.782	72
297.503	297.782	84
297.505	298.355	56
297.505	298.355	66
297.506	298.355	63
297.782	298.059	72
297.782	298.062	84
298.059	298.355	72
298.062	298.355	84
298.346	298.633	74
298.349	298.633	86
298.349	300.029	29
298.349	300.029	41
298.633	298.912	74
298.633	298.913	86
298.912	299.19	74
298.913	299.193	86
299.189	302.735	80
299.19	302.591	74
299.192	302.665	77
299.193	304.656	86
299.196	300.029	56
299.196	300.029	58
299.197	300.029	65
299.197	300.029	62
300.028	304.656	34
301.842	304.656	41
301.905	304.656	44
301.974	304.656	46
302.045	304.656	50
302.118	304.656	53
302.178	304.656	56
302.248	304.656	58
302.311	304.656	62
302.382	304.656	65
302.451	304.656	68
302.521	304.656	70
302.591	304.656	74
302.665	304.656	77
302.735	304.656	80
302.812	304.939	82
305.222	305.542	70
305.227	305.542	82
305.545	305.873	81
305.549	305.874	69
305.877	306.202	82
305.878	306.207	70
306.207	306.549	71
306.211	306.55	83
306.55	306.934	84
306.551	306.938	72
306.939	308.023	73
306.941	308.023	85
308.024	309.637	86
308.027	309.637	74
309.64	311.229	87
309.641	311.229	75
309.641	311.229	39
309.641	311.229	51
309.913	310.169	79
309.916	310.169	82
310.169	310.683	82
310.169	310.683	79
310.421	311.229	63
310.424	311.229	55
310.425	311.229	58
310.683	310.942	79
310.683	310.943	82
310.942	311.229	79
310.943	311.229	82
311.227	312.8	74
311.227	312.8	86
311.229	312.8	46
311.229	312.8	34
311.502	311.755	82
311.503	311.755	77
311.755	312.248	77
311.755	312.248	82
312.002	312.79	53
312.003	312.8	62
312.006	312.8	58
312.248	312.504	77
312.248	312.504	82
312.504	312.8	82
312.504	312.8	77
312.786	314.382	72
312.787	314.382	84
312.787	314.382	41
312.79	313.564	53
313.052	313.311	77
313.056	313.312	81
313.311	313.815	77
313.312	313.815	81
313.561	314.382	57
313.564	314.382	53
313.564	314.382	60
313.815	314.089	81
313.815	314.089	77
314.089	314.382	81
314.089	314.382	77
314.376	315.971	86
314.38	315.971	74
314.38	315.971	46
314.38	315.971	34
314.652	314.911	77
314.653	314.915	82
314.911	315.412	77
314.915	315.411	82
315.16	315.971	53
315.16	315.971	58
315.163	315.971	62
315.411	315.674	82
315.412	315.671	77
315.671	315.971	77
315.674	315.962	82
315.962	317.543	70
315.962	317.543	82
315.964	317.543	39
315.965	317.543	51
316.238	316.498	79
316.238	316.497	75
316.497	316.994	75
316.498	316.993	79
316.745	317.543	58
316.746	317.543	55
316.749	317.543	63
316.993	317.246	79
316.994	317.249	75
317.246	317.543	79
317.249	317.543	75
317.536	319.136	72
317.536	319.136	84
317.537	318.323	56
317.539	319.136	44
317.809	318.076	80
317.809	318.075	75
318.075	318.575	75
318.076	318.576	80
318.321	319.136	60
318.323	319.136	56
318.324	319.136	63
318.575	318.839	75
318.576	318.839	80
318.839	319.136	80
318.839	319.136	75
319.132	320.739	74
319.132	320.739	86
319.133	319.923	53
319.135	320.739	41
319.405	319.665	80
319.405	319.668	77
319.665	320.169	80
319.668	320.164	77
319.92	320.739	58
319.92	320.739	56
319.923	320.739	53
319.923	320.739	62
320.164	320.431	77
320.169	320.428	80
320.428	320.739	80
320.431	320.739	77
320.735	321.547	87
320.735	321.548	75
320.736	321.369	51
320.739	321.369	39
321.015	321.279	82
321.015	321.281	79
321.279	321.55	82
321.281	321.551	79
321.551	324.688	39
321.645	324.688	46
321.74	324.688	51
321.838	324.688	55
321.932	324.688	58
322.023	324.688	63
322.115	322.472	67
322.206	322.38	70
322.289	322.646	75
322.38	322.559	70
322.472	324.688	67
322.559	324.688	70
322.646	324.686	75
322.727	324.688	79
322.815	324.688	82
322.902	324.684	87
322.989	324.688	91
323.088	324.688	94
323.193	324.688	99
324.684	326.269	87
324.686	326.265	75
324.687	326.272	48
324.687	325.464	60
324.963	325.216	84
324.963	325.215	79
325.215	325.73	79
325.216	325.726	84
325.464	326.272	55
325.464	326.272	60
325.467	326.272	63
325.726	325.982	84
325.73	325.982	79
325.982	326.272	79
325.982	326.272	84
326.265	327.84	75
326.269	327.84	87
326.269	327.84	44
326.269	327.043	56
326.538	326.794	84
326.542	326.795	80
326.794	327.291	84
326.795	327.29	80
327.043	327.84	56
327.045	327.84	63
327.045	327.84	60
327.29	327.544	80
327.291	327.546	84
327.544	327.84	80
327.546	327.84	84
327.833	329.42	82
327.834	329.419	70
327.837	329.426	43
327.837	328.604	55
328.096	328.359	75
328.097	328.355	79
328.355	328.862	79
328.359	328.862	75
328.604	329.426	55
328.605	329.426	63
328.606	329.426	58
328.862	329.129	79
328.862	329.129	75
329.129	329.426	75
329.129	329.426	79
329.419	331.011	70
329.42	331.011	82
329.42	331.011	34
329.422	331.011	46
329.695	329.951	77
329.951	330.451	77
330.203	331.011	53
330.207	331.011	65
330.207	331.011	58
330.451	330.714	77
330.714	331.011	77
331.002	332.582	67
331.004	332.582	79
331.004	332.582	39
331.005	332.582	51
331.277	331.537	75
331.278	331.54	70
331.537	332.038	75
331.54	332.037	70
331.785	332.582	58
331.785	332.582	55
331.788	332.582	63
332.037	332.293	70
332.038	332.293	75
332.293	332.576	70
332.293	332.582	75
332.576	334.178	82
332.576	334.178	70
332.579	333.37	52
332.58	334.178	40
332.855	333.115	79
332.856	333.119	73
333.115	333.619	79
333.119	333.619	73
333.37	334.178	52
333.371	334.178	61
333.371	334.178	58
333.619	333.878	73
333.619	333.878	79
333.878	334.178	79
333.878	334.178	73
334.172	335.786	80
334.172	335.786	68
334.175	334.963	53
334.176	335.786	41
334.448	334.707	72
334.449	334.704	77
334.704	335.216	77
334.707	335.215	72
334.959	335.786	60
334.963	335.786	53
334.963	335.786	56
335.215	335.786	72
335.216	335.786	77
335.474	335.786	34
335.477	335.786	46
335.779	336.594	79
335.782	336.597	67
335.782	336.576	48
335.786	336.576	36
336.054	336.325	72
336.055	336.328	75
336.325	336.598	72
336.328	336.598	75
336.601	339.265	36
336.689	339.265	48
336.787	339.265	51
336.881	339.265	55
336.972	339.265	60
337.067	339.265	63
337.158	337.511	67
337.245	337.427	72
337.34	337.686	75
337.427	337.602	72
337.511	339.265	67
337.602	339.265	72
337.686	339.265	75
337.774	339.265	79
337.857	339.265	84
337.941	339.265	87
338.012	339.265	91
338.082	339.265	96
338.155	339.265	99
338.239	339.722	103
339.723	341.316	79
339.727	341.316	67
339.727	341.316	36
339.727	341.316	48
340.002	340.259	72
340.003	340.256	75
340.256	340.77	75
340.259	340.769	72
340.51	341.316	55
340.51	341.316	60
340.511	341.316	63
340.769	341.032	72
340.77	341.029	75
341.029	341.316	75
341.032	341.312	72
341.312	342.877	72
341.312	342.876	84
341.315	342.878	44
341.316	342.09	56
341.588	341.844	75
341.589	341.842	80
341.842	342.334	80
341.844	342.337	75
342.09	342.877	56
342.092	342.886	60
342.092	342.886	63
342.334	342.586	80
342.337	342.586	75
342.586	342.886	80
342.586	342.886	75
342.876	344.469	84
342.877	344.469	72
342.877	343.651	56
342.878	344.469	44
343.143	343.399	77
343.143	343.398	74
343.398	343.905	74
343.399	343.901	77
343.65	344.469	58
343.651	344.469	56
343.653	344.469	62
343.654	344.469	65
343.901	344.172	77
343.905	344.172	74
344.172	344.469	74
344.172	344.469	77
344.459	346.058	70
344.46	346.058	82
344.462	346.058	43
344.462	345.249	55
344.738	344.998	79
344.738	345.001	75
344.998	345.502	79
345.001	345.497	75
345.246	346.058	63
345.249	346.058	55
345.25	346.058	58
345.497	345.762	75
345.502	345.761	79
345.761	346.058	79
345.762	346.058	75
346.044	347.629	74
346.045	347.629	86
346.045	347.629	47
346.048	347.629	35
346.324	346.579	80
346.324	346.577	77
346.577	347.08	77
346.579	347.079	80
346.832	347.629	53
346.834	347.629	62
346.835	347.629	56
347.079	347.333	80
347.08	347.335	77
347.333	347.629	80
347.335	347.629	77
347.619	349.222	87
347.62	349.222	75
347.62	349.222	48
347.622	349.222	36
347.895	348.159	79
347.899	348.158	84
348.158	348.666	84
348.159	348.662	79
348.41	349.222	60
348.411	349.222	55
348.414	349.222	63
348.662	348.918	79
348.666	348.918	84
348.918	349.222	79
348.918	349.215	84
349.212	350.826	72
349.215	350.826	84
349.216	350.003	53
349.218	350.826	41
349.488	349.754	81
349.489	349.754	75
349.754	350.254	81
349.754	350.254	75
349.999	350.826	63
350.003	350.826	53
350.003	350.826	57
350.254	350.514	75
350.254	350.514	81
350.514	350.826	81
350.514	350.826	75
350.821	351.633	70
350.822	351.637	82
350.822	351.62	34
350.825	351.62	46
351.094	351.368	74
351.095	351.368	77
351.368	351.637	74
351.368	351.64	77
351.641	353.674	46
351.736	353.674	53
351.829	353.674	58
351.928	353.674	62
352.019	353.674	65
352.107	353.674	70
352.2	352.561	74
352.292	352.467	77
352.38	352.729	82
352.467	352.645	77
352.561	353.674	74
352.645	353.674	77
352.729	353.674	82
352.82	353.674	86
352.925	353.674	89
353.037	353.999	94
354	355.595	75
354	355.595	87
354.003	354.787	60
354.004	355.595	48
354.282	354.539	84
354.286	354.539	79
354.539	355.042	79
354.539	355.042	84
354.783	355.59	55
354.787	355.595	60
354.788	355.595	63
355.042	355.305	79
355.042	355.306	84
355.305	355.595	79
355.306	355.595	84
355.589	357.164	86
355.589	357.164	74
355.59	356.363	55
355.591	357.164	43
355.861	356.117	79
355.862	356.117	82
356.117	356.61	79
356.117	356.611	82
356.363	357.164	55
356.365	357.164	62
356.366	357.164	58
356.61	356.866	79
356.611	356.866	82
356.866	357.164	79
356.866	357.164	82
357.15	358.743	72
357.15	358.743	84
357.151	357.924	56
357.153	358.743	44
357.416	357.679	80
357.419	357.678	75
357.678	358.178	75
357.679	358.179	80
357.924	358.743	56
357.926	358.743	53
357.927	358.743	60
358.178	358.452	75
358.179	358.452	80
358.452	358.743	75
358.452	358.743	80
358.739	360.331	70
358.742	360.331	82
358.742	360.331	51
358.742	360.331	39
359.012	359.275	75
359.015	359.274	79
359.274	359.775	79
359.275	359.774	75
359.527	360.331	58
359.529	360.331	55
359.529	360.331	63
359.774	360.035	75
359.775	360.037	79
360.035	360.331	75
360.037	360.325	79
360.325	361.906	67
360.325	361.906	79
360.328	361.906	40
360.328	361.108	52
360.597	360.86	70
360.6	360.859	73
360.859	361.353	73
360.86	361.353	70
361.107	361.906	58
361.108	361.906	61
361.108	361.906	52
361.353	361.616	70
361.353	361.616	73
361.616	361.906	73
361.616	361.906	70
361.896	362.7	80
361.899	362.7	68
361.9	362.7	53
361.9	362.7	41
362.175	362.435	72
362.179	362.438	77
362.435	362.7	72
362.438	362.7	77
362.69	363.502	67
362.69	363.502	79
362.69	363.502	43
362.693	363.502	55
362.942	363.202	75
362.942	363.201	70
363.201	363.502	70
363.202	363.502	75
363.496	365.102	65
363.498	365.106	77
363.499	364.29	58
363.499	364.983	46
363.775	364.034	70
363.776	364.035	75
364.034	364.542	70
364.035	364.542	75
364.29	365.109	63
364.29	365.109	58
364.542	364.793	75
364.542	364.791	70
364.791	365.109	70
364.793	365.109	75
364.983	366.744	46
365.021	366.744	53
365.063	366.744	56
365.102	366.744	65
365.105	366.744	68
365.106	366.744	74
365.106	366.744	77
365.108	366.744	62
366.466	366.743	75
366.74	367.555	63
366.74	367.689	67
366.743	367.948	75
366.743	367.013	51
366.744	369.967	39
367.01	367.289	55
367.012	367.286	58
367.013	367.29	51
367.286	367.559	58
367.289	367.559	55
367.29	367.559	51
367.555	369.676	63
367.559	367.825	51
367.559	367.826	58
367.559	367.828	55
367.689	369.963	67
367.825	369.96	70
367.825	368.087	51
367.826	368.087	58
367.828	368.091	55
367.948	369.677	75
368.085	369.967	79
368.087	368.361	51
368.087	368.363	58
368.091	368.361	55
368.217	369.967	82
368.36	369.967	87
368.361	368.62	55
368.361	368.621	51
368.363	368.622	58
368.62	368.886	55
368.621	368.888	51
368.622	368.889	58
368.886	369.149	55
368.888	369.148	51
368.889	369.149	58
369.148	369.414	51
369.149	369.417	55
369.149	369.415	58
369.414	369.679	51
369.415	369.677	58
369.417	369.677	55
369.676	369.964	63
369.677	369.966	75
369.677	369.967	55
369.677	369.967	58
369.679	369.967	51
369.96	371.035	70
369.963	370.898	67
369.964	370.778	63
369.966	371.164	75
369.967	373.179	37
369.967	370.226	49
370.225	370.505	58
370.226	370.502	49
370.229	370.502	55
370.23	370.502	51
370.502	370.779	51
370.502	370.782	55
370.502	370.779	49
370.505	370.78	58
370.778	372.889	63
370.779	371.041	51
370.779	371.039	49
370.78	371.039	58
370.782	371.038	55
370.898	373.179	67
371.035	373.179	70
371.038	371.3	55
371.039	371.297	49
371.039	371.3	58
371.041	371.301	51
371.164	372.886	75
371.296	373.179	79
371.297	371.57	49
371.3	371.573	58
371.3	371.574	55
371.301	371.574	51
371.43	373.179	82
371.57	373.179	87
371.57	371.84	49
371.573	371.837	58
371.574	371.84	55
371.574	371.839	51
371.837	372.099	58
371.839	372.102	51
371.84	372.098	49
371.84	372.098	55
372.098	372.362	55
372.098	372.358	49
372.099	372.361	58
372.102	372.361	51
372.358	372.621	49
372.361	372.623	51
372.361	372.621	58
372.362	372.62	55
372.62	372.89	55
372.621	372.892	58
372.621	372.892	49
372.623	372.89	51
372.886	373.173	75
372.889	373.173	63
372.89	373.179	55
372.89	373.179	51
372.892	373.179	49
372.892	373.179	58
373.173	374.37	75
373.173	373.986	63
373.176	374.108	68
373.177	376.4	36
373.177	373.442	48
373.442	373.719	48
373.443	373.719	56
373.443	373.715	51
373.446	373.719	60
373.715	373.992	51
373.719	373.989	60
373.719	373.988	48
373.719	373.988	56
373.986	376.102	63
373.988	374.248	56
373.988	374.251	48
373.989	374.247	60
373.992	374.248	51
374.108	376.397	68
374.247	376.4	72
374.247	374.503	60
374.248	374.502	51
374.248	374.506	56
374.251	374.503	48
374.37	376.103	75
374.5	376.4	80
374.502	374.776	51
374.503	374.779	48
374.503	374.776	60
374.506	374.776	56
374.632	376.4	84
374.773	376.4	87
374.776	375.045	51
374.776	375.043	60
374.776	375.042	56
374.779	375.042	48
375.042	375.309	48
375.042	375.309	56
375.043	375.311	60
375.045	375.308	51
375.308	375.568	51
375.309	375.571	56
375.309	375.574	48
375.311	375.57	60
375.568	375.839	51
375.57	375.837	60
375.571	375.839	56
375.574	375.836	48
375.836	376.106	48
375.837	376.106	60
375.839	376.109	56
375.839	376.105	51
376.102	376.4	63
376.103	376.397	75
376.105	376.4	51
376.106	376.4	48
376.106	376.4	60
376.109	376.4	56
376.393	377.59	77
376.397	377.467	75
376.397	379.623	68
376.397	377.335	71
376.399	379.623	44
376.4	379.623	32
376.663	376.939	56
376.666	376.939	51
376.666	376.939	59
376.939	377.215	51
376.939	377.216	56
376.939	377.216	59
377.215	379.336	65
377.215	377.468	51
377.216	377.47	56
377.216	377.468	59
377.335	379.623	71
377.467	379.62	75
377.468	377.723	51
377.468	377.723	59
377.47	377.726	56
377.59	379.337	77
377.722	379.623	83
377.723	378.003	51
377.723	378.003	59
377.726	378.003	56
377.856	379.623	87
378	379.623	89
378.003	378.276	56
378.003	378.276	59
378.003	378.276	51
378.276	378.542	56
378.276	378.543	51
378.276	378.542	59
378.542	378.802	56
378.542	378.802	59
378.543	378.804	51
378.802	379.071	56
378.802	379.067	59
378.804	379.07	51
379.067	379.339	59
379.07	379.337	51
379.071	379.339	56
379.336	379.623	65
379.337	379.623	77
379.337	379.623	51
379.339	379.623	59
379.339	379.623	56
379.617	380.558	70
379.617	380.824	79
379.619	380.432	67
379.62	380.695	75
379.62	382.834	39
379.62	386.018	27
379.886	380.162	55
379.887	380.16	63
379.889	380.163	58
379.889	380.162	51
380.16	380.433	63
380.162	380.435	51
380.162	380.436	55
380.163	380.435	58
380.432	387.524	67
380.433	380.695	63
380.435	380.697	58
380.435	380.698	51
380.436	380.698	55
380.558	387.523	70
380.695	387.526	75
380.695	380.957	63
380.697	380.96	58
380.698	380.961	51
380.698	380.961	55
380.824	381.622	79
380.957	381.496	82
380.957	387.597	63
380.96	381.227	58
380.961	381.224	51
380.961	381.227	55
381.086	381.353	87
381.223	382.025	91
381.224	381.499	51
381.227	381.499	55
381.227	381.499	58
381.227	381.5	46
381.353	381.888	87
381.496	381.758	82
381.499	381.762	58
381.499	381.759	51
381.499	381.759	55
381.5	381.762	46
381.622	382.416	79
381.758	382.286	82
381.759	382.028	51
381.759	382.029	55
381.762	387.596	58
381.762	382.029	46
381.888	382.15	87
382.025	382.833	91
382.028	382.291	51
382.028	382.287	43
382.029	382.29	46
382.029	382.287	55
382.15	382.687	87
382.286	382.553	82
382.287	382.553	55
382.287	382.554	43
382.29	382.556	46
382.291	382.557	51
382.416	383.638	79
382.553	383.767	82
382.553	387.596	55
382.554	383.641	43
382.556	382.833	46
382.557	382.837	51
382.687	383.904	87
382.833	384.03	91
382.833	383.106	46
382.834	383.106	39
382.837	383.102	51
383.102	383.372	51
383.106	383.373	46
383.106	383.369	39
383.369	383.639	39
383.372	383.641	51
383.373	383.639	46
383.638	387.523	79
383.639	383.91	46
383.639	383.908	39
383.641	383.908	51
383.641	383.907	43
383.767	393.844	82
383.904	393.844	87
383.907	384.17	43
383.908	384.169	39
383.908	384.17	51
383.91	384.167	46
384.03	384.814	91
384.167	384.684	94
384.167	384.432	46
384.169	384.43	39
384.17	387.594	51
384.17	384.432	43
384.29	384.552	99
384.429	385.206	103
384.429	384.685	34
384.43	384.688	39
384.432	384.684	46
384.432	384.688	43
384.552	385.073	99
384.684	384.944	94
384.684	384.948	46
384.685	384.947	34
384.688	384.948	39
384.688	384.947	43
384.814	385.592	91
384.944	385.468	94
384.947	385.206	43
384.947	385.21	34
384.948	385.21	39
384.948	389.231	46
385.073	385.335	99
385.206	386.012	103
385.206	385.469	43
385.209	385.469	31
385.21	385.472	34
385.21	385.472	39
385.335	385.868	99
385.468	385.727	94
385.469	385.732	43
385.469	385.731	31
385.472	385.731	34
385.472	385.731	39
385.592	386.014	91
385.727	386.014	94
385.731	386.018	39
385.731	393.844	31
385.731	386.019	34
385.732	393.844	43
385.868	386.015	99
386.012	393.844	103
386.014	393.844	94
386.014	393.844	91
386.015	393.844	99
386.018	393.844	27
386.018	389.228	39
386.019	393.844	34
387.523	387.593	79
387.523	387.589	70
387.524	387.593	67
387.526	387.594	75
387.589	393.844	70
387.593	393.844	67
387.593	393.844	79
387.594	393.844	75
387.594	389.231	51
387.596	389.143	55
387.596	389.144	58
387.597	389.144	63
389.143	389.228	55
389.144	389.228	63
389.144	389.227	58
389.227	393.844	58
389.228	393.844	55
389.228	393.844	63
389.228	393.844	39
389.231	393.844	46
389.231	393.844	51
