OnsetTime	OffsetTime	MidiPitch
0.525982	1.79599	52
0.528986	1.79599	55
0.528986	1.16598	59
1.16598	1.47799	60
1.47799	1.79999	59
1.79999	2.75598	71
1.80298	3.08398	51
1.80298	3.08198	59
1.80298	3.08398	54
2.11799	3.08398	66
2.43299	3.08398	78
2.75598	3.08099	71
3.08099	4.35099	71
3.08099	4.35498	52
3.08198	4.03299	59
3.08398	4.35498	55
3.39199	4.35599	79
3.71399	4.33298	60
4.03299	4.35799	59
4.35799	5.31298	71
4.35898	5.63597	51
4.35898	5.63498	59
4.36199	5.63597	54
4.67297	5.63597	66
4.99197	5.63597	78
5.31298	5.63197	71
5.63197	6.90597	71
5.63498	6.90597	52
5.63498	6.58697	59
5.63597	6.90897	55
5.94697	6.90897	79
6.26897	6.85297	60
6.58697	6.90897	59
6.90997	7.88896	71
6.91297	8.20797	50
6.91397	8.20797	54
6.91397	8.20797	59
7.23797	8.20797	66
7.56696	8.20797	78
7.88896	8.20396	71
8.20396	9.52896	71
8.20496	9.56596	48
8.20496	9.56596	52
8.20797	9.19896	59
8.54697	9.56596	76
8.87596	9.56596	60
9.19896	9.53196	59
9.52896	10.53	71
9.53095	10.8749	47
9.53095	10.8789	51
9.53196	9.85295	59
9.85695	10.8789	66
10.186	10.6719	78
10.53	10.8799	71
10.8799	12.1529	71
10.8819	12.1559	52
10.8819	11.8339	59
10.8859	12.1559	55
11.1969	12.1569	83
11.5159	12.1099	60
11.8339	12.1599	59
12.1599	13.1149	71
12.1609	13.4409	51
12.1609	13.4409	54
12.1629	13.4379	59
12.4749	13.4409	66
12.7929	13.4409	78
13.1149	13.4339	71
13.4339	14.7079	71
13.4369	14.7079	52
13.4369	14.7109	55
13.4379	14.3889	59
13.7489	14.7109	79
14.0709	14.6509	60
14.3889	14.7119	59
14.7119	15.6669	71
14.7149	15.9879	51
14.7149	15.9879	54
14.7159	15.9879	59
15.0259	15.9879	66
15.3439	15.9879	78
15.6669	15.9809	71
15.9809	17.2619	71
15.9849	17.2659	52
15.9849	17.2659	55
15.9879	16.9379	59
16.2959	17.2659	79
16.6219	17.2659	60
16.9379	17.2629	59
17.2619	18.2389	71
17.2629	18.5639	54
17.2629	18.5619	59
17.2659	18.5639	50
17.5879	18.5639	66
17.9169	18.5639	78
18.2389	18.5609	71
18.5609	19.9089	71
18.5619	19.9089	52
18.5619	19.5799	59
18.5639	19.9119	48
18.9109	19.9119	76
19.2399	19.8659	60
19.5799	19.9129	59
19.9159	20.9589	71
19.9159	21.3429	51
19.9169	20.8079	59
19.9169	21.3439	47
20.2409	21.3469	66
20.5949	20.9619	78
20.9619	21.3479	71
21.3479	22.6589	80
21.3489	22.6599	71
21.3499	22.6629	76
21.3509	22.6639	83
21.3509	22.6639	40
21.3509	22.2469	47
22.0229	22.3409	49
22.3439	22.6659	47
22.6669	23.0089	71
22.6669	23.9649	83
22.6699	23.6459	78
22.6709	23.9659	75
22.6709	23.9689	69
22.6719	23.9719	40
22.6739	23.0099	47
23.0129	23.6509	80
23.0139	23.6509	56
23.6509	23.9729	78
23.6529	23.9729	54
23.9729	25.2319	68
23.9759	25.2319	71
23.9759	25.2319	76
23.9769	25.2349	40
23.9789	24.9179	47
24.6059	24.9729	49
24.9179	25.2359	47
25.2359	25.5779	59
25.2399	26.5369	57
25.2399	26.5379	63
25.2399	26.2189	66
25.2419	26.5379	71
25.2429	26.5419	40
25.2429	25.5829	47
25.5829	26.2199	68
25.5829	26.2229	56
26.2229	26.5419	66
26.2229	26.5439	54
26.5449	27.8249	56
26.5449	27.8259	59
26.5489	27.8289	64
26.5489	27.8299	40
26.5489	27.5149	47
27.1999	27.5909	49
27.5149	27.8329	47
27.8329	29.1899	63
27.8329	29.1939	59
27.8359	28.1929	54
27.8369	29.1949	47
27.8369	28.1939	42
28.1939	28.8539	56
28.1959	28.8549	44
28.8549	29.1949	54
28.8579	29.1949	42
29.1969	30.4679	52
29.1979	30.4689	58
29.1979	29.8339	61
29.2009	30.4689	42
29.8379	30.1489	63
30.1499	30.4709	61
30.4719	31.8789	51
30.4719	31.8819	59
30.4749	30.8279	30
30.4759	30.8289	42
30.8289	31.4999	32
30.8319	31.5039	44
31.5049	31.8819	30
31.5049	31.8829	42
31.8829	33.1379	71
31.8859	33.1389	80
31.8859	33.1389	76
31.8869	33.1419	83
31.8889	32.9739	28
31.8889	32.9739	40
32.5199	32.9739	49
32.8339	33.1419	47
33.1429	33.4879	71
33.1449	34.4439	83
33.1449	34.1249	78
33.1458	34.4469	75
33.1489	34.4479	69
33.1489	34.4479	40
33.1499	33.4889	47
33.4889	34.1259	80
33.4889	34.1259	56
34.1289	34.4509	78
34.1299	34.4509	54
34.4519	35.7109	68
34.4519	35.7119	71
34.4539	35.7119	76
34.4539	35.7139	40
34.4548	35.3989	47
35.0849	35.5639	49
35.3989	35.7149	47
35.7149	36.0569	59
35.7159	37.0159	57
35.7179	37.0169	63
35.7189	36.6979	66
35.7189	37.0169	71
35.7209	37.0199	40
35.7219	36.0619	47
36.0619	36.6989	68
36.0619	36.6989	56
36.6989	37.0209	66
36.7019	37.0209	54
37.0229	38.3039	56
37.0239	38.3049	59
37.0239	38.3079	64
37.0269	38.3089	40
37.0279	37.9939	47
37.6719	38.0839	49
37.9939	38.3089	47
38.3109	39.6769	63
38.3119	39.6779	59
38.3119	38.6718	54
38.3119	39.6779	47
38.3149	38.6729	42
38.6729	39.3368	56
38.6738	39.3379	44
39.3409	39.6779	54
39.3418	39.6799	42
39.6799	40.9509	52
39.6809	40.9519	58
39.6839	40.3209	61
39.6839	40.9539	42
40.3218	40.6319	63
40.6359	40.9549	61
40.9579	42.3578	51
40.9589	42.3578	59
40.9589	41.3458	30
40.9609	41.3498	42
41.3498	42.0218	32
41.3509	42.0218	44
42.0229	42.3588	30
42.0249	42.3608	42
42.3608	43.6108	62
42.3618	46.0428	59
42.3648	44.8208	54
42.3648	42.9838	35
42.9838	43.2958	37
43.2988	43.6108	35
43.6138	44.8248	61
43.6138	43.9118	30
43.9148	44.5208	42
44.2198	45.4338	57
44.5218	44.8258	30
44.8278	47.2968	64
44.8288	45.4348	28
45.4348	46.0438	56
45.4368	45.7418	30
45.7428	46.0438	28
46.0468	47.2988	57
46.0468	47.2998	61
46.0498	46.3538	33
46.3548	46.9848	45
46.9848	47.2998	44
47.3008	51.0338	61
47.3038	49.1618	66
47.3038	48.5488	69
47.3038	47.9268	42
47.9268	48.2378	44
48.2378	48.5528	42
48.5528	49.7738	68
48.5558	48.8538	37
48.8538	49.4658	49
49.1618	51.0348	64
49.4658	49.7748	37
49.7778	50.3968	68
49.7788	51.0378	70
49.7808	50.0888	42
50.0898	50.7118	54
50.3978	52.2838	66
50.7128	51.0388	42
51.0408	52.2848	63
51.0418	52.2848	71
51.0418	51.3418	35
51.3428	51.9688	47
51.9698	52.2868	47
52.2878	53.5288	71
52.2878	53.5328	64
52.2908	54.7888	48
52.2918	52.9098	59
52.9108	53.2178	60
53.2188	53.5338	59
53.5338	54.7928	64
53.5368	54.7938	69
53.5368	53.8548	59
53.8588	54.4808	62
54.4848	54.7938	60
54.7968	56.0468	66
54.7968	55.4198	60
54.7968	55.4198	59
54.7998	56.0468	50
55.4198	55.7318	62
55.4208	56.0478	57
55.7318	56.0498	60
56.0498	57.3858	67
56.0498	56.3718	59
56.0508	57.3868	55
56.3718	57.0608	64
56.3728	57.0618	60
57.0618	57.3768	62
57.0648	57.3868	59
57.3898	58.6438	71
57.3908	58.6468	64
57.3908	59.9418	48
57.3918	58.0138	59
58.0138	58.3318	60
58.3358	58.6508	59
58.6508	59.9418	64
58.6518	59.9428	69
58.6518	58.9828	59
58.9828	59.6198	62
59.6238	59.9428	60
59.9458	61.3098	66
59.9458	60.6038	60
59.9458	60.6038	59
59.9468	61.3108	50
60.6038	60.9558	62
60.6068	61.3128	57
60.9568	61.3138	60
61.3138	62.9758	71
61.3148	61.6948	59
61.3178	61.6958	55
61.3178	62.9768	51
61.6958	62.5528	67
61.6988	62.5528	59
62.5538	62.9588	66
62.5568	62.9768	57
62.9798	64.2818	52
62.9808	63.6308	55
63.6348	63.9598	60
63.9608	64.2828	59
64.2848	65.2418	71
64.2858	65.5668	51
64.2858	65.5668	54
64.2888	65.5668	59
64.6048	65.5668	66
64.9188	65.5668	78
65.2418	65.5638	71
65.5638	66.8408	71
65.5638	66.8718	52
65.5658	66.8718	55
65.5668	66.5188	59
65.8778	66.8718	79
66.1998	66.8718	60
66.5188	66.8438	59
66.8408	67.7958	71
66.8438	68.1218	51
66.8438	68.1218	54
66.8438	68.1218	59
67.1578	68.1218	66
67.4738	68.1218	78
67.7958	68.1178	71
68.1178	69.4298	71
68.1188	69.4308	52
68.1218	69.4328	55
68.1218	69.1018	59
68.4398	69.4338	83
68.7658	69.3918	60
69.1018	69.4338	59
69.4378	70.4598	72
69.4378	70.8158	57
69.4388	70.8138	60
69.7628	70.8158	71
70.1058	70.8158	83
70.4598	70.8098	72
70.8098	72.2238	72
70.8138	72.2238	50
70.8138	72.2238	54
70.8138	71.8288	60
71.1558	72.2238	81
71.5068	72.2238	62
71.8288	72.2238	60
72.1648	73.2118	71
72.1668	73.5718	55
72.1668	73.5708	59
72.4958	73.5718	69
72.8498	73.5718	81
73.2118	73.5678	71
73.5678	75.0338	71
73.5708	75.0338	48
73.5708	75.0338	52
73.5708	74.6278	59
73.9138	75.0338	79
74.2678	75.0338	60
74.6278	75.0338	59
75.0168	76.1378	69
75.0168	76.5328	54
75.0177	76.5318	57
75.3658	76.5328	67
75.7368	76.5328	79
76.1378	76.5298	69
76.5298	78.6788	69
76.5298	78.6918	47
76.5318	78.6918	51
76.5318	77.8378	57
76.9128	78.6918	78
77.3198	78.6918	59
77.8378	83.7798	57
78.6788	83.7837	69
78.6788	83.7848	76
78.6808	83.7868	60
78.6808	83.7868	52
82.5028	83.7877	45
