OnsetTime	OffsetTime	MidiPitch
0.532996	1.58799	70
0.534994	1.592	67
0.534994	2.64498	51
1.58599	2.15898	68
1.58599	2.15898	65
2.10999	2.68098	63
2.11398	2.68098	67
2.63798	3.18397	68
2.64198	3.18896	72
3.13898	3.68497	67
3.13898	3.68597	70
3.68897	4.69997	70
3.68997	4.69997	67
3.68997	4.70397	51
4.70397	5.70097	65
4.70497	5.70097	68
4.70697	5.70196	53
5.70497	6.74496	63
5.70497	6.74496	67
5.70597	6.74596	55
6.74796	7.77295	64
6.74796	7.77396	58
6.74895	7.77396	61
7.77596	8.29796	65
7.77695	8.81195	60
7.77695	8.81295	56
8.30195	8.81295	72
8.81395	9.06495	70
9.06495	9.32095	68
9.32395	9.57595	67
9.57895	9.83494	65
9.83595	10.9059	55
9.83595	10.9089	63
9.83694	10.0999	45
10.1009	10.3699	46
10.3739	10.6399	48
10.6399	10.9099	46
10.9099	11.1679	53
10.9129	11.1689	62
10.9129	11.9559	46
11.3019	11.4339	58
11.4349	11.5599	62
11.5639	11.6959	60
11.6969	11.8299	63
11.8299	11.9599	62
11.9599	12.0919	65
12.0929	12.2179	63
12.2179	12.3509	67
12.3519	12.4809	65
12.4809	12.6139	68
12.6139	12.7399	67
12.7439	12.8659	70
12.8689	12.9949	68
12.9959	13.1279	72
12.9979	14.0519	39
12.9989	14.0559	51
13.1319	14.0559	67
13.1329	13.7899	70
13.7929	13.9189	72
13.9199	14.0569	70
14.0569	14.3179	68
14.3209	14.5839	67
14.5869	14.8539	65
14.8539	15.1269	63
15.1269	15.3859	79
15.1299	16.1769	51
15.1309	16.1769	60
15.3889	15.6549	74
15.6559	15.9139	75
15.9169	16.1809	72
16.1809	17.2509	70
16.1839	17.2518	60
16.1839	17.2518	53
17.2548	17.4478	70
17.2558	18.3078	58
17.2558	18.3088	62
17.3488	17.5478	68
17.4478	17.6468	70
17.5478	17.7448	68
17.6468	17.8428	70
17.7448	17.9478	68
17.8428	18.2728	70
17.9478	18.1758	68
18.0418	18.2728	67
18.1758	18.3088	68
18.3118	18.4488	67
18.3128	18.8478	60
18.3128	18.8478	63
18.5848	18.8488	75
18.8508	19.1138	74
19.1138	19.3828	73
19.3828	19.6948	71
19.3838	20.6428	44
19.3868	20.6428	56
19.6208	19.6978	74
19.6978	19.9988	72
19.9218	19.9988	70
19.9998	20.2998	68
20.2228	20.2998	67
20.3008	20.6438	65
20.6458	22.4238	63
20.6468	23.0338	46
20.6468	21.8258	55
21.8268	23.0338	56
22.4248	22.7248	67
22.4258	23.0348	62
22.7258	23.0358	65
23.0368	24.0898	63
23.0398	23.2998	51
23.3028	23.5618	55
23.5618	23.8238	58
23.8248	24.0908	55
24.0908	25.1338	51
24.3528	24.8748	55
24.6188	25.1328	67
24.6188	25.1338	70
24.6228	25.6448	58
24.8748	25.3848	55
25.1328	25.6438	67
25.1338	25.6448	70
25.1338	26.1848	51
25.3848	25.9068	55
25.6438	26.1868	67
25.6448	26.1868	70
25.6448	26.1868	58
25.9068	26.1868	55
26.1838	27.7628	68
26.1838	26.7078	75
26.1848	26.6268	51
26.4418	26.7088	53
26.7088	27.7628	74
26.7118	27.7628	56
26.9718	27.4998	53
27.2338	27.7628	51
27.4998	27.7628	53
27.7628	28.2868	82
27.7628	28.2868	56
28.0148	28.2868	80
28.0168	28.2868	53
28.2698	29.2958	79
28.2728	29.2948	51
28.5258	29.2918	77
28.5288	29.0388	53
28.7818	29.2958	75
28.7838	29.2958	56
29.0368	29.2958	74
29.0388	29.2958	53
29.2918	29.4668	77
29.2948	29.5568	51
29.3788	29.4968	75
29.4668	29.5618	77
29.5618	30.0828	75
29.5628	29.8188	55
29.8198	30.0828	58
30.0838	30.2078	74
30.0838	30.3408	55
30.2088	30.3408	72
30.3418	30.8658	70
30.3448	30.6038	51
30.6048	30.8667	55
30.8667	31.3788	67
30.8678	31.3808	70
30.8698	31.8927	58
31.1188	31.6328	55
31.3788	31.8918	67
31.3808	31.8898	70
31.3808	32.4138	51
31.6328	32.1478	55
31.8898	32.4138	70
31.8918	32.4138	67
31.8927	32.4138	58
32.1478	32.4138	55
32.4107	34.5447	68
32.4138	32.9447	75
32.4138	32.9447	51
32.6688	32.9447	53
32.9317	34.5447	74
32.9347	33.4837	56
33.1907	33.4837	53
33.4537	34.4897	51
33.7157	34.2337	53
33.9777	34.5447	82
33.9787	34.5447	56
34.2327	34.5447	80
34.2337	34.5447	53
34.4897	35.5007	79
34.4897	35.5007	51
34.7377	35.5007	77
34.7397	35.2517	53
34.9927	35.4977	75
34.9937	35.5007	56
35.2497	35.5007	74
35.2517	35.5007	53
35.4977	35.8407	75
35.4997	36.5118	55
35.5007	36.5127	51
35.7527	36.0287	77
35.8407	36.0077	75
35.9207	36.0287	74
36.0077	36.3868	75
36.1307	36.3878	77
36.2568	36.3878	79
36.3868	36.5148	75
36.5158	36.7668	70
37.0158	37.5618	70
37.0168	37.5618	67
37.0198	37.5658	58
37.0198	37.5658	55
37.5687	38.1287	65
37.5687	38.1317	68
37.5698	38.1357	56
37.5698	38.1357	60
38.1367	38.7517	63
38.1367	38.7527	67
38.1397	38.7547	57
38.1397	38.7557	60
38.7557	39.8897	63
38.7587	39.6047	70
38.7597	39.8927	58
39.6057	39.8927	67
39.8927	41.0057	62
39.8967	41.0067	65
40.4597	41.0087	58
41.0087	41.5457	53
41.5457	42.0768	50
41.9467	42.0807	65
42.0837	43.6627	77
42.0837	43.6627	46
42.6097	43.6627	50
43.1307	43.6627	53
43.6597	44.2427	75
43.6627	44.2427	58
43.7917	44.2427	74
43.9277	44.2427	72
44.0547	44.2427	70
44.1877	44.7437	69
44.1907	44.7437	63
44.7167	45.2487	70
44.7197	45.2487	62
45.2447	45.8777	72
45.2477	45.8777	69
45.2477	45.8777	63
45.2487	45.8777	60
45.7977	45.9267	75
45.8017	46.4107	70
45.8017	46.4107	62
45.8027	46.4107	58
45.9307	46.1897	74
46.0597	46.3257	72
46.1897	46.4107	74
46.3257	46.8507	72
46.3297	46.8517	75
46.3297	46.8517	60
46.3307	46.8537	57
46.8537	47.3977	65
47.3977	47.9427	65
47.9427	48.4887	65
48.4897	50.0717	75
49.0097	50.0717	53
49.5387	50.0717	57
50.0677	50.6057	77
50.0707	50.6057	60
50.2007	50.6057	75
50.3337	50.6057	74
50.4637	50.6057	72
50.5997	51.1247	70
50.5997	51.1257	62
51.1257	51.6567	69
51.1277	51.6567	72
51.1287	51.6567	63
51.1287	52.2787	65
51.6547	52.2787	74
51.6567	52.2787	70
51.6567	52.2787	62
52.2027	52.3277	77
52.2027	52.8007	72
52.2037	52.8007	60
52.2057	52.8007	63
52.3327	52.6057	75
52.4717	52.7427	74
52.6057	52.8007	75
52.7427	53.2147	74
52.7427	53.2147	77
52.7447	53.2697	62
52.7457	53.2707	58
53.2727	53.8197	46
53.8197	54.3617	46
54.3627	54.9077	46
54.9087	56.4867	80
55.4297	55.9577	50
55.9587	56.4907	53
56.4907	56.6197	79
56.4907	57.0147	56
56.6207	56.7527	77
56.7557	56.8817	75
56.8827	57.0187	74
57.0187	57.5707	75
57.0197	57.5717	55
57.5747	57.8687	77
57.5757	57.8697	50
58.1587	59.7687	78
58.6947	59.2307	58
58.6947	59.2337	51
59.2377	59.7697	58
59.2387	59.7697	51
59.7707	60.0187	80
59.7727	60.2837	59
59.7737	60.2837	51
60.0187	60.2847	79
60.2877	60.5397	77
60.2877	60.8047	51
60.2887	60.8057	60
60.5407	60.8087	75
60.8097	61.0547	74
60.8097	61.3137	57
60.8127	61.3137	51
61.0577	61.3147	72
61.3147	61.4847	77
61.3167	61.8277	58
61.3167	61.8287	50
61.4877	61.6527	76
61.6567	61.8287	77
61.8317	62.0027	79
61.8317	62.3657	51
61.8347	62.3707	58
62.0027	62.1707	67
62.1717	62.3707	75
62.3707	63.4237	70
62.3737	62.8947	53
62.3737	62.8947	62
62.8987	63.4247	62
62.8997	63.4267	53
63.4267	64.4976	69
63.4307	63.6857	74
63.4317	63.9597	63
63.4317	63.9597	53
63.6867	63.9627	72
63.9627	64.2257	70
63.9637	64.4976	63
63.9637	64.4987	53
64.2257	64.5017	72
64.5017	65.5556	70
64.5026	65.0276	62
64.5046	64.7616	58
64.7616	65.4426	58
65.0276	65.4426	62
65.2966	65.5556	65
65.5556	65.8136	63
65.8176	66.0836	65
66.0846	66.6046	70
66.0866	66.6056	77
66.0866	66.5486	62
66.3456	66.6076	65
66.6086	67.1336	77
66.6116	67.1336	72
66.6126	67.0286	60
66.8716	67.1346	65
67.1376	67.6806	74
67.1376	67.6766	77
67.1406	67.6806	58
67.3996	67.6806	65
67.6766	68.4606	77
67.6796	69.2406	75
67.6806	68.2316	57
67.9356	68.2316	60
68.1976	68.6416	63
68.3246	68.6416	79
68.4606	68.6416	77
68.4606	68.7186	62
68.5866	68.7186	76
68.7196	68.9776	77
68.7226	68.9816	60
68.9826	69.2436	58
69.2446	69.7766	69
69.2446	69.7766	77
69.2456	69.7516	57
69.5106	69.7776	55
69.7776	70.3186	70
69.7796	70.3186	79
69.7796	70.3186	53
70.0346	70.3186	55
70.3056	70.8606	72
70.3076	70.8606	81
70.3076	70.8606	51
70.5676	70.8606	53
70.8286	71.7256	82
70.8296	72.3696	70
70.8296	71.3086	50
71.0816	71.3376	53
71.3376	71.7716	58
71.4706	71.7716	84
71.6006	71.7716	86
71.6026	71.8546	53
71.7256	71.8556	82
71.8556	72.1136	77
71.8566	72.1146	62
72.3696	72.9086	74
72.3706	72.9096	77
72.3736	72.9116	58
72.3736	72.9126	62
72.9156	73.4506	72
72.9156	73.4516	75
72.9166	73.4516	60
72.9186	73.4546	63
73.4556	74.0286	70
73.4556	74.0286	74
73.4566	74.0326	65
73.4576	74.0326	62
74.0346	74.6786	72
74.0356	75.0676	67
74.0366	75.0716	63
74.6796	74.8056	74
74.8096	74.9426	75
74.9426	75.0726	72
75.0726	75.3306	79
75.5896	76.1176	67
75.5936	76.1216	72
75.5936	76.1226	60
75.5966	76.1226	51
76.1246	76.6526	65
76.1256	76.6536	70
76.1286	76.6536	62
76.1286	77.2106	53
76.6566	77.2136	69
76.6576	77.2136	72
76.6576	77.2136	63
77.2146	78.0466	72
77.2176	78.3296	69
77.2176	78.3336	63
77.2206	78.6095	58
78.0476	78.3346	73
78.3346	78.8896	70
78.3376	78.8906	74
78.3376	78.6106	62
78.6126	78.8906	58
78.8916	79.4285	70
78.8936	79.4266	77
78.8936	79.4285	62
79.1565	79.4285	65
79.4266	79.9855	72
79.4266	79.9655	77
79.4285	79.9855	63
79.6915	79.9855	62
79.9655	80.5016	77
79.9675	80.5036	74
79.9685	80.5036	60
80.2306	80.5036	58
80.5005	82.0645	75
80.5016	81.2835	77
80.5016	81.0076	57
80.7595	81.0175	60
81.0215	81.5005	63
81.1545	81.5005	79
81.2835	81.5005	77
81.2845	81.5385	62
81.4175	81.5435	76
81.5435	81.8025	77
81.5465	81.8045	60
81.8055	82.0645	58
82.0685	82.6105	69
82.0685	82.6105	77
82.0695	82.6105	57
82.3195	82.6105	55
82.5845	83.1665	79
82.5855	83.1665	70
82.5865	83.1665	53
82.8495	83.1665	55
83.1185	83.6725	72
83.1215	83.6725	81
83.1215	83.6725	51
83.3915	83.6725	53
83.6685	84.5715	82
83.6715	85.2175	70
83.6725	84.6305	50
83.9275	84.4485	53
84.1825	84.6305	58
84.3115	84.6305	84
84.4485	84.6305	86
84.4485	84.7005	53
84.5715	84.7005	82
84.7015	84.9555	77
84.7035	84.9555	62
85.2185	85.7565	74
85.2185	85.7575	77
85.2195	85.7575	58
85.2215	85.7615	62
85.7615	86.2965	72
85.7615	86.2965	75
85.7635	86.2995	60
85.7645	86.2995	63
86.3005	86.8765	70
86.3035	86.8775	74
86.3035	86.8775	65
86.3045	86.8805	62
86.8805	87.0195	71
86.8815	87.4505	63
86.8845	87.4515	67
87.0205	87.1675	72
87.1685	87.3075	74
87.3075	87.4515	72
87.4545	87.5915	75
87.5915	87.7285	74
87.7305	87.8675	77
87.8715	88.0045	75
88.0045	89.0575	79
89.0605	89.5865	77
89.0615	89.5865	57
89.0615	90.1635	63
89.0645	90.1635	53
89.5895	90.1645	60
90.0165	90.1645	69
90.1675	92.2215	70
90.1675	91.0765	58
90.4185	90.9305	62
90.6755	91.0765	65
90.9305	91.4415	62
91.1865	92.2215	58
91.4415	91.9495	62
91.6965	92.2215	80
91.6975	92.2215	65
91.9495	92.2215	62
92.2085	92.7225	79
92.2085	92.5435	63
92.4665	92.7235	60
92.7255	93.2545	81
92.7255	93.2545	65
92.9845	93.2545	63
93.2515	93.7865	84
93.2545	93.7025	62
93.5165	93.7865	65
93.7875	94.3175	82
93.7895	94.3175	62
94.0485	94.3175	60
94.3155	95.4105	58
94.5805	95.4105	56
94.8475	95.4105	68
94.8495	95.4105	53
95.1235	95.4105	50
95.3935	95.9485	67
95.3964	95.8965	51
95.6725	95.9495	48
95.9525	96.6045	63
95.9525	96.6075	69
95.9535	96.6075	53
96.2745	96.6075	41
96.6035	97.9655	72
96.6045	97.9655	63
96.6045	98.6405	46
97.9665	98.6445	70
97.9685	98.6475	62
98.6475	99.2704	62
98.6485	99.2704	65
98.6485	99.2714	56
99.2744	99.8514	63
99.2744	99.8524	67
99.2774	99.8524	55
99.8554	100.488	65
99.8564	100.489	68
99.8564	100.489	53
100.493	101.545	70
100.495	101.545	67
100.496	102.599	51
101.538	102.112	65
101.542	102.116	68
102.066	102.637	63
102.07	102.638	67
102.595	103.141	68
102.599	103.145	72
103.096	103.641	67
103.097	103.642	70
103.642	104.653	67
103.646	104.654	70
103.646	104.654	51
104.655	105.65	65
104.656	105.651	68
104.657	105.651	53
105.651	106.701	63
105.654	106.701	67
105.655	106.702	55
106.704	107.726	64
106.704	107.73	58
106.705	107.73	61
107.733	108.254	65
107.733	108.766	56
107.734	108.766	60
108.258	108.77	72
108.77	109.021	70
109.022	109.277	68
109.278	109.532	67
109.535	109.788	65
109.788	110.862	55
109.792	110.863	63
109.792	110.058	45
110.058	110.323	46
110.323	110.596	48
110.597	110.863	46
110.866	111.124	53
110.867	111.125	62
110.867	111.912	46
111.258	111.39	58
111.391	111.52	62
111.521	111.65	60
111.653	111.779	63
111.78	111.916	62
111.916	112.039	65
112.042	112.175	63
112.176	112.308	67
112.308	112.433	65
112.438	112.563	68
112.563	112.692	67
112.693	112.826	70
112.827	112.952	68
112.952	113.084	72
112.953	114.008	39
112.955	114.009	51
113.085	114.012	67
113.089	113.742	70
113.743	113.876	72
113.877	114.013	70
114.013	114.275	68
114.275	114.537	67
114.537	114.803	65
114.804	115.083	63
115.084	115.342	79
115.087	116.133	51
115.088	116.134	60
115.345	115.605	74
115.605	115.871	75
115.871	116.134	72
116.137	117.207	70
116.138	117.208	53
116.14	117.208	60
117.211	117.404	70
117.212	118.264	62
117.212	118.265	58
117.305	117.502	68
117.404	117.599	70
117.502	117.701	68
117.599	117.799	70
117.701	117.897	68
117.799	118.222	70
117.897	118.132	68
117.999	118.222	67
118.132	118.265	68
118.268	118.398	67
118.269	118.804	63
118.269	118.804	60
118.534	118.805	75
118.808	119.07	74
119.073	119.336	73
119.339	119.651	71
119.34	120.592	44
119.343	120.593	56
119.57	119.652	74
119.654	119.952	72
119.878	119.955	70
119.956	120.256	68
120.18	120.257	67
120.257	120.593	65
120.596	122.381	63
120.597	122.99	46
120.597	121.782	55
121.783	122.99	56
122.381	122.991	62
122.382	122.682	67
122.682	122.993	65
122.993	124.04	63
122.994	123.249	51
123.25	123.518	55
123.519	123.777	58
123.778	124.04	55
124.041	125.083	51
124.31	124.825	55
124.575	125.082	67
124.576	125.083	70
124.579	125.595	58
124.825	125.335	55
125.082	125.594	67
125.083	125.594	70
125.083	126.141	51
125.335	125.864	55
125.594	126.141	67
125.594	126.141	70
125.595	126.141	58
125.864	126.141	55
126.14	127.72	68
126.141	126.658	75
126.141	126.585	51
126.4	126.662	53
126.662	127.72	74
126.663	127.719	56
126.928	127.453	53
127.186	127.72	51
127.453	127.72	53
127.719	128.244	82
127.719	128.244	56
127.972	128.244	80
127.974	128.244	53
128.227	129.252	79
128.23	129.252	51
128.482	129.248	77
128.485	128.996	53
128.738	129.252	75
128.74	129.252	56
128.993	129.252	74
128.996	129.252	53
129.248	129.423	77
129.252	129.511	51
129.335	129.454	75
129.423	129.511	77
129.512	130.032	75
129.512	129.769	55
129.769	130.033	58
130.033	130.165	74
130.034	130.291	55
130.165	130.292	72
130.292	130.816	70
130.295	130.561	51
130.561	130.816	55
130.816	131.33	67
130.817	131.331	70
130.82	131.842	58
131.076	131.589	55
131.33	131.839	67
131.331	131.842	70
131.331	132.37	51
131.589	132.104	55
131.839	132.371	67
131.842	132.371	70
131.842	132.371	58
132.104	132.371	55
132.367	134.501	68
132.37	132.898	75
132.37	132.898	51
132.626	132.898	53
132.889	134.501	74
132.891	133.438	56
133.151	133.438	53
133.41	134.44	51
133.673	134.191	53
133.935	134.501	82
133.938	134.501	56
134.19	134.501	80
134.191	134.501	53
134.44	135.457	79
134.44	135.457	51
134.694	135.457	77
134.698	135.201	53
134.949	135.454	75
134.95	135.457	56
135.199	135.457	74
135.201	135.457	53
135.454	135.79	75
135.457	136.469	51
135.457	136.469	55
135.709	135.986	77
135.79	135.958	75
135.878	135.986	74
135.958	136.343	75
136.087	136.344	77
136.214	136.344	79
136.343	136.472	75
136.473	136.72	70
136.973	137.518	67
136.973	137.519	70
136.976	137.522	55
136.976	137.522	58
137.523	138.089	65
137.525	138.09	68
137.526	138.09	60
137.526	138.092	56
138.093	138.708	63
138.093	138.709	67
138.094	138.709	57
138.096	138.713	60
138.713	139.846	63
138.716	139.563	70
138.716	139.846	58
139.563	139.85	67
139.85	140.959	62
139.853	140.963	65
140.416	140.966	58
140.966	141.502	53
141.502	142.03	50
141.897	142.031	65
142.033	143.62	77
142.034	143.62	46
142.559	143.62	50
143.087	143.62	53
143.616	144.193	75
143.617	144.193	58
143.749	144.193	74
143.875	144.193	72
144.011	144.193	70
144.145	144.704	69
144.148	144.704	63
144.673	145.201	70
144.676	145.201	62
145.195	145.828	69
145.197	145.828	72
145.198	145.828	63
145.198	145.828	60
145.755	145.88	75
145.758	146.349	70
145.758	146.349	62
145.758	146.349	58
145.881	146.136	74
146.006	146.266	72
146.136	146.349	74
146.266	146.79	72
146.266	146.79	75
146.268	146.794	57
146.269	146.794	60
146.794	147.336	65
147.336	147.882	65
147.883	148.428	65
148.429	150	75
148.95	150	53
149.479	150	57
149.997	150.528	77
150	150.528	60
150.126	150.528	75
150.259	150.528	74
150.389	150.528	72
150.525	151.043	70
150.525	151.047	62
151.047	151.585	69
151.049	151.585	72
151.05	152.201	65
151.05	151.585	63
151.576	152.201	70
151.578	152.201	74
151.578	152.201	62
152.128	152.257	77
152.131	152.722	72
152.132	152.722	60
152.132	152.722	63
152.261	152.527	75
152.391	152.664	74
152.527	152.722	75
152.664	153.139	74
152.665	153.139	77
152.667	153.192	58
152.667	153.192	62
153.195	153.737	46
153.738	154.284	46
154.284	154.83	46
154.83	156.415	80
155.358	155.886	50
155.887	156.415	53
156.416	156.549	79
156.419	156.936	56
156.549	156.677	77
156.678	156.811	75
156.811	156.937	74
156.94	157.5	75
156.941	157.501	55
157.501	157.791	77
157.504	157.791	50
158.081	159.688	78
158.62	159.155	51
158.621	159.156	58
159.156	159.688	51
159.159	159.691	58
159.691	159.943	80
159.692	160.209	59
159.695	160.212	51
159.947	160.212	79
160.216	160.461	77
160.217	160.727	51
160.217	160.727	60
160.462	160.731	75
160.731	160.983	74
160.735	161.249	51
160.735	161.252	57
160.983	161.253	72
161.256	161.414	77
161.257	161.757	50
161.257	161.757	58
161.414	161.585	76
161.588	161.757	77
161.76	161.924	79
161.76	162.295	51
161.761	162.296	58
161.925	162.1	67
162.1	162.296	75
162.299	163.353	70
162.3	162.82	53
162.3	162.824	62
162.827	163.353	53
162.828	163.354	62
163.356	163.604	74
163.356	164.423	69
163.357	163.884	53
163.357	163.888	63
163.608	163.889	72
163.889	164.147	70
163.891	164.424	53
163.891	164.426	63
164.148	164.43	72
164.431	165.494	70
164.431	164.7	58
164.432	164.966	62
164.7	165.389	58
164.966	165.389	62
165.232	165.495	65
165.495	165.76	63
165.761	166.022	65
166.023	166.544	70
166.024	166.544	77
166.026	166.485	62
166.286	166.545	65
166.548	167.076	72
166.548	167.08	77
166.549	166.967	60
166.814	167.081	65
167.083	167.619	74
167.084	167.616	77
167.084	167.619	58
167.346	167.619	65
167.616	168.397	77
167.616	169.18	75
167.619	168.168	57
167.875	168.168	60
168.134	168.581	63
168.27	168.581	79
168.397	168.581	77
168.399	168.658	62
168.533	168.659	76
168.659	168.917	77
168.661	168.918	60
168.921	169.18	58
169.181	169.715	69
169.184	169.716	77
169.184	169.691	57
169.446	169.716	55
169.719	170.261	70
169.72	170.261	79
169.72	170.261	53
169.978	170.261	55
170.247	170.808	72
170.248	170.808	81
170.248	170.808	51
170.506	170.808	53
170.769	171.659	82
170.769	172.295	70
170.77	171.251	50
171.022	171.283	53
171.284	171.703	58
171.409	171.703	84
171.538	171.703	86
171.539	171.788	53
171.659	171.788	82
171.789	172.043	77
171.791	172.043	62
172.298	172.837	74
172.299	172.838	77
172.302	172.84	58
172.302	172.841	62
172.841	173.377	72
172.844	173.377	75
172.845	173.38	60
172.845	173.38	63
173.38	173.964	70
173.384	173.964	74
173.384	173.965	62
173.385	173.965	65
173.968	174.608	72
173.969	174.997	63
173.969	174.997	67
174.608	174.742	74
174.742	174.871	75
174.872	174.998	72
175.001	175.256	79
175.518	176.047	67
175.522	176.047	72
175.523	176.051	51
175.523	176.051	60
176.051	176.582	65
176.054	176.582	70
176.054	177.139	53
176.055	176.583	62
176.586	177.14	69
176.586	177.142	72
176.587	177.143	63
177.143	178.259	69
177.146	177.979	72
177.147	178.539	58
177.147	178.259	63
177.979	178.263	73
178.263	178.819	70
178.264	178.82	74
178.264	178.539	62
178.54	178.82	58
178.82	179.362	70
178.822	179.362	77
178.822	179.362	62
179.086	179.362	65
179.359	179.915	72
179.362	179.894	77
179.362	179.915	63
179.624	179.915	62
179.894	180.432	74
179.894	180.429	77
179.895	180.432	60
180.159	180.432	58
180.429	181.21	77
180.43	181.99	75
180.43	180.936	57
180.688	180.946	60
180.947	181.43	63
181.081	181.43	79
181.21	181.43	77
181.213	181.469	62
181.343	181.472	76
181.472	181.734	77
181.473	181.738	60
181.738	181.993	58
181.994	182.536	69
181.997	182.536	77
181.998	182.536	57
182.249	182.536	55
182.512	183.103	70
182.512	183.103	79
182.515	183.103	53
182.778	183.103	55
183.05	183.607	72
183.054	183.607	81
183.054	183.607	51
183.323	183.607	53
183.603	184.5	82
183.604	185.133	70
183.604	184.559	50
183.856	184.377	53
184.111	184.559	58
184.245	184.559	84
184.374	184.559	86
184.377	184.622	53
184.5	184.623	82
184.623	184.877	77
184.625	184.878	62
185.133	185.679	74
185.134	185.679	77
185.137	185.68	58
185.137	185.683	62
185.683	186.211	72
185.684	186.212	75
185.684	186.214	60
185.686	186.215	63
186.215	186.799	70
186.218	186.799	74
186.219	186.802	62
186.221	186.803	65
186.803	186.942	71
186.804	187.373	63
186.806	187.373	67
186.943	187.085	72
187.09	187.226	74
187.229	187.377	72
187.377	187.509	75
187.514	187.65	74
187.653	187.789	77
187.794	187.926	75
187.927	188.98	79
188.983	189.508	77
188.984	189.511	57
188.984	190.082	53
188.987	190.086	63
189.512	190.086	60
189.939	190.086	69
190.09	192.147	70
190.09	191.003	58
190.341	190.849	62
190.597	191.003	65
190.849	191.364	62
191.108	192.147	58
191.364	191.871	62
191.619	192.147	80
191.62	192.147	65
191.871	192.147	62
192.129	192.644	79
192.13	192.458	63
192.386	192.647	60
192.648	193.177	81
192.648	193.177	65
192.907	193.177	63
193.176	193.697	84
193.176	193.624	62
193.439	193.701	65
193.704	194.238	82
193.705	194.238	62
193.968	194.238	60
194.238	195.325	58
194.503	195.325	56
194.769	195.325	68
194.772	195.325	53
195.035	195.325	50
195.318	195.871	67
195.319	195.819	51
195.588	195.872	48
195.872	196.526	63
195.875	196.527	69
195.875	196.527	53
196.197	196.527	41
196.525	197.883	72
196.526	197.887	63
196.526	198.566	46
197.89	198.567	62
197.891	198.567	70
198.569	199.192	62
198.57	199.193	65
198.57	199.196	56
199.197	199.774	63
199.197	199.774	67
199.198	199.775	55
199.775	200.404	65
199.778	200.408	68
199.778	200.408	53
200.411	201.499	66
200.411	201.5	69
200.411	202.581	52
201.5	202.042	67
201.501	202.046	70
202.046	202.581	70
202.047	202.584	73
202.584	203.137	64
202.588	203.141	67
202.588	203.721	48
203.141	203.722	68
203.144	203.722	72
203.723	204.852	67
203.726	204.852	70
203.726	205.945	50
204.856	205.415	65
204.856	205.416	68
205.416	205.945	77
205.945	206.466	77
205.948	207.001	60
205.948	207.002	56
206.466	207.002	77
207.003	208.062	78
207.004	208.062	58
207.005	208.065	61
208.065	208.572	79
208.573	209.605	82
209.087	210.131	60
209.091	210.131	70
209.608	210.132	76
210.134	211.183	79
210.134	211.705	65
210.134	211.187	70
211.188	211.709	77
211.188	211.712	68
211.712	212.255	41
212.256	212.793	41
212.794	213.333	41
213.333	216.374	41
213.872	214.373	80
214.376	214.621	79
214.624	214.873	77
214.874	215.107	75
215.111	215.362	73
215.367	215.622	72
215.622	215.877	73
215.878	216.126	77
216.127	216.375	73
216.375	219.573	62
216.378	219.574	68
216.378	217.421	72
216.381	217.943	41
217.422	219.577	71
217.943	218.478	41
218.478	219.002	41
219.007	219.577	41
219.577	222.678	42
220.109	221.138	63
220.11	220.619	72
220.62	220.879	71
220.879	221.138	72
221.139	222.15	63
221.139	221.39	74
221.39	221.642	72
221.643	221.893	71
221.894	222.153	72
222.153	223.732	63
222.153	222.405	75
222.408	222.678	74
222.681	223.732	71
222.681	224.263	43
223.733	225.82	63
223.735	225.821	72
224.267	224.782	43
224.782	225.296	43
225.296	225.821	43
225.822	227.875	44
226.336	226.853	63
226.336	226.854	72
226.854	227.365	63
226.857	227.365	72
227.366	227.876	63
227.368	227.876	72
227.879	228.379	63
227.88	228.38	72
227.88	228.915	45
228.383	228.915	63
228.383	228.916	72
228.916	229.57	73
228.919	230.486	63
228.919	229.958	46
229.57	229.698	72
229.699	229.828	70
229.832	229.958	68
229.962	230.486	67
229.962	230.99	49
230.49	230.994	79
230.994	231.502	80
230.995	232.03	48
231.502	232.285	72
232.031	233.101	49
232.286	232.541	70
232.545	232.797	73
232.8	233.101	77
233.102	234.69	68
233.102	234.144	51
233.104	234.144	60
234.145	235.267	51
234.148	235.268	61
234.691	235.268	67
234.693	234.98	72
234.981	235.268	70
235.269	236.815	68
235.271	235.526	56
235.527	236.038	60
235.782	236.817	63
236.038	236.556	60
236.301	236.856	56
236.556	236.856	60
236.815	237.329	68
236.815	237.33	72
236.817	237.837	63
237.07	237.582	60
237.329	237.834	68
237.33	237.834	72
237.33	238.372	56
237.582	238.099	60
237.834	238.372	68
237.834	238.369	72
237.837	238.372	63
238.099	238.372	60
238.369	239.912	70
238.369	239.915	72
238.37	238.89	77
238.37	238.631	55
238.631	238.894	58
238.897	239.916	76
238.898	239.901	60
239.15	239.66	58
239.405	239.901	55
239.66	239.919	58
239.919	240.428	70
239.92	240.431	72
239.92	240.942	60
240.172	240.682	58
240.428	240.941	70
240.431	240.941	72
240.431	241.454	55
240.682	241.194	58
240.941	241.454	70
240.941	241.453	72
240.942	241.454	60
241.194	241.454	58
241.45	241.977	79
241.453	242.995	68
241.453	242.996	72
241.453	241.714	53
241.715	241.977	56
241.978	243	77
241.978	242.922	60
242.229	242.744	56
242.488	242.922	53
242.744	243	56
243.003	243.517	68
243.003	243.518	72
243.004	244.046	60
243.258	243.776	56
243.517	244.045	68
243.518	244.046	72
243.521	244.589	53
243.776	244.309	56
244.045	244.588	68
244.046	244.588	72
244.046	244.589	60
244.309	244.589	56
244.585	245.103	80
244.588	246.142	68
244.588	246.143	72
244.588	244.84	51
244.844	245.106	54
245.106	246.167	78
245.107	246.143	56
245.366	245.883	54
245.627	246.167	51
245.883	246.167	54
246.142	246.653	68
246.143	246.654	72
246.143	247.158	56
246.395	246.899	54
246.653	247.157	68
246.654	247.157	72
246.654	247.665	51
246.899	247.409	54
247.157	247.664	68
247.157	247.665	72
247.158	247.665	56
247.409	247.665	54
247.661	248.249	78
247.664	249.212	68
247.664	250.209	73
247.665	248.249	49
247.928	248.249	52
248.189	249.215	76
248.19	249.216	56
248.442	248.956	52
248.704	250.209	49
248.956	249.464	52
249.212	249.723	68
249.215	249.724	76
249.216	250.209	56
249.464	250.209	52
249.723	250.24	68
249.724	250.241	76
249.724	250.209	47
249.982	250.244	51
250.245	250.786	68
250.247	250.787	75
250.248	250.79	56
250.507	250.79	51
250.786	252.365	68
250.787	251.721	75
250.787	252.365	46
250.788	252.369	53
251.592	251.851	77
251.721	251.851	75
251.851	252.369	74
252.372	252.901	62
252.372	252.901	68
252.372	252.902	46
252.376	252.904	53
252.904	253.432	62
252.905	253.433	68
252.908	253.437	46
252.908	253.437	53
253.437	253.975	62
253.44	253.975	68
253.44	253.976	46
253.443	253.979	53
253.979	255.043	62
253.98	255.043	68
253.98	255.043	46
253.982	255.046	53
255.582	256.135	74
255.585	256.136	80
255.585	256.136	65
255.586	256.138	58
256.138	256.684	74
256.139	256.687	80
256.139	256.688	65
256.142	256.688	58
256.691	257.273	74
256.692	257.273	80
256.692	257.273	65
256.694	257.276	58
257.276	258.536	74
257.277	257.934	80
257.28	258.539	58
257.28	258.539	65
257.934	258.01	82
258.011	258.084	80
258.085	258.158	79
258.161	258.235	80
258.235	258.385	82
258.386	258.54	84
258.542	258.802	82
258.805	259.071	80
259.072	259.344	79
259.345	259.61	77
259.613	259.877	75
259.88	260.146	74
260.146	260.422	72
260.426	260.737	70
260.737	261.531	70
260.741	261.798	67
260.741	262.827	51
261.525	261.658	72
261.661	261.795	70
261.795	262.309	65
261.796	262.309	68
262.312	262.819	63
262.313	262.824	67
262.824	263.348	68
262.826	263.348	72
263.352	263.883	67
263.353	263.884	70
263.884	264.773	70
263.887	264.916	67
263.887	264.654	51
264.14	264.916	55
264.395	264.916	58
264.651	264.916	72
264.654	264.916	51
264.773	264.916	70
264.902	265.938	68
264.903	265.68	53
265.161	265.896	56
265.417	265.896	62
265.68	265.938	53
265.942	267.24	67
265.943	266.719	55
266.201	266.873	58
266.457	266.873	63
266.719	266.978	55
266.978	270.058	56
266.979	270.061	60
267.241	267.492	64
267.493	267.754	65
267.755	268.011	67
268.011	268.266	68
268.27	268.521	69
268.521	268.777	70
268.778	269.032	71
269.033	269.158	74
269.159	269.285	72
269.285	269.414	71
269.417	269.543	72
269.543	269.669	70
269.673	269.799	68
269.799	269.932	67
269.936	270.061	65
270.065	271.118	55
270.066	271.118	63
270.066	270.327	45
270.328	270.589	46
270.59	270.849	48
270.849	271.119	46
271.119	271.252	53
271.122	271.252	62
271.122	272.155	46
271.253	271.377	58
271.378	271.504	57
271.507	271.639	58
271.64	271.766	59
271.769	271.902	60
271.903	272.028	61
272.028	272.155	62
272.158	272.287	63
272.291	272.417	64
272.417	272.546	65
272.547	272.672	66
272.673	272.799	67
272.799	272.927	68
272.931	273.061	69
273.061	273.194	70
273.197	274.229	67
273.198	273.974	70
273.198	274.23	39
273.199	274.23	51
273.975	274.101	72
274.101	274.231	70
274.233	274.356	68
274.357	274.482	67
274.486	274.611	72
274.612	274.737	70
274.741	274.873	75
274.874	275	74
275.001	275.133	77
275.133	275.262	75
275.263	275.396	80
275.263	276.316	51
275.266	276.316	60
275.396	275.528	79
275.529	275.661	78
275.661	275.787	79
275.791	275.924	77
275.925	276.05	75
276.054	276.182	74
276.187	276.319	72
276.323	276.848	70
276.323	277.373	53
276.324	277.377	60
276.849	277.898	69
277.377	277.899	58
277.378	278.429	62
277.899	278.693	68
277.901	278.43	59
278.433	279.991	63
278.434	278.948	60
278.693	278.948	67
278.952	279.203	75
278.952	279.469	55
279.204	279.473	73
279.474	279.731	71
279.474	279.995	56
279.732	279.995	72
279.996	280.239	74
280.243	280.498	75
280.499	281.023	75
280.502	282.567	46
280.502	281.542	55
281.026	281.797	70
281.545	282.571	56
281.8	281.923	72
281.927	282.052	70
282.053	282.185	70
282.189	282.314	68
282.315	282.441	67
282.444	282.574	65
282.574	284.044	63
282.575	282.837	51
282.837	283.359	55
283.1	284.044	58
283.359	283.887	55
283.628	284.044	51
283.887	284.156	55
284.156	284.67	67
284.157	284.67	70
284.159	285.181	58
284.411	284.923	55
284.67	285.181	67
284.67	285.181	70
284.67	285.721	51
284.923	285.443	55
285.181	285.721	67
285.181	285.721	70
285.181	285.721	58
285.443	285.721	55
285.717	287.312	68
285.72	286.244	75
285.721	285.976	51
285.977	286.245	53
286.245	287.312	74
286.246	287.306	56
286.504	287.035	53
286.773	287.312	51
287.035	287.312	53
287.305	287.764	82
287.306	287.764	56
287.551	287.809	80
287.553	287.809	53
287.812	288.838	79
287.815	288.835	51
288.065	288.834	77
288.065	288.575	53
288.317	288.838	75
288.32	288.838	56
288.573	288.838	74
288.575	288.838	53
288.834	288.911	77
288.835	289.097	51
288.915	289.095	75
289.01	289.097	77
289.095	289.615	75
289.097	289.356	55
289.356	289.616	58
289.618	289.745	74
289.619	289.877	55
289.745	289.878	72
289.878	290.398	70
289.881	290.136	51
290.137	290.399	55
290.402	290.914	67
290.403	290.914	70
290.403	291.429	58
290.655	291.166	55
290.914	291.425	67
290.914	291.425	70
290.917	291.95	51
291.166	291.684	55
291.425	291.951	67
291.425	291.951	70
291.429	291.951	58
291.684	291.951	55
291.946	292.464	68
291.95	292.205	75
291.95	292.205	51
292.208	292.467	74
292.209	292.468	53
292.471	293.517	84
292.472	292.726	56
292.727	292.989	53
292.989	293.248	51
293.252	293.518	53
293.518	293.64	82
293.521	293.766	56
293.64	293.769	80
293.769	293.896	84
293.77	294.021	53
293.896	294.022	80
294.025	294.147	79
294.026	294.27	51
294.151	294.274	77
294.274	294.399	80
294.277	294.526	53
294.4	294.529	77
294.53	294.655	75
294.533	294.784	56
294.656	294.785	74
294.785	294.911	77
294.786	295.029	53
294.911	295.034	74
295.036	295.159	75
295.037	296.051	51
295.037	296.056	55
295.159	295.289	77
295.289	295.414	75
295.415	295.544	74
295.544	295.624	75
295.625	295.712	76
295.713	295.793	77
295.793	295.922	78
295.922	296.056	79
296.058	296.559	70
296.559	297.105	67
296.563	297.106	70
296.563	297.106	55
297.109	297.668	65
297.11	297.669	68
297.112	297.672	56
297.673	298.267	63
297.673	298.268	67
297.674	298.268	57
298.27	299.345	63
298.271	298.526	70
298.271	299.628	58
298.53	298.792	69
298.796	299.069	70
299.069	299.346	67
299.346	300.427	62
299.348	300.427	65
299.629	299.898	59
299.899	300.157	60
300.161	300.428	58
300.43	300.686	58
300.689	300.951	56
300.955	301.214	55
301.217	301.483	53
301.347	301.484	70
301.484	303.065	82
301.487	303.048	51
302.009	303.048	55
302.538	303.069	58
303.069	303.608	80
303.07	303.608	63
303.196	303.608	79
303.328	303.608	77
303.462	303.608	75
303.592	304.129	74
303.592	304.129	68
304.12	304.651	75
304.12	304.651	67
304.648	305.205	74
304.649	305.205	77
304.651	305.205	68
304.651	305.205	65
305.201	305.737	80
305.202	305.788	75
305.204	305.788	67
305.205	305.788	63
305.33	305.596	79
305.466	305.737	77
305.596	305.788	79
305.737	306.254	77
305.737	306.254	80
305.738	306.255	62
305.74	306.258	65
306.258	306.8	70
306.801	307.346	70
307.347	307.892	70
307.892	309.499	80
308.417	309.499	58
308.949	309.499	62
309.472	309.603	82
309.474	310.037	65
309.604	310.037	80
309.738	310.037	79
309.873	310.037	77
310	310.583	75
310.002	310.583	67
310.528	311.061	74
310.532	311.061	77
310.532	311.647	70
310.532	311.061	68
311.057	311.647	75
311.06	311.647	79
311.06	311.647	67
311.61	312.145	82
311.613	312.149	77
311.613	312.149	65
311.613	312.149	68
311.739	312.009	80
311.875	312.145	79
312.009	312.149	80
312.145	312.533	79
312.145	312.533	82
312.149	312.673	63
312.149	312.677	67
312.677	313.219	39
312.678	313.22	51
313.22	313.766	39
313.222	313.766	51
313.767	314.311	39
313.769	314.311	51
314.312	315.627	73
314.839	315.365	63
314.84	315.368	55
315.372	315.89	55
315.372	315.891	63
315.631	315.697	75
315.701	315.763	73
315.764	315.826	72
315.827	315.893	73
315.894	316.155	75
315.894	316.425	55
315.897	316.426	63
316.156	316.426	77
316.427	316.685	75
316.429	316.954	55
316.429	316.954	63
316.685	316.955	73
316.955	317.223	72
316.957	317.514	55
316.957	317.515	63
317.227	317.517	71
317.518	318.858	71
318.049	318.592	55
318.05	319.124	63
318.592	319.125	56
318.859	319.127	72
319.127	319.382	75
319.128	319.645	63
319.128	319.646	56
319.387	319.649	74
319.649	319.901	77
319.649	320.167	56
319.65	320.17	63
319.904	320.171	75
320.171	320.426	74
320.174	320.684	56
320.174	320.685	63
320.427	320.685	72
320.688	320.895	70
320.689	321.189	55
320.689	321.192	63
320.853	321.07	71
321.02	321.238	72
321.192	321.406	73
321.193	321.7	56
321.196	321.7	63
321.363	321.574	74
321.532	321.701	75
321.704	321.829	75
321.707	322.222	46
321.708	322.225	55
321.829	322.75	63
322.225	322.75	46
322.225	322.753	55
322.753	323.019	67
322.757	323.832	62
322.758	323.288	46
322.758	323.292	56
323.02	323.295	65
323.296	323.552	63
323.296	323.835	46
323.297	323.835	56
323.555	323.835	65
323.836	324.898	63
323.839	324.101	51
323.839	324.37	55
324.101	324.826	51
324.37	324.826	55
324.634	324.899	58
324.902	325.161	56
325.162	325.428	58
325.431	325.949	63
325.431	325.952	70
325.432	325.875	55
325.69	325.953	58
325.953	327.023	65
325.956	326.485	70
325.956	326.355	53
326.212	326.747	58
326.481	327.023	67
326.485	327.021	70
326.485	327.023	51
326.747	327.023	58
327.021	327.803	70
327.023	328.584	68
327.023	327.509	50
327.28	327.541	53
327.542	327.968	56
327.667	327.968	72
327.803	327.968	70
327.804	328.063	55
327.931	328.067	69
328.067	328.325	70
328.068	328.325	53
328.326	328.584	51
328.588	329.155	62
328.588	329.155	70
328.591	329.155	50
328.855	329.155	48
329.124	329.728	63
329.124	329.728	72
329.124	329.728	46
329.383	329.728	48
329.645	330.171	65
329.646	330.171	74
329.646	330.171	44
329.907	330.171	46
330.167	331.07	75
330.17	331.713	63
330.171	331.111	43
330.426	330.947	46
330.684	331.111	51
330.81	331.111	77
330.945	331.111	79
330.947	331.199	46
331.07	331.2	75
331.2	331.451	70
331.2	331.454	55
331.714	332.253	67
331.717	332.256	70
331.717	332.257	51
331.717	332.26	55
332.26	332.795	65
332.261	332.796	68
332.261	332.796	53
332.263	332.798	56
332.798	333.372	63
332.799	333.376	67
332.799	333.377	55
332.802	333.379	58
333.38	334.023	65
333.38	334.415	56
333.38	334.416	60
334.024	334.153	67
334.153	334.286	68
334.286	334.416	65
334.419	334.674	72
334.936	335.466	60
334.937	335.466	65
334.937	335.467	44
334.94	335.469	53
335.469	335.997	58
335.47	335.998	63
335.47	336.557	46
335.473	336.001	55
336.002	336.558	62
336.004	336.558	65
336.005	336.56	56
336.561	337.67	62
336.561	337.394	65
336.562	337.957	51
336.564	337.671	56
337.395	337.671	66
337.674	337.958	63
337.675	338.234	67
337.675	337.958	55
337.958	338.235	63
338.235	338.832	75
338.238	338.773	82
338.238	338.832	67
338.5	338.832	70
338.773	339.305	77
338.773	339.306	82
338.774	339.266	68
339.036	339.308	67
339.312	339.848	79
339.313	339.845	82
339.313	339.848	65
339.575	339.848	63
339.845	340.628	82
339.846	341.409	80
339.848	340.306	62
340.103	340.366	65
340.366	340.852	68
340.492	340.852	84
340.628	340.852	82
340.628	340.887	67
340.758	340.888	81
340.888	341.146	82
340.89	341.15	65
341.15	341.409	63
341.412	341.937	74
341.412	341.937	82
341.413	341.937	62
341.664	341.937	60
341.923	342.458	75
341.924	342.462	84
341.924	342.434	58
342.19	342.463	60
342.463	343.05	77
342.464	343.05	86
342.465	343.05	56
342.732	343.05	58
343.015	343.786	87
343.015	344.559	75
343.016	343.554	55
343.274	343.554	58
343.529	343.974	60
343.656	343.974	86
343.786	343.974	87
343.787	344.043	62
343.918	344.044	82
344.044	344.3	79
344.047	344.3	63
344.562	345.094	79
344.562	345.098	82
344.566	345.098	63
344.567	345.098	67
345.101	345.632	77
345.102	345.633	80
345.102	345.637	65
345.103	345.637	68
345.64	346.221	75
345.64	346.221	79
345.641	346.225	67
345.644	346.225	70
346.226	346.364	76
346.228	346.795	68
346.228	346.796	72
346.368	346.512	77
346.512	346.655	79
346.656	346.798	77
346.798	346.935	80
346.935	347.075	79
347.076	347.215	82
347.215	347.348	80
347.349	348.405	84
348.406	348.93	82
348.406	348.934	62
348.408	349.504	58
348.408	349.508	68
348.934	349.511	65
349.36	349.511	74
349.511	350.963	75
349.512	350.533	63
349.763	350.275	67
350.019	350.963	70
350.275	350.785	67
350.533	350.963	63
350.785	351.041	67
351.041	351.548	85
351.042	351.474	70
351.297	351.551	67
351.552	352.599	84
351.555	351.915	68
351.807	352.599	65
352.07	352.599	86
352.071	352.599	70
352.329	352.599	68
352.598	353.452	89
352.599	353.132	67
352.861	353.452	70
353.131	353.659	87
353.132	353.452	67
353.389	353.659	65
353.66	353.924	63
353.925	354.19	61
354.191	354.757	73
354.194	354.757	58
354.457	354.757	55
354.741	355.29	72
354.741	355.195	56
355.013	355.29	53
355.291	355.949	68
355.293	355.951	74
355.293	355.951	58
355.619	355.951	46
355.948	357.309	77
355.949	357.309	68
355.951	357.989	51
357.31	357.989	67
357.313	357.989	75
357.992	358.615	62
357.992	358.615	65
357.993	358.618	56
358.618	359.196	63
358.619	359.196	67
358.619	359.197	55
359.199	359.829	65
359.199	359.829	68
359.2	359.83	53
359.833	360.911	66
359.834	360.911	69
359.834	361.988	52
360.912	361.446	67
360.912	361.45	70
361.45	361.989	70
361.451	361.989	73
361.992	362.546	64
361.993	362.546	67
361.993	363.13	48
362.547	363.133	68
362.549	363.133	72
363.137	364.256	67
363.137	364.257	70
363.138	365.349	50
364.26	364.82	65
364.261	364.821	68
364.824	365.349	77
365.352	365.877	77
365.352	366.406	60
365.353	366.406	56
365.878	366.406	77
366.41	367.469	78
366.41	367.47	58
366.41	367.47	61
367.471	367.984	79
367.984	369.009	82
368.502	369.531	60
368.503	369.535	70
369.013	369.538	76
369.538	370.592	79
369.539	371.12	65
369.539	370.592	70
370.593	371.121	77
370.593	371.121	68
371.124	371.659	41
371.66	372.198	41
372.198	372.737	41
372.741	375.782	41
373.279	373.777	80
373.778	374.025	79
374.029	374.277	77
374.278	374.523	75
374.523	374.771	73
374.771	375.033	72
375.034	375.288	73
375.289	375.538	77
375.538	375.782	73
375.783	378.971	62
375.783	378.974	68
375.786	376.825	72
375.786	377.343	41
376.826	378.975	71
377.343	377.875	41
377.879	378.404	41
378.404	378.978	41
378.978	382.071	42
379.506	380.535	63
379.507	380.025	72
380.025	380.28	71
380.281	380.536	72
380.536	381.543	63
380.539	380.783	74
380.784	381.04	72
381.04	381.295	71
381.295	381.547	72
381.547	383.125	63
381.548	381.799	75
381.803	382.072	74
382.076	383.126	71
382.076	383.654	43
383.126	385.208	63
383.127	385.208	72
383.654	384.168	43
384.169	384.689	43
384.69	385.212	43
385.212	387.251	44
385.712	386.23	63
385.713	386.23	72
386.234	386.741	63
386.234	386.742	72
386.742	387.252	63
386.744	387.252	72
387.255	387.745	63
387.256	387.746	72
387.256	388.277	45
387.746	388.281	63
387.749	388.282	72
388.282	388.935	73
388.284	389.848	63
388.285	389.327	46
388.936	389.069	72
389.069	389.194	70
389.198	389.328	68
389.331	389.853	67
389.334	390.364	49
389.855	390.364	79
390.365	390.871	80
390.367	391.403	48
390.874	391.655	72
391.403	392.445	49
391.658	391.9	70
391.901	392.145	73
392.146	392.446	77
392.449	394.025	68
392.45	393.478	51
392.45	393.483	60
393.483	394.606	51
393.484	394.606	61
394.028	394.609	67
394.029	394.315	72
394.319	394.609	70
394.613	396.152	68
394.613	394.861	56
394.864	395.379	60
395.124	396.153	63
395.379	395.89	60
395.635	396.191	56
395.89	396.191	60
396.152	396.665	68
396.152	396.666	72
396.153	397.178	63
396.409	396.916	60
396.665	397.176	68
396.666	397.176	72
396.667	397.707	56
396.916	397.44	60
397.176	397.707	68
397.176	397.706	72
397.178	397.707	63
397.44	397.707	60
397.704	399.25	70
397.706	399.25	72
397.707	398.228	77
397.707	397.969	55
397.969	398.228	58
398.229	399.25	76
398.232	399.24	60
398.485	398.998	58
398.74	399.24	55
398.998	399.254	58
399.254	399.765	70
399.257	399.766	72
399.257	400.279	60
399.506	400.017	58
399.765	400.275	70
399.766	400.276	72
399.766	400.79	55
400.017	400.528	58
400.275	400.79	70
400.276	400.788	72
400.279	400.79	60
400.528	400.79	58
400.787	401.311	79
400.787	402.333	68
400.788	402.334	72
400.79	401.049	53
401.053	401.312	56
401.315	402.334	77
401.316	402.263	60
401.568	402.078	56
401.823	402.263	53
402.078	402.337	56
402.337	402.859	68
402.338	402.859	72
402.34	403.384	60
402.596	403.118	56
402.859	403.381	68
402.859	403.384	72
402.862	403.923	53
403.118	403.646	56
403.381	403.922	68
403.384	403.922	72
403.384	403.923	60
403.646	403.923	56
403.921	404.441	80
403.922	405.484	68
403.922	405.484	72
403.923	404.178	51
404.179	404.441	54
404.442	405.501	78
404.444	405.487	56
404.703	405.218	54
404.963	405.501	51
405.218	405.501	54
405.484	405.988	68
405.484	405.988	72
405.487	406.496	56
405.736	406.241	54
405.988	406.492	68
405.988	406.495	72
405.989	407.007	51
406.241	406.744	54
406.492	407.006	68
406.495	407.007	72
406.496	407.007	56
406.744	407.007	54
407.003	407.587	78
407.006	408.553	68
407.006	409.54	73
407.006	407.587	49
407.262	407.587	52
407.528	408.557	76
407.531	408.557	56
407.784	408.294	52
408.042	409.54	49
408.294	408.806	52
408.553	409.065	68
408.557	409.066	76
408.557	409.54	56
408.806	409.54	52
409.065	409.579	68
409.066	409.579	76
409.067	409.54	47
409.317	409.58	51
409.58	410.121	68
409.582	410.122	75
409.582	410.125	56
409.852	410.125	51
410.121	411.703	68
410.122	411.06	75
410.122	411.704	46
410.125	411.704	53
410.93	411.189	77
411.06	411.189	75
411.186	411.706	74
411.707	412.236	62
411.707	412.236	68
411.707	412.238	46
411.71	412.239	53
412.239	412.774	62
412.243	412.778	68
412.243	412.779	46
412.244	412.781	53
412.781	413.309	62
412.782	413.31	68
412.782	413.31	46
412.785	413.313	53
413.314	414.384	62
413.316	414.385	68
413.317	414.385	46
413.317	414.388	53
414.916	415.47	74
414.919	415.47	80
414.92	415.473	65
414.923	415.473	58
415.473	416.026	74
415.477	416.029	80
415.477	416.029	65
415.478	416.03	58
416.033	416.606	74
416.033	416.607	80
416.034	416.61	65
416.034	416.611	58
416.611	417.88	74
416.614	417.268	80
416.615	417.881	58
416.615	417.881	65
417.272	417.345	82
417.345	417.419	80
417.419	417.495	79
417.496	417.576	80
417.58	417.72	82
417.723	417.881	84
417.884	418.146	82
418.147	418.413	80
418.413	418.679	79
418.679	418.948	77
418.948	419.214	75
419.215	419.483	74
419.487	419.763	72
419.768	420.078	70
420.079	420.87	70
420.082	421.128	67
420.083	422.151	51
420.866	420.995	72
420.996	421.121	70
421.126	421.639	65
421.126	421.64	68
421.644	422.144	63
421.644	422.147	67
422.148	422.672	68
422.151	422.675	72
422.676	423.215	67
422.676	423.215	70
423.216	424.098	70
423.218	424.241	67
423.218	423.977	51
423.464	424.241	55
423.719	424.241	58
423.975	424.241	72
423.977	424.241	51
424.098	424.241	70
424.227	425.262	68
424.23	425.003	53
424.485	425.221	56
424.742	425.221	62
425.003	425.263	53
425.265	426.558	67
425.266	426.044	55
425.525	426.197	58
425.781	426.197	63
426.044	426.301	55
426.302	429.385	56
426.302	429.385	60
426.558	426.82	64
426.82	427.079	65
427.079	427.334	67
427.338	427.589	68
427.59	427.849	69
427.849	428.101	70
428.101	428.356	71
428.36	428.485	74
428.486	428.612	72
428.613	428.734	71
428.734	428.867	72
428.868	428.993	70
428.997	429.123	68
429.123	429.256	67
429.257	429.386	65
429.389	430.442	55
429.389	430.443	63
429.39	429.651	45
429.651	429.91	46
429.911	430.172	48
430.173	430.443	46
430.445	430.568	53
430.446	430.569	62
430.446	431.478	46
430.572	430.702	58
430.702	430.834	57
430.835	430.964	58
430.964	431.096	59
431.097	431.223	60
431.224	431.353	61
431.353	431.479	62
431.481	431.611	63
431.615	431.74	64
431.741	431.87	65
431.871	431.997	66
431.997	432.122	67
432.123	432.252	68
432.252	432.385	69
432.385	432.518	70
432.521	433.554	67
432.522	433.299	70
432.522	433.555	39
432.525	433.555	51
433.299	433.424	72
433.425	433.555	70
433.557	433.68	68
433.68	433.806	67
433.809	433.936	72
433.936	434.061	70
434.065	434.198	75
434.199	434.323	74
434.327	434.457	77
434.458	434.587	75
434.587	434.719	80
434.588	435.643	51
434.59	435.644	60
434.72	434.852	79
434.852	434.982	78
434.982	435.111	79
435.115	435.248	77
435.248	435.38	75
435.381	435.51	74
435.51	435.644	72
435.645	436.172	70
435.647	436.7	53
435.647	436.701	60
436.173	437.226	69
436.701	437.229	58
436.702	437.754	62
437.229	438.016	68
437.233	437.757	59
437.757	439.318	63
437.758	438.271	60
438.017	438.272	67
438.272	438.528	75
438.275	438.794	55
438.528	438.797	73
438.797	439.056	71
438.798	439.319	56
439.057	439.319	72
439.319	439.566	74
439.567	439.823	75
439.823	440.347	75
439.826	441.894	46
439.826	440.865	55
440.351	441.125	70
440.869	441.895	56
441.125	441.25	72
441.251	441.384	70
441.384	441.509	70
441.513	441.639	68
441.64	441.765	67
441.769	441.898	65
441.899	443.368	63
441.899	442.16	51
442.161	442.689	55
442.423	443.368	58
442.689	443.215	55
442.952	443.368	51
443.215	443.479	55
443.48	443.995	67
443.48	443.995	70
443.483	444.506	58
443.736	444.246	55
443.995	444.503	67
443.995	444.505	70
443.996	445.045	51
444.246	444.768	55
444.503	445.046	67
444.505	445.046	70
444.506	445.046	58
444.768	445.046	55
445.045	446.637	68
445.045	445.569	75
445.045	445.3	51
445.3	445.57	53
445.57	446.637	74
445.573	446.623	56
445.833	446.361	53
446.099	446.637	51
446.361	446.637	53
446.623	447.088	82
446.623	447.088	56
446.876	447.137	80
446.878	447.138	53
447.138	448.157	79
447.138	448.156	51
447.394	448.153	77
447.397	447.905	53
447.642	448.157	75
447.645	448.157	56
447.905	448.157	74
447.905	448.157	53
448.153	448.24	77
448.156	448.418	51
448.24	448.416	75
448.328	448.418	77
448.416	448.933	75
448.416	448.674	55
448.675	448.937	58
448.94	449.062	74
448.94	449.192	55
449.063	449.192	72
449.193	449.713	70
449.196	449.451	51
449.454	449.714	55
449.717	450.228	67
449.718	450.228	70
449.718	450.74	58
449.97	450.48	55
450.228	450.739	67
450.228	450.74	70
450.232	451.265	51
450.48	450.999	55
450.739	451.265	67
450.74	451.265	70
450.74	451.265	58
450.999	451.265	55
451.261	451.768	68
451.261	451.513	75
451.265	451.513	51
451.514	451.768	74
451.516	451.772	53
451.772	452.801	84
451.775	452.03	56
452.031	452.286	53
452.287	452.545	51
452.549	452.801	53
452.804	452.93	82
452.804	453.06	56
452.931	453.06	80
453.061	453.185	84
453.061	453.311	53
453.186	453.315	80
453.315	453.441	79
453.316	453.563	51
453.441	453.564	77
453.564	453.69	80
453.565	453.816	53
453.69	453.818	77
453.819	453.945	75
453.823	454.075	56
453.946	454.075	74
454.076	454.193	77
454.078	454.323	53
454.194	454.324	74
454.324	454.449	75
454.326	455.338	51
454.326	455.339	55
454.453	454.578	77
454.579	454.705	75
454.708	454.834	74
454.835	454.914	75
454.915	455.002	76
455.003	455.083	77
455.086	455.208	78
455.213	455.339	79
455.342	455.849	70
455.85	456.394	67
455.852	456.399	70
455.853	456.399	55
456.399	456.966	65
456.4	456.966	68
456.4	456.967	56
456.967	457.557	63
456.969	457.558	67
456.969	457.558	57
457.558	458.635	63
457.56	457.816	70
457.561	458.919	58
457.817	458.085	69
458.086	458.351	70
458.352	458.639	67
458.639	459.714	62
458.64	459.716	65
458.922	459.184	59
459.188	459.447	60
459.45	459.717	58
459.721	459.976	58
459.976	460.245	56
460.245	460.504	55
460.504	460.759	53
460.634	460.76	70
460.763	462.345	82
460.764	462.327	51
461.288	462.327	55
461.817	462.346	58
462.348	462.888	80
462.349	462.888	63
462.478	462.888	79
462.608	462.888	77
462.741	462.888	75
462.877	463.409	74
462.877	463.409	68
463.403	463.931	75
463.406	463.931	67
463.927	464.48	74
463.928	464.48	77
463.928	464.48	68
463.931	464.48	65
464.474	465.004	80
464.477	465.058	75
464.477	465.058	67
464.477	465.058	63
464.603	464.866	79
464.732	465.002	77
464.866	465.058	79
465.002	465.527	77
465.004	465.527	80
465.006	465.527	62
465.006	465.531	65
465.531	466.066	70
466.066	466.611	70
466.612	467.158	70
467.158	468.765	80
467.686	468.765	58
468.215	468.765	62
468.745	468.869	82
468.747	469.307	65
468.87	469.307	80
469.006	469.307	79
469.139	469.307	77
469.273	469.849	75
469.275	469.849	67
469.797	470.329	74
469.797	470.329	77
469.797	470.903	70
469.8	470.329	68
470.325	470.903	75
470.325	470.903	79
470.326	470.903	67
470.865	471.4	82
470.868	471.404	77
470.868	471.404	65
470.869	471.404	68
470.994	471.263	80
471.13	471.4	79
471.263	471.404	80
471.4	471.788	79
471.4	471.788	82
471.401	471.935	63
471.404	471.935	67
471.939	472.481	39
471.939	472.482	51
472.485	473.027	39
472.486	473.028	51
473.028	473.566	39
473.031	473.566	51
473.566	474.882	73
474.095	474.623	63
474.098	474.624	55
474.627	475.148	55
474.627	475.152	63
474.886	474.953	75
474.956	475.018	73
475.019	475.082	72
475.083	475.155	73
475.155	475.411	75
475.156	475.68	55
475.156	475.681	63
475.414	475.681	77
475.682	475.94	75
475.684	476.212	55
475.684	476.215	63
475.94	476.215	73
476.216	476.477	72
476.219	476.768	55
476.219	476.771	63
476.481	476.771	71
476.775	478.112	71
477.303	477.843	55
477.306	478.378	63
477.843	478.381	56
478.112	478.381	72
478.382	478.64	75
478.382	478.9	63
478.385	478.903	56
478.641	478.903	74
478.903	479.155	77
478.906	479.424	56
478.906	479.424	63
479.155	479.425	75
479.428	479.683	74
479.428	479.949	56
479.429	479.953	63
479.687	479.954	72
479.956	480.159	70
479.957	480.454	55
479.957	480.457	63
480.117	480.334	71
480.289	480.502	72
480.457	480.67	73
480.461	480.968	56
480.461	480.968	63
480.625	480.838	74
480.8	480.969	75
480.971	481.094	75
480.972	481.492	46
480.972	481.497	55
481.094	482.018	63
481.497	482.018	46
481.499	482.022	55
482.022	482.273	67
482.023	483.078	62
482.023	482.546	46
482.025	482.547	56
482.273	482.55	65
482.55	482.805	63
482.551	483.079	46
482.551	483.081	56
482.808	483.082	65
483.085	484.149	63
483.086	483.355	51
483.086	483.621	55
483.355	484.072	51
483.621	484.072	55
483.887	484.15	58
484.15	484.415	56
484.416	484.677	58
484.678	485.199	63
484.679	485.2	70
484.679	485.122	55
484.941	485.2	58
485.203	486.274	65
485.204	485.739	70
485.204	485.606	53
485.469	486.001	58
485.735	486.274	67
485.739	486.271	70
485.739	486.274	51
486.001	486.274	58
486.271	487.052	70
486.271	487.835	68
486.271	486.767	50
486.529	486.788	53
486.789	487.219	56
486.925	487.219	72
487.052	487.219	70
487.054	487.313	55
487.18	487.314	69
487.314	487.573	70
487.315	487.573	53
487.574	487.836	51
487.836	488.402	62
487.838	488.402	70
487.838	488.402	50
488.102	488.402	48
488.374	488.982	63
488.375	488.982	72
488.375	488.982	46
488.63	488.982	48
488.899	489.425	65
488.903	489.425	74
488.903	489.425	44
489.158	489.425	46
489.424	490.307	75
489.425	490.953	63
489.425	490.348	43
489.677	490.184	46
489.939	490.348	51
490.061	490.348	77
490.184	490.348	79
490.184	490.439	46
490.307	490.442	75
490.442	490.698	70
490.446	490.699	55
490.954	491.492	67
490.954	491.493	70
490.955	491.493	51
490.957	491.496	55
491.496	492.031	65
491.496	492.031	68
491.5	492.032	53
491.5	492.035	56
492.035	492.612	63
492.036	492.613	67
492.038	492.613	55
492.038	492.616	58
492.616	493.263	65
492.617	493.648	56
492.619	493.652	60
493.264	493.397	67
493.397	493.522	68
493.523	493.653	65
493.655	493.911	72
494.166	494.702	60
494.167	494.702	65
494.17	494.703	44
494.171	494.706	53
494.706	495.237	58
494.707	495.238	63
494.709	495.79	46
494.709	495.238	55
495.238	495.795	62
495.241	495.795	65
495.241	495.797	56
495.798	496.914	62
495.798	496.634	65
495.798	497.19	51
495.801	496.915	56
496.634	496.915	66
496.917	497.194	63
496.918	497.47	67
496.918	497.195	55
497.197	497.471	63
497.471	498.069	75
497.474	498.01	82
497.475	498.069	67
497.741	498.069	70
498.009	498.545	77
498.01	498.545	82
498.01	498.503	68
498.272	498.546	67
498.549	499.085	79
498.549	499.081	82
498.55	499.085	65
498.814	499.085	63
499.081	499.865	82
499.084	500.645	80
499.085	499.543	62
499.34	499.601	65
499.602	500.088	68
499.736	500.088	84
499.865	500.088	82
499.866	500.123	67
499.998	500.124	81
500.127	500.382	82
500.127	500.387	65
500.387	500.648	63
500.649	501.174	74
500.649	501.174	82
500.65	501.174	62
500.904	501.174	60
501.16	501.695	75
501.163	501.698	84
501.163	501.67	58
501.432	501.698	60
501.699	502.29	77
501.702	502.29	86
501.703	502.29	56
501.978	502.29	58
502.258	503.015	87
502.259	503.792	75
502.259	502.794	55
502.511	502.794	58
502.766	503.211	60
502.892	503.211	86
503.015	503.211	87
503.018	503.28	62
503.148	503.285	82
503.285	503.536	79
503.287	503.536	63
503.792	504.33	79
503.795	504.334	82
503.795	504.335	63
503.796	504.335	67
504.337	504.873	77
504.338	504.874	80
504.338	504.874	65
504.341	504.876	68
504.877	505.458	75
504.877	505.458	79
504.878	505.46	67
504.881	505.461	70
505.461	505.601	76
505.465	506.032	68
505.465	506.032	72
505.602	505.748	77
505.748	505.888	79
505.889	506.035	77
506.035	506.171	80
506.172	506.311	79
506.311	506.448	82
506.452	506.584	80
506.585	507.638	84
507.642	508.17	82
507.645	508.171	62
507.645	508.744	58
507.646	508.745	68
508.171	508.745	65
508.597	508.747	74
508.748	510.2	75
508.748	509.767	63
509	509.511	67
509.255	510.2	70
509.511	510.022	67
509.767	510.2	63
510.022	510.277	67
510.277	510.788	85
510.278	510.711	70
510.533	510.789	67
510.789	511.836	84
510.791	511.152	68
511.044	511.836	65
511.306	511.836	86
511.307	511.836	70
511.565	511.836	68
511.835	512.692	89
511.835	512.364	67
512.094	512.692	70
512.36	512.895	87
512.364	512.692	67
512.63	512.895	65
512.896	513.161	63
513.161	513.43	61
513.431	513.997	73
513.431	513.997	58
513.697	513.997	55
513.973	514.533	72
513.974	514.432	56
514.25	514.533	53
514.534	515.185	68
514.537	515.223	74
514.537	515.223	58
514.855	515.223	46
515.184	516.486	77
515.185	516.49	68
515.188	517.144	51
516.49	517.144	67
516.493	517.145	75
517.148	517.84	62
517.148	517.84	65
517.767	518.376	63
517.767	518.376	67
518.377	519.076	65
518.377	519.076	68
518.38	519.08	46
519.073	521.631	62
519.076	521.631	65
519.076	521.632	68
519.077	522.653	39
519.08	522.653	51
521.635	522.653	63
521.635	522.653	67
