OnsetTime	OffsetTime	MidiPitch
0.517989	0.612992	65
0.603001	0.693003	66
0.674992	0.770009	65
0.748994	0.843998	67
0.826014	0.920991	68
0.903006	0.993987	69
0.98299	1.07799	68
1.05699	1.15201	70
1.134	1.22502	71
1.211	1.30203	72
1.28401	1.37903	71
1.36102	1.45302	73
1.43504	1.53004	74
1.51603	1.60304	75
1.59204	1.68003	74
1.66903	1.75402	76
1.74302	1.83101	77
1.82001	1.908	78
1.89402	1.981	77
1.93201	3.82709	53
1.97	2.05801	79
1.97101	2.64604	59
2.00501	2.64705	62
2.041	2.13202	80
2.041	2.94007	68
2.11401	2.20903	81
2.19102	2.28504	80
2.26804	2.35903	82
2.34105	2.43604	83
2.41504	2.50606	84
2.49204	2.57905	83
2.56905	2.65605	86
2.60405	3.52909	60
2.64705	2.73005	84
2.64705	3.23708	63
2.71304	2.80705	85
2.79005	2.88407	84
2.86406	2.95407	86
2.94107	3.02806	87
2.94307	3.23809	67
3.01306	3.10106	89
3.08406	3.17908	87
3.16107	3.24808	90
3.23809	3.38109	91
3.23908	3.82709	63
3.30707	3.82709	92
3.38109	3.82709	91
3.45809	3.82709	95
3.52909	3.67508	96
3.52909	3.82709	60
3.60108	3.82709	97
3.67508	3.82709	96
3.74508	3.83608	98
3.82609	3.97007	99
3.89308	4.99503	98
3.97007	4.99503	99
4.03907	4.99503	97
4.11308	4.26006	96
4.18307	4.99503	95
4.26006	4.99503	96
4.33406	4.99503	94
4.40306	4.55105	93
4.48105	4.99503	92
4.55105	4.99503	93
4.62704	4.99503	91
4.70104	4.84504	90
4.77404	4.99503	89
4.84504	4.99503	90
4.92203	4.99503	88
4.99103	5.14201	87
5.06502	5.55798	86
5.14201	5.55798	87
5.21202	5.55798	85
5.28601	5.432	84
5.35501	5.55798	83
5.432	5.55798	84
5.43301	7.32596	53
5.464	6.17696	57
5.50899	5.575	82
5.51	6.17696	60
5.54	6.17696	63
5.579	5.72598	81
5.57999	6.79295	66
5.65299	6.17696	80
5.72598	6.17696	81
5.80398	6.17696	79
5.87698	6.03096	78
5.95496	6.17696	77
6.03096	6.17696	78
6.10096	6.17696	75
6.13896	7.12296	58
6.17496	6.33196	74
6.17496	6.79796	62
6.25096	6.49194	73
6.33196	6.49194	74
6.40496	6.49194	72
6.48294	6.63594	70
6.48395	6.79796	65
6.56294	6.76895	69
6.63594	6.76895	70
6.71994	6.79796	68
6.79895	6.95795	67
6.80095	7.44795	61
6.87794	7.44894	66
6.95795	7.28396	67
7.03895	7.36396	65
7.12296	7.44894	73
7.12296	7.40695	58
7.20296	7.44894	70
7.28396	7.44894	67
7.32596	7.81496	53
7.36396	7.44894	65
7.36495	7.81895	55
7.40695	7.81995	58
7.44495	7.81995	64
7.44795	7.81995	61
8.11996	8.73891	97
8.12096	8.49994	88
8.12096	8.42194	91
8.19795	8.73891	94
8.27095	8.73891	90
8.27195	8.65592	81
8.27395	8.57893	84
8.34794	8.73891	87
8.42194	8.73891	91
8.42194	8.72991	85
8.42394	8.73891	82
8.49994	8.73891	88
8.57893	8.73891	84
8.57992	8.73891	75
8.58192	8.73891	78
8.65592	8.73891	81
8.72991	9.32389	85
8.72991	9.11388	76
8.73191	9.0379	79
8.80591	9.32389	82
8.8869	9.32389	78
8.88791	9.19489	72
8.88791	9.27188	69
8.96389	9.32389	75
9.0379	9.32389	79
9.0379	9.32389	73
9.0379	9.32389	70
9.11388	9.32389	76
9.19489	9.32389	72
9.19588	9.32389	63
9.19588	9.32389	66
9.27188	9.34187	69
9.34587	9.66787	73
9.34587	9.59687	64
9.34687	9.66787	67
9.42187	9.66787	70
9.50687	9.66787	66
9.50987	9.66787	57
9.51086	9.66787	60
9.59687	9.67386	64
9.67487	9.83187	64
9.67787	9.83286	67
9.67787	9.83286	58
9.67787	9.83486	61
10.0449	10.1429	41
10.2449	10.3259	85
10.2459	10.3259	76
10.2459	10.3259	73
10.2479	10.3269	53
10.2479	10.3289	67
10.2479	10.3289	58
10.2489	10.3289	61
10.4049	10.4859	84
10.4059	10.4869	73
10.4059	10.4899	76
10.4089	10.4899	58
10.4099	10.4909	61
10.4099	10.4929	53
10.4099	10.4939	67
10.5739	10.6549	83
10.5739	10.6549	76
10.5769	10.6579	73
10.5769	10.6579	67
10.5779	10.6579	53
10.5779	10.6619	58
10.5809	10.6619	61
10.7379	10.8288	73
10.7388	10.8299	82
10.7388	10.8299	76
10.7399	10.8328	67
10.7408	10.8328	53
10.7419	10.8339	61
10.7419	10.8339	58
10.9169	11.0039	76
10.9169	11.0049	73
10.9179	11.0049	85
10.9199	11.0069	67
10.9199	11.0079	61
10.9199	11.0079	58
10.9208	11.0089	53
11.0838	11.2598	73
11.0849	11.2529	84
11.0849	11.2598	76
11.0878	11.4268	67
11.0888	11.4278	53
11.0888	11.4278	61
11.0908	11.4308	58
11.1728	11.2608	83
11.2628	11.3398	82
11.7708	12.6978	99
11.7718	12.0778	93
11.7718	12.1558	90
11.8478	12.6978	96
11.9218	12.6978	92
11.9228	12.3078	83
11.9238	12.2288	86
11.9998	12.6978	89
12.0778	12.6978	93
12.0788	12.4578	84
12.0788	12.3798	87
12.1558	12.6978	90
12.2288	12.6978	86
12.2298	12.5338	80
12.2328	12.6138	77
12.3078	12.6978	83
12.3798	12.6978	87
12.3798	12.6978	78
12.3828	12.6878	81
12.4578	12.6978	84
12.5338	12.6978	80
12.5368	12.6978	74
12.5408	12.6978	71
12.6138	12.6978	77
12.6878	13.3167	81
12.6878	13.0738	72
12.6908	12.9958	75
12.7658	13.3167	78
12.8428	13.3167	74
12.8448	13.2307	65
12.8458	13.1527	68
12.9228	13.3167	71
12.9958	13.3167	75
12.9968	13.3047	69
12.9988	13.3037	66
13.0738	13.3167	72
13.1527	13.3167	68
13.1537	13.3167	62
13.1537	13.3167	59
13.2307	13.3167	65
13.3037	13.4647	66
13.3047	13.4647	69
13.3047	13.4657	60
13.3067	13.4677	63
13.9407	14.0347	41
14.1327	14.2177	90
14.1327	14.2207	81
14.1367	14.2237	78
14.1367	14.2247	60
14.1377	14.2247	63
14.1377	14.2257	69
14.3007	14.3817	89
14.3017	14.3827	81
14.3017	14.3847	78
14.3037	14.3857	69
14.3047	14.3857	60
14.3047	14.3887	63
14.4657	14.5497	78
14.4657	14.5497	81
14.4667	14.5537	88
14.4667	14.5537	63
14.4677	14.5537	60
14.4687	14.5567	69
14.6297	14.7177	78
14.6307	14.7187	87
14.6327	14.7207	81
14.6337	14.7217	69
14.6367	14.7247	60
14.6377	14.7247	63
14.8117	14.8987	81
14.8117	14.8997	90
14.8127	14.8997	78
14.8157	14.9027	69
14.8157	14.9037	60
14.8167	14.9037	63
14.9797	15.1377	89
14.9807	15.1477	78
14.9807	15.1477	81
14.9827	15.3227	69
14.9837	15.3237	60
14.9837	15.3237	63
15.0687	15.1487	88
15.1517	15.2357	87
15.5197	15.5987	87
15.5197	15.5997	75
15.5227	15.6037	78
15.5227	15.6037	60
15.5227	15.6037	63
15.5237	15.6057	69
15.6867	15.7747	86
15.6907	15.7777	75
15.6907	15.7787	78
15.6917	15.7787	69
15.6917	15.7817	60
15.6937	15.7817	63
15.8547	15.9417	85
15.8587	15.9427	75
15.8587	15.9457	78
15.8587	15.9467	63
15.8627	15.9467	60
15.8627	15.9487	69
16.0297	16.1247	78
16.0297	16.1247	84
16.0307	16.1257	75
16.0337	16.1277	60
16.0347	16.1277	69
16.0367	16.1277	63
16.2147	16.3027	75
16.2157	16.3037	78
16.2197	16.3037	87
16.2197	16.3067	63
16.2197	16.3077	69
16.2207	16.3077	60
16.3907	16.6287	86
16.3917	16.6287	75
16.3917	16.6287	78
16.3937	16.7507	69
16.3937	16.7507	63
16.3947	16.7507	60
16.4787	16.6287	85
16.5727	16.6567	84
16.9287	17.0167	84
16.9297	17.0207	75
16.9327	17.0207	72
16.9337	17.0217	66
16.9337	17.0217	63
16.9357	17.0237	69
17.0977	17.3877	83
17.0977	17.3877	72
17.1007	17.3877	75
17.1007	17.4647	63
17.1017	17.4657	66
17.1047	17.4657	69
17.1927	17.3877	82
17.2877	17.3877	81
17.6577	17.7487	75
17.6587	17.7487	72
17.6587	17.7497	81
17.6587	17.7527	66
17.6607	17.7527	69
17.8317	18.0497	80
17.8367	18.0497	75
17.8387	18.0497	72
17.8397	18.2167	66
17.8397	18.2177	69
17.9347	18.0497	79
18.0297	18.1267	78
18.4107	18.5007	77
18.4107	18.5037	72
18.4107	18.5047	69
18.4137	18.5087	75
18.6027	18.6937	75
18.6037	18.6937	78
18.6037	18.6967	72
18.7887	18.8787	72
18.7887	18.8827	77
18.7897	18.8837	69
18.7917	18.8837	75
18.9737	19.0647	75
18.9737	19.0687	79
18.9767	19.0687	72
19.1587	19.2537	77
19.1597	19.2547	72
19.1627	19.2547	69
19.1627	19.2547	75
19.3447	19.4397	75
19.3477	19.4397	78
19.3477	19.4397	72
19.5297	19.6177	77
19.5307	19.6177	72
19.5307	19.6207	75
19.5347	19.6207	69
19.7087	19.7687	79
19.8197	19.8767	77
19.9357	19.9887	78
20.0487	20.0967	77
20.1557	20.2087	79
20.2617	20.3208	77
20.3738	20.4218	78
20.4818	20.5348	77
20.5868	20.6398	79
20.6998	20.8568	77
20.7728	21.0938	78
20.8568	21.0148	77
20.9368	21.2517	79
21.0148	21.1688	77
21.0938	21.4067	78
21.1688	21.3327	77
21.2517	21.5647	79
21.3327	21.4877	77
21.4067	21.7248	78
21.4877	21.6447	77
21.5647	21.8827	79
21.6447	21.8027	77
21.7248	22.0507	78
21.8027	21.9667	77
21.8827	22.2107	79
21.9667	22.1317	77
22.0507	22.3027	78
22.1317	22.3027	77
22.2107	22.3027	79
22.3027	22.3857	77
22.3867	22.4737	78
22.4747	22.5607	77
22.5647	22.6487	79
22.6487	22.8417	77
22.6527	22.8448	69
22.6527	23.4437	65
22.6527	23.4467	63
22.7497	22.9427	72
22.7508	23.1387	78
22.8417	23.0407	77
22.8448	23.4427	69
22.9407	23.3417	79
22.9427	23.4467	72
23.0407	23.2367	70
23.0407	23.2377	77
23.0417	23.4467	62
23.1387	23.4467	78
23.1397	23.3427	74
23.2367	23.4467	70
23.2377	23.4437	77
23.3417	23.4467	79
23.3427	23.4467	74
23.4427	23.6337	69
23.4437	23.6337	77
23.4437	24.2417	60
23.4437	24.2377	65
23.5317	23.7237	75
23.5337	23.9277	78
23.6337	23.8257	77
23.6337	24.2417	69
23.7237	24.2417	75
23.7257	24.1327	79
23.8247	24.0247	70
23.8257	24.2417	77
23.8257	24.2417	58
23.9277	24.0237	78
23.9297	24.1297	74
24.0237	24.2417	78
24.0247	24.2417	70
24.1297	24.2377	74
24.1327	24.2417	79
24.2347	24.3837	80
24.2377	24.3837	74
24.2377	24.4297	65
24.2377	24.4307	53
24.2387	24.4307	62
24.3327	24.4337	81
24.3357	24.4337	77
24.4347	24.5987	74
24.4367	24.5987	81
24.5287	24.5987	82
24.5317	24.5987	77
24.6217	24.7907	72
24.6227	24.7907	82
24.6227	24.8187	53
24.6267	24.8217	63
24.6267	24.8227	65
24.7217	24.7907	81
24.7237	24.7907	75
24.8227	24.9617	72
24.8237	24.9617	81
24.9147	24.9617	75
24.9167	24.9617	80
25.0107	25.1787	72
25.0117	25.1787	80
25.0137	25.2007	63
25.0147	25.6137	65
25.0147	25.2037	57
25.1067	25.1787	75
25.1067	25.1787	79
25.2047	25.4147	79
25.2077	25.4147	72
25.3087	25.4147	75
25.3097	25.4147	78
25.4097	25.5077	77
25.4107	25.5117	70
25.4137	25.6167	58
25.4147	25.6207	62
25.5127	25.6207	78
25.5147	25.6207	74
25.6217	25.7107	77
25.6217	25.7117	70
25.7157	25.8227	74
25.7177	25.8237	79
25.8267	26.0187	77
25.8277	26.0197	69
25.8277	26.6217	65
25.8297	26.6217	63
25.9247	26.1177	72
25.9247	26.3137	78
26.0187	26.2157	77
26.0197	26.6177	69
26.1167	26.5176	79
26.1177	26.6217	72
26.2157	26.4127	70
26.2157	26.4117	77
26.2187	26.6217	62
26.3137	26.5167	74
26.3137	26.6217	78
26.4117	26.6177	77
26.4127	26.6217	70
26.5167	26.6217	74
26.5176	26.6217	79
26.6177	26.8096	69
26.6177	26.8066	77
26.6217	27.4126	65
26.6217	27.4156	60
26.7086	27.1036	78
26.7096	26.8986	75
26.8066	26.9996	77
26.8096	27.4156	69
26.8986	27.4156	75
26.9016	27.3076	79
26.9996	27.4156	77
26.9996	27.2026	70
27.0036	27.4156	58
27.1036	27.1986	78
27.1036	27.3076	74
27.1986	27.4156	78
27.2026	27.4156	70
27.3076	27.4096	74
27.3076	27.4156	79
27.4096	27.5516	74
27.4116	27.5516	80
27.4116	27.6036	53
27.4126	27.6086	62
27.4126	27.6086	65
27.5106	27.6086	81
27.5106	27.6096	77
27.6116	27.7726	81
27.6116	27.7726	74
27.7056	27.7726	82
27.7066	27.7726	77
27.7976	27.9646	82
27.7976	27.9646	72
27.8006	27.9926	63
27.8006	27.9936	65
27.8016	27.9966	53
27.8986	27.9646	75
27.8986	27.9646	81
27.9976	28.1406	81
27.9996	28.1406	72
28.0906	28.1406	75
28.0916	28.1406	80
28.1856	28.3536	80
28.1896	28.3536	72
28.1896	28.7916	65
28.1906	28.3776	63
28.1926	28.3786	57
28.2806	28.3536	79
28.2846	28.3536	75
28.3786	28.5916	79
28.3816	28.5916	72
28.4846	28.5916	78
28.4866	28.5916	75
28.5876	28.6856	77
28.5886	28.6866	74
28.5886	28.9906	62
28.5896	28.9936	58
28.6866	28.7916	78
28.6896	28.7926	70
28.7946	28.8896	74
28.7946	28.8896	77
28.8906	28.9936	81
28.9976	29.1926	82
28.9986	29.1936	74
28.9986	29.7926	68
29.0006	29.7896	70
29.0936	29.2876	77
29.0956	29.2846	83
29.1926	29.3856	82
29.1936	29.7886	74
29.2846	29.4816	83
29.2876	29.7926	77
29.3856	29.5866	82
29.3866	29.5896	75
29.3896	29.7926	66
29.4816	29.6846	83
29.4846	29.6866	78
29.5866	29.7856	82
29.5896	29.7926	75
29.6846	29.7926	83
29.6866	29.7926	78
29.7856	29.9786	82
29.7886	29.9776	74
29.7886	30.5866	65
29.7896	30.5836	70
29.8836	30.0736	83
29.8846	30.0756	80
29.9776	30.5866	74
29.9786	30.1706	82
30.0736	30.2746	83
30.0756	30.5866	80
30.1706	30.5866	82
30.1706	30.3696	75
30.1706	30.5866	63
30.2726	30.4746	78
30.2746	30.3656	83
30.3656	30.5866	83
30.3696	30.5866	75
30.4746	30.5806	78
30.4786	30.5866	84
30.5806	30.7266	78
30.5826	30.7266	85
30.5836	30.7756	70
30.5836	30.7756	58
30.5836	30.7766	66
30.6786	30.7796	82
30.6806	30.7796	86
30.7806	30.9436	86
30.7826	30.9436	78
30.8746	30.9436	87
30.8776	30.9436	82
30.9716	31.1356	87
30.9726	31.1356	77
30.9726	31.1636	68
30.9746	31.1646	70
30.9756	31.1646	58
31.0676	31.1356	86
31.0696	31.1356	80
31.1666	31.3146	86
31.1676	31.3146	77
31.2586	31.3146	80
31.2626	31.3146	85
31.3566	31.5246	77
31.3566	31.5246	85
31.3576	31.5456	62
31.3606	31.5466	68
31.3606	31.9476	70
31.4486	31.5246	80
31.4516	31.5246	84
31.5486	31.7596	84
31.5496	31.7596	77
31.6536	31.7596	83
31.6546	31.7596	80
31.7546	31.8566	78
31.7556	31.8576	82
31.7556	31.9486	66
31.7596	31.9486	63
31.8576	31.9516	83
31.8586	31.9516	75
31.9526	32.0466	82
31.9546	32.0466	78
32.0496	32.1396	83
32.0496	32.1406	75
32.1406	32.3406	74
32.1416	32.3406	82
32.1446	32.9356	70
32.1446	32.9386	68
32.2396	32.4336	83
32.2416	32.4316	77
32.3406	32.9346	74
32.3406	32.5336	82
32.4316	32.9386	77
32.4336	32.6306	83
32.5326	32.7326	75
32.5336	32.7356	82
32.5336	32.9386	66
32.6306	32.8336	78
32.6306	32.8306	83
32.7326	32.9386	75
32.7356	32.9326	82
32.8306	32.9386	83
32.8336	32.9386	78
32.9326	33.1246	82
32.9346	33.1236	74
32.9356	33.7336	65
32.9356	33.7296	70
33.0296	33.2166	83
33.0336	33.2156	80
33.1236	33.7336	74
33.1246	33.3166	82
33.2156	33.7336	80
33.2166	33.4186	83
33.3166	33.7336	82
33.3166	33.5166	75
33.3176	33.7336	63
33.4186	33.6246	78
33.4186	33.5156	83
33.5156	33.7336	83
33.5166	33.7336	75
33.6226	33.7336	84
33.6246	33.7266	78
33.7266	33.8726	78
33.7266	33.8726	85
33.7296	33.9216	58
33.7296	33.9226	70
33.7296	33.9226	66
33.8246	33.9226	82
33.8276	33.9256	86
33.9266	34.0896	86
33.9266	34.0896	78
34.0216	34.0896	87
34.0236	34.0896	82
34.1176	34.2826	87
34.1216	34.2826	77
34.1226	34.3106	68
34.1226	34.3106	70
34.1246	34.3116	58
34.2136	34.2826	80
34.2156	34.2826	86
34.3146	34.4536	86
34.3146	34.4536	77
34.4056	34.4536	85
34.4076	34.4536	80
34.5026	34.6716	77
34.5036	34.6716	85
34.5036	35.1115	70
34.5066	34.6926	68
34.5076	34.6956	62
34.5976	34.6716	84
34.5976	34.6716	80
34.6956	34.9056	77
34.6966	34.9056	84
34.8006	34.9056	80
34.8016	34.9056	83
34.9016	35.0076	78
34.9026	35.0076	82
34.9026	35.1126	63
34.9056	35.1126	66
35.0105	35.1135	75
35.0105	35.1165	83
35.1165	35.2165	78
35.1165	35.2165	82
35.2175	35.3325	87
35.3325	35.5356	78
35.3336	35.5325	90
35.3365	35.7345	61
35.3365	35.7345	46
35.4315	35.6265	85
35.4346	35.7345	87
35.5325	35.7345	90
35.5356	35.7246	78
35.6265	35.7255	88
35.6265	35.7345	85
35.7246	35.9255	78
35.7255	35.9245	88
35.7285	36.0985	47
35.7285	36.0985	63
35.8195	36.0985	86
35.8225	36.0125	83
35.9245	36.0985	88
35.9255	36.0985	78
36.0125	36.1095	83
36.0155	36.1105	87
36.1105	36.3105	87
36.1135	36.3125	76
36.1135	36.5245	64
36.1135	36.5245	49
36.2085	36.5245	84
36.2085	36.4075	82
36.3105	36.5245	87
36.3125	36.5245	76
36.4075	36.5245	82
36.4105	36.5225	85
36.5225	36.7195	85
36.5235	36.7215	75
36.5235	36.8055	66
36.5235	36.8055	51
36.6175	36.8055	82
36.6185	36.8055	78
36.7195	36.8095	85
36.7215	36.8125	75
36.8135	36.9145	78
36.8165	36.9145	83
36.9215	37.1205	73
36.9215	37.1185	84
36.9225	37.3275	67
36.9225	37.3275	52
37.0165	37.3275	81
37.0185	37.2155	79
37.1185	37.3275	84
37.1205	37.3275	73
37.2155	37.3275	79
37.2165	37.3245	82
37.3205	37.5205	72
37.3245	37.5235	82
37.3245	37.6595	69
37.3265	37.6595	53
37.4155	37.6145	77
37.4185	37.6595	80
37.5205	37.6595	72
37.5235	37.6595	82
37.6145	37.7225	77
37.6185	37.7235	81
37.7235	37.9265	81
37.7275	37.9265	70
37.7275	38.1395	64
37.7295	38.1395	55
37.8215	38.1395	78
37.8245	38.0235	76
37.9265	38.1395	81
37.9265	38.1395	70
37.9275	38.1395	61
38.0215	38.1365	79
38.0235	38.1395	76
38.1355	38.3325	69
38.1365	38.3315	79
38.1365	38.5455	57
38.1365	38.5455	65
38.2305	38.5455	76
38.2345	38.4305	72
38.3315	38.5455	79
38.3325	38.5455	69
38.3325	38.5455	60
38.4305	38.5455	72
38.4305	38.5365	77
38.5355	38.9725	73
38.5365	38.7285	77
38.5365	38.9725	67
38.5385	38.9725	58
38.6305	38.9355	75
38.7285	38.9725	77
38.7305	38.9725	70
38.7315	38.9725	61
38.8295	38.9725	76
38.9355	39.0355	79
38.9355	39.3395	75
38.9375	39.3395	60
38.9375	39.0365	69
39.0365	39.3395	76
39.1375	39.3395	79
39.1375	39.3395	72
39.1405	39.3395	63
39.2355	39.3375	77
39.3365	39.7565	70
39.3375	39.5325	77
39.3375	39.7565	67
39.3385	39.7565	61
39.4355	39.7565	75
39.5325	39.7565	77
39.6275	39.7565	76
39.7395	39.8375	79
39.7425	39.8375	72
39.7425	39.8385	69
39.7435	39.8405	63
39.8405	39.9345	75
39.9355	40.0255	79
40.0295	40.1275	78
40.1275	40.2185	77
40.2185	40.3125	78
40.3135	40.4035	77
40.4075	40.4915	79
40.4915	40.5855	77
40.5865	40.6805	78
40.6815	40.7715	77
40.7725	40.8625	79
40.8625	40.9565	77
40.9575	41.0515	78
41.0525	41.1495	77
41.1495	41.2405	79
41.2415	41.3415	77
41.3425	41.4335	78
41.4335	41.5315	77
41.5315	41.6255	79
41.6265	41.8255	69
41.6265	41.8265	77
41.6295	41.9015	51
41.7275	41.9015	78
41.7285	41.9015	72
41.7695	41.9015	67
41.8255	41.9165	69
41.8265	41.9165	77
41.8265	41.9015	65
41.9175	42.0135	72
41.9205	42.0145	79
42.0175	42.2215	70
42.0185	42.2215	77
42.0185	42.2865	50
42.1155	42.2865	74
42.1165	42.2865	78
42.1635	42.2865	66
42.2215	42.3145	70
42.2215	42.3155	77
42.2225	42.2865	65
42.3155	42.4135	74
42.3195	42.4135	79
42.4165	42.6125	69
42.4165	42.6085	77
42.4205	42.6934	48
42.5155	42.6934	78
42.5185	42.6934	72
42.5595	42.6934	67
42.6085	42.6965	77
42.6125	42.6965	69
42.6125	42.6934	65
42.7004	42.7984	72
42.7034	42.7984	79
42.7984	43.0994	77
42.8014	43.0084	70
42.8014	43.0994	46
42.9064	43.0114	78
42.9074	43.0994	74
42.9564	43.0994	66
43.0084	43.1064	70
43.0114	43.1064	78
43.0114	43.0994	65
43.1074	43.1584	74
43.1094	43.1584	79
43.2075	43.5094	80
43.2114	43.4104	74
43.2114	43.5094	41
43.3124	43.4104	81
43.3134	43.5094	77
43.3584	43.5094	67
43.4104	43.5094	81
43.4104	43.5094	74
43.4114	43.5094	65
43.5054	43.5504	82
43.5094	43.5514	77
43.6024	43.7964	72
43.6034	43.9214	82
43.6034	43.9214	41
43.6984	43.7954	81
43.7014	43.8904	75
43.7514	43.9214	66
43.7954	43.9214	81
43.7964	43.9214	72
43.7984	43.9214	65
43.8904	43.9354	75
43.8944	43.9364	80
43.9884	44.2884	80
43.9884	44.1824	72
43.9894	44.2884	45
44.0824	44.1814	79
44.0864	44.2864	75
44.1344	44.2884	67
44.1814	44.2884	79
44.1824	44.2884	72
44.1824	44.2884	65
44.2854	44.3344	78
44.2864	44.3344	75
44.3874	44.5894	74
44.3874	44.5904	77
44.3884	44.6704	46
44.4894	44.6704	70
44.4924	44.6704	78
44.5374	44.6704	66
44.5894	44.6844	74
44.5904	44.6844	77
44.5904	44.6704	65
44.6854	44.7924	79
44.6884	44.7934	70
44.7964	44.9924	69
44.7974	44.9894	77
44.7994	45.0664	51
44.8954	45.0664	72
44.8974	45.0664	78
44.9394	45.0664	67
44.9894	45.0824	77
44.9924	45.0834	69
44.9924	45.0664	65
45.0864	45.1774	72
45.0874	45.1784	79
45.1784	45.3844	77
45.1814	45.3854	70
45.1824	45.4544	50
45.2864	45.4544	74
45.2864	45.4544	78
45.3284	45.4544	66
45.3844	45.4854	77
45.3854	45.4864	70
45.3854	45.4544	65
45.4864	45.5834	74
45.4874	45.5844	79
45.5844	45.7804	77
45.5874	45.7794	69
45.5874	45.8634	48
45.6794	45.8634	78
45.6824	45.8634	75
45.7244	45.8634	67
45.7794	45.8674	69
45.7804	45.8684	77
45.7804	45.8634	65
45.8684	45.9624	75
45.8704	45.9624	79
45.9634	46.1714	70
45.9634	46.2634	77
45.9654	46.2634	46
46.0704	46.2634	74
46.0704	46.1694	78
46.1204	46.2634	66
46.1694	46.2734	78
46.1714	46.2774	70
46.1754	46.2634	65
46.2774	46.3264	74
46.2784	46.3264	79
46.3744	46.5754	74
46.3754	46.6794	80
46.3754	46.6794	41
46.4804	46.5744	81
46.4834	46.6694	77
46.5254	46.6794	67
46.5744	46.6794	81
46.5754	46.6794	74
46.5754	46.6794	65
46.6694	46.7213	77
46.6724	46.7213	82
46.7663	46.9593	72
46.7673	47.0853	82
46.7673	47.0853	41
46.8694	46.9603	81
46.8714	47.0603	75
46.9154	47.0853	66
46.9593	47.0853	72
46.9603	47.0853	81
46.9633	47.0853	65
47.0603	47.1064	75
47.0613	47.1073	80
47.1513	47.4573	80
47.1523	47.3443	72
47.1523	47.4573	45
47.2534	47.3453	79
47.2544	47.4534	75
47.2994	47.4573	67
47.3443	47.4573	72
47.3453	47.4573	79
47.3453	47.4573	65
47.4534	47.5054	75
47.4573	47.5064	78
47.5584	47.7584	74
47.5584	47.7584	77
47.5594	47.8413	46
47.6594	47.8413	70
47.6594	47.8413	78
47.7074	47.8413	67
47.7584	47.8584	77
47.7584	47.8594	74
47.7604	47.8413	65
47.8594	47.9644	81
47.9644	48.1534	74
47.9653	48.1523	82
47.9673	48.2264	56
48.0603	48.2264	77
48.0614	48.2264	83
48.1033	48.2264	71
48.1523	48.2443	82
48.1534	48.2443	74
48.1534	48.2264	70
48.2453	48.3423	77
48.2453	48.3423	84
48.3433	48.5383	82
48.3453	48.5354	75
48.3453	48.6044	55
48.4373	48.6044	83
48.4393	48.6044	78
48.4853	48.6044	72
48.5354	48.6294	75
48.5383	48.6324	82
48.5394	48.6044	70
48.6324	48.7304	78
48.6364	48.7313	84
48.7333	48.9123	77
48.7343	48.9123	82
48.7343	48.9673	50
48.8213	48.9673	83
48.8224	48.9673	80
48.8633	48.9673	71
48.9123	49.0023	77
48.9123	49.0033	82
48.9163	48.9673	70
49.0033	49.0943	80
49.0063	49.0953	84
49.0973	49.3013	75
49.1013	49.3913	82
49.1023	49.3913	51
49.1993	49.3913	79
49.1993	49.3013	83
49.2483	49.3913	71
49.3013	49.3953	75
49.3013	49.3983	83
49.3023	49.3913	70
49.3993	49.4473	79
49.4023	49.4483	84
49.4973	49.6933	79
49.4983	49.7903	85
49.4983	49.7903	46
49.5983	49.6903	86
49.5983	49.7903	82
49.6403	49.7903	72
49.6903	49.7903	86
49.6933	49.7903	79
49.6933	49.7903	70
49.7883	49.8333	87
49.7903	49.8343	82
49.8783	50.0683	77
49.8783	50.1623	87
49.8823	50.1623	46
49.9763	50.1563	80
49.9763	50.0643	86
50.0213	50.1623	71
50.0643	50.1623	86
50.0683	50.1623	77
50.0683	50.1623	70
50.1553	50.1973	85
50.1563	50.2003	80
50.2463	50.4323	77
50.2463	50.5543	85
50.2473	50.5543	50
50.3403	50.5303	80
50.3413	50.4323	84
50.3863	50.5543	72
50.4323	50.5543	77
50.4323	50.5543	84
50.4343	50.5543	70
50.5303	50.5823	80
50.5333	50.5823	83
50.6303	50.8202	79
50.6353	50.8172	82
50.6383	50.8622	51
50.7253	50.8622	83
50.7263	50.8622	75
50.7673	50.8622	71
50.8172	50.9072	82
50.8202	50.9072	79
50.8202	50.8652	70
50.9072	50.9982	75
50.9112	50.9992	84
51.0012	51.1942	82
51.0022	51.1942	74
51.0022	51.2612	56
51.1002	51.2612	83
51.1032	51.2612	77
51.1452	51.2612	72
51.1942	51.2812	74
51.1942	51.2822	82
51.1982	51.2612	70
51.2862	51.3842	84
51.2892	51.3842	77
51.3842	51.5792	82
51.3862	51.5762	75
51.3872	51.6422	55
51.4782	51.6422	78
51.4792	51.6422	83
51.5272	51.6422	71
51.5762	51.6732	75
51.5792	51.6742	82
51.5792	51.6422	70
51.6742	51.7722	78
51.6772	51.7732	84
51.7752	51.9602	82
51.7762	51.9612	77
51.7762	52.0552	50
51.8672	52.0552	83
51.8702	52.0522	80
51.9122	52.0552	72
51.9602	52.0552	82
51.9612	52.0552	77
51.9612	52.0552	70
52.0522	52.1432	84
52.0522	52.1432	80
52.1462	52.4192	82
52.1472	52.3502	75
52.1472	52.4192	51
52.2452	52.4192	79
52.2482	52.3462	83
52.2962	52.4192	71
52.3462	52.4442	83
52.3502	52.4442	75
52.3502	52.4192	70
52.4472	52.4962	79
52.4482	52.4962	84
52.5452	52.8322	85
52.5452	52.7392	79
52.5462	52.8322	46
52.6402	52.8302	82
52.6402	52.7382	86
52.6882	52.8322	72
52.7382	52.8322	86
52.7392	52.8322	79
52.7412	52.8322	70
52.8302	52.8742	82
52.8322	52.8742	87
52.9202	53.2042	87
52.9202	53.1092	77
52.9242	53.2042	46
53.0172	53.1102	86
53.0182	53.2032	80
53.0632	53.2042	71
53.1092	53.2042	77
53.1102	53.2042	86
53.1102	53.2042	70
53.2032	53.2462	80
53.2032	53.2462	85
53.2952	53.5922	85
53.2952	53.4802	77
53.2962	53.5922	50
53.3892	53.4812	84
53.3902	53.5922	80
53.4352	53.5922	72
53.4802	53.5922	77
53.4812	53.5922	84
53.4832	53.5922	70
53.5892	53.6402	83
53.5922	53.6412	80
53.6932	53.7882	79
53.6942	53.7882	82
53.6942	54.0992	51
53.7892	53.8862	84
53.7892	53.8862	75
53.8862	53.9762	79
53.8902	53.9772	82
53.9772	54.0992	87
54.1002	54.2152	80
54.1032	54.2952	91
54.1032	54.2152	47
54.1032	54.2152	35
54.2012	54.2982	86
54.2022	54.2992	88
54.2992	54.4182	80
54.3032	54.4182	91
54.3032	54.4182	56
54.3032	54.4182	62
54.3052	54.4182	53
54.4012	54.4952	89
54.4042	54.4952	86
54.4042	54.8872	48
54.4422	54.8872	55
54.4982	54.6922	89
54.4982	54.6942	79
54.4992	54.8872	63
54.5932	54.7862	84
54.5972	54.8872	86
54.6922	54.8872	89
54.6942	54.8872	79
54.7862	54.8932	84
54.7862	54.8942	87
54.8982	55.0932	87
54.8982	55.0162	77
54.8982	55.0162	50
54.8992	55.0162	38
54.9992	55.0932	83
55.0002	55.0942	85
55.0942	55.1992	87
55.0972	55.1992	77
55.0972	55.1992	65
55.0982	55.1992	59
55.0982	55.1992	56
55.1952	55.2892	82
55.1962	55.2902	86
55.1992	55.5902	51
55.2432	55.5902	60
55.2902	55.5002	86
55.2922	55.4992	75
55.2932	55.5902	67
55.3912	55.5902	83
55.3922	55.5902	79
55.4992	55.5972	75
55.5002	55.5982	86
55.5982	55.7062	84
55.6002	55.7062	79
55.7092	55.9091	79
55.7132	55.9091	84
55.7132	55.9362	40
55.8082	55.9362	73
55.8111	55.9362	81
55.9091	56.0032	84
55.9091	56.0041	79
55.9121	56.0041	46
56.0071	56.1051	73
56.0071	56.1051	82
56.1061	56.3041	81
56.1061	56.2831	73
56.1061	56.2831	52
56.2101	56.3051	78
56.2101	56.3081	70
56.3111	56.4061	81
56.3121	56.4061	73
56.3121	56.4071	58
56.4071	56.5041	70
56.4091	56.5041	79
56.5041	56.9141	70
56.5071	56.7031	77
56.5081	56.9201	61
56.5081	56.9201	55
56.6021	56.9201	75
56.6021	56.8091	67
56.7031	56.9201	77
56.7071	56.9201	73
56.7071	56.9201	58
56.8051	56.9201	76
56.8091	56.9201	67
56.8581	57.3261	53
56.9131	57.3371	79
56.9141	57.1141	70
56.9141	57.3371	62
57.0151	57.3371	65
57.1141	57.3371	70
57.2181	57.3371	77
57.3231	57.7491	74
57.3241	57.5261	68
57.3241	57.7841	59
57.3261	58.1691	53
57.4281	57.7841	65
57.5261	57.7841	68
57.6311	57.7841	75
57.7461	57.8471	70
57.7491	58.1691	74
57.7501	57.8481	64
57.7501	58.1691	60
57.8511	58.1621	67
57.9561	58.1691	64
58.0611	58.1691	72
58.1601	58.3691	63
58.1621	58.5861	67
58.1631	58.3691	40
58.2641	58.5861	60
58.2651	58.4751	41
58.3691	58.5861	63
58.3691	58.5861	40
58.4741	58.5861	69
58.4751	59.0041	41
58.5771	59.0171	72
58.5771	58.7831	62
58.5791	59.0171	53
58.6811	59.0171	65
58.7831	59.0171	62
58.9891	59.0171	70
59.0031	59.4681	67
59.0031	59.2101	56
59.0041	59.4681	47
59.0041	59.8571	41
59.1051	59.3141	62
59.2101	59.4681	56
59.3141	59.4681	62
59.3181	59.4311	65
59.4311	59.8571	65
59.4331	59.5311	55
59.4341	59.8571	48
59.5351	59.8491	60
59.6361	59.8571	55
59.7451	59.8571	63
59.8491	60.2771	60
59.8501	60.0631	51
59.8501	60.2771	42
59.9581	60.1681	57
60.0631	60.2771	51
60.0641	60.2771	41
60.1651	60.2771	62
60.1681	60.2771	57
60.2731	60.5291	58
60.2741	60.5321	50
60.2771	60.536	34
60.536	60.6231	50
60.5371	60.6271	53
60.5371	60.6271	58
60.6271	60.7171	62
60.718	60.8081	48
60.7191	60.8121	54
60.7211	60.8131	58
60.8131	60.9031	62
60.9031	60.9981	47
60.9041	60.9981	55
60.9071	60.9981	58
60.9991	61.0951	62
61.0961	61.1941	46
61.0961	61.1951	54
61.0991	61.1951	58
61.1971	61.2851	62
61.2881	61.3731	50
61.2881	61.3731	53
61.2891	61.3731	58
61.3751	61.4591	62
61.4601	61.6571	48
61.4631	61.6571	54
61.4641	61.656	58
61.5581	61.6571	47
61.5581	61.6571	62
61.656	61.7431	46
61.656	61.744	58
61.6571	61.7471	55
61.7471	61.8101	62
61.8111	61.9891	54
61.8271	61.9891	57
61.8411	61.9891	63
62.1321	62.608	87
62.1331	62.447	81
62.1351	62.531	78
62.2121	62.608	84
62.2901	62.608	80
62.293	62.604	74
62.293	62.608	71
62.369	62.608	77
62.447	62.608	81
62.447	62.608	75
62.45	62.608	72
62.531	62.608	78
62.604	63.259	74
62.605	62.93	68
62.608	63.013	65
62.688	63.259	71
62.766	63.259	75
62.768	63.259	66
62.769	63.091	69
62.85	63.259	72
62.93	63.259	68
62.931	63.259	59
62.933	63.259	62
63.013	63.259	65
63.091	63.259	69
63.094	63.259	63
63.094	63.259	60
63.175	63.259	78
63.256	63.514	70
63.257	63.514	77
63.257	63.518	41
63.518	63.609	50
63.519	63.609	53
63.521	63.609	58
63.61	63.699	62
63.7	63.794	48
63.703	63.794	58
63.704	63.795	54
63.798	63.885	62
63.885	63.979	47
63.889	63.98	55
63.889	63.983	58
63.984	64.071	62
64.074	64.176	46
64.075	64.176	54
64.075	64.179	58
64.179	64.264	62
64.264	64.354	50
64.267	64.358	53
64.267	64.358	58
64.361	64.445	62
64.446	64.642	48
64.446	64.642	54
64.447	64.641	58
64.54	64.642	47
64.54	64.642	62
64.638	64.729	46
64.639	64.73	55
64.641	64.73	58
64.732	64.792	62
64.793	64.97	54
64.809	64.974	57
64.827	64.974	63
65.11	65.58	87
65.114	65.418	81
65.115	65.499	78
65.191	65.58	84
65.265	65.58	80
65.265	65.58	71
65.265	65.576	74
65.345	65.58	77
65.418	65.58	81
65.419	65.58	75
65.422	65.58	72
65.499	65.58	78
65.576	66.2659	74
65.58	65.884	68
65.58	65.967	65
65.654	66.2659	71
65.726	66.2659	75
65.727	66.2659	66
65.73	66.042	69
65.811	66.2659	72
65.884	66.2659	68
65.888	66.2029	62
65.888	66.2029	59
65.967	66.2029	65
66.042	66.2659	69
66.042	66.2659	63
66.042	66.2659	60
66.125	66.2659	78
66.175	66.3489	46
66.185	66.35	56
66.2029	66.35	62
66.2029	66.353	65
66.2029	66.353	59
66.4929	66.9509	89
66.4929	66.8739	80
66.4939	66.7939	83
66.5729	66.9509	86
66.6439	66.9509	82
66.6469	66.9479	76
66.6469	66.9509	73
66.7239	66.9509	79
66.7939	66.9509	83
66.7969	66.9509	74
66.7969	66.9509	77
66.8739	66.9509	80
66.9479	67.6579	76
66.9479	67.2559	70
66.9489	67.3339	67
67.0249	67.6579	73
67.0979	67.6579	77
67.0989	67.6579	68
67.0989	67.4059	71
67.1799	67.6579	74
67.2559	67.6579	70
67.2559	67.5989	61
67.2569	67.6579	64
67.3339	67.5989	67
67.4059	67.6579	71
67.4069	67.6579	65
67.4069	67.6579	62
67.4879	67.6579	80
67.5599	67.7389	46
67.5959	67.7419	63
67.5989	67.7419	67
67.5989	67.7429	61
67.8849	68.4139	91
67.8859	68.1769	85
67.8859	68.2549	82
67.9589	68.4139	88
68.0299	68.4139	84
68.0329	68.1779	75
68.0329	68.4139	78
68.1099	68.4139	81
68.1769	68.4139	85
68.1779	68.4139	75
68.1799	68.4139	79
68.2549	68.4139	82
68.2849	68.4949	46
68.3159	68.4989	54
68.3519	68.4989	69
68.3519	68.4989	63
68.3549	68.4999	60
68.6209	69.1149	93
68.6239	68.9919	84
68.6249	68.9149	87
68.6979	69.1149	90
68.7679	69.1149	86
68.7719	69.1149	80
68.7719	69.1149	77
68.8479	69.1149	83
68.9149	69.1149	87
68.9149	69.1149	81
68.9159	69.0789	78
68.9919	69.1149	84
69.0759	69.1529	96
69.0789	69.1529	78
69.0789	69.1529	75
69.1539	69.6918	93
69.2299	69.6918	89
69.2299	69.6918	71
69.2309	69.6918	68
69.3069	69.6918	86
69.3798	69.6918	90
69.3798	69.5378	69
69.3808	69.6918	72
69.4578	69.6918	87
69.5378	69.6918	99
69.5378	69.6918	69
69.5388	69.6918	66
69.6148	69.6918	96
69.6878	69.9968	92
69.6878	69.9968	62
69.6888	69.9958	59
69.7688	69.9968	89
69.8358	69.9968	93
69.8388	69.9968	60
69.8388	69.9968	63
69.9228	69.9968	90
69.9928	70.3438	100
69.9958	70.3438	59
69.9958	70.3438	64
69.9968	70.3438	56
70.0748	70.2308	87
70.1508	70.3438	101
70.1518	70.3438	65
70.1528	70.3438	60
70.1538	70.3438	57
70.2308	70.3438	87
70.3428	71.0608	34
70.3438	71.0608	46
70.5348	71.0548	94
70.5358	70.6998	98
70.5358	71.0608	62
70.5368	71.0608	50
70.6168	71.0608	93
70.6998	70.8688	98
70.6998	71.0608	92
70.7008	71.0608	53
70.7028	71.0608	60
70.7838	71.0608	91
70.8678	71.0608	90
70.8688	71.0568	98
70.8688	71.0608	58
70.9478	71.0608	89
71.0548	71.2138	94
71.0568	71.7628	98
71.0568	71.7628	32
71.0608	71.7628	44
71.1338	71.7628	88
71.2138	71.7628	94
71.2148	71.3858	89
71.2148	71.7628	50
71.2178	71.7628	62
71.3018	71.5508	86
71.3858	71.7628	84
71.3858	71.7498	89
71.3868	71.7628	53
71.3898	71.7628	60
71.4658	71.7628	83
71.4668	71.7628	59
71.5508	71.7628	86
71.5538	71.7538	82
71.5548	71.7628	58
71.6318	71.7628	81
71.7498	72.4528	89
71.7538	71.9218	82
71.7538	72.4528	30
71.7548	72.4528	42
71.8338	72.0028	81
71.9218	72.0928	86
71.9218	72.2548	82
71.9248	72.4528	62
71.9248	72.4528	50
72.0028	72.4528	81
72.0928	72.4428	86
72.0928	72.4528	80
72.0938	72.4528	60
72.0968	72.4528	54
72.1708	72.4528	79
72.2538	72.4528	78
72.2548	72.4428	82
72.2568	72.4528	58
72.3388	72.4528	77
72.4428	73.1508	86
72.4428	72.6078	82
72.4428	73.1508	29
72.4438	73.1508	41
72.5278	73.1508	76
72.6068	72.7778	77
72.6078	73.1508	82
72.6108	73.1508	50
72.6108	73.1508	62
72.6918	72.9397	74
72.7778	73.1508	77
72.7788	73.1508	72
72.7788	73.1508	56
72.7798	73.1508	60
72.8588	73.1508	71
72.8597	73.1508	59
72.9397	73.1508	74
72.9408	73.1458	70
72.9427	73.1508	58
73.0247	73.1508	68
73.1438	73.8457	78
73.1458	73.8457	70
73.1468	73.3288	66
73.1468	73.8457	51
73.1497	73.8457	39
73.3248	73.4997	90
73.3248	73.6607	87
73.3288	73.8457	66
73.3288	73.8457	54
73.4077	73.8457	86
73.4967	73.8457	85
73.4997	73.6607	90
73.5008	73.8457	58
73.5008	73.8457	65
73.5767	73.8457	84
73.6607	73.8457	87
73.6607	73.8427	90
73.6607	73.8457	63
73.7377	73.8457	83
73.8397	73.9197	82
73.8427	73.9197	90
73.8427	74.5567	37
73.8437	74.5567	49
73.9207	74.5567	81
74.0037	74.5567	80
74.0047	74.1687	87
74.0077	74.5567	66
74.0077	74.5567	54
74.0877	74.5567	79
74.1687	74.5327	87
74.1717	74.3337	78
74.1727	74.5567	65
74.1727	74.5567	58
74.2517	74.5567	77
74.2527	74.5567	64
74.3327	74.5567	82
74.3337	74.5327	78
74.3337	74.5567	63
74.4197	74.5567	76
74.5327	74.6127	87
74.5327	74.6127	78
74.5357	75.2107	35
74.5357	75.2107	47
74.6167	74.7037	75
74.7037	75.0297	75
74.7047	75.2107	82
74.7047	75.2107	54
74.7067	75.2107	66
74.7847	75.2107	74
74.8677	75.2107	73
74.8687	75.0327	78
74.8687	75.2107	59
74.8687	75.2107	65
74.9487	75.2107	72
75.0297	75.2047	75
75.0327	75.2037	78
75.0327	75.2107	63
75.1107	75.2107	71
75.2037	75.2817	78
75.2047	75.2817	75
75.2077	75.9086	34
75.2077	75.9086	46
75.2837	75.6907	70
75.3657	75.9086	78
75.3657	75.5297	75
75.3667	75.6907	66
75.3677	75.9086	54
75.4467	75.9086	69
75.5297	75.9086	75
75.5297	75.9086	68
75.5307	75.9086	65
75.5327	75.9086	58
75.6107	75.9086	67
75.6117	75.9086	64
75.6907	75.9086	70
75.6907	75.9086	66
75.6937	75.7716	63
75.7716	75.9086	63
75.9077	76.2297	32
75.9077	76.0016	44
75.9846	76.0647	45
76.0687	76.2047	95
76.0696	76.2047	87
76.0696	76.2047	45
76.1496	76.2297	83
76.1526	76.2297	90
76.1526	76.2336	46
76.2336	76.3236	47
76.3166	76.3936	48
76.3977	76.5337	87
76.3986	76.5337	78
76.4006	76.5337	47
76.4816	76.5587	83
76.4816	76.5587	75
76.4826	76.5597	48
76.5627	76.8947	37
76.5627	76.6627	49
76.6457	76.7267	50
76.7277	76.8417	71
76.7297	76.8417	80
76.7307	76.8417	49
76.8177	76.8947	68
76.8177	76.8987	77
76.8187	76.8987	51
76.8997	77.0097	52
76.9847	77.2487	83
76.9887	77.1497	53
77.0417	77.2517	92
77.0877	77.2517	97
77.0907	77.1677	52
77.1677	77.2527	53
77.2557	77.5807	42
77.2557	77.3457	54
77.3317	77.4197	55
77.4197	77.5527	94
77.4207	77.5527	85
77.4207	77.5527	54
77.5007	77.5807	89
77.5037	77.5807	82
77.5037	77.5847	56
77.5847	77.6787	57
77.6607	77.7447	58
77.7447	77.8537	85
77.7457	77.8537	77
77.7457	77.8537	57
77.8327	77.9097	82
77.8327	77.9137	73
77.8367	77.9137	58
77.9147	78.2417	47
77.9167	78.0077	59
77.9937	78.0777	60
78.0807	78.1967	78
78.0817	78.1967	70
78.0847	78.1967	59
78.1657	78.2427	75
78.1667	78.2427	66
78.1667	78.2447	61
78.2457	78.3577	62
78.3397	78.5956	82
78.3437	78.5157	63
78.3857	78.5956	90
78.4357	78.5986	95
78.4357	78.5506	62
78.5157	78.5996	63
78.5996	78.6936	65
78.6026	78.9276	53
78.6756	78.7666	66
78.7666	78.8966	83
78.7676	78.8966	92
78.7676	78.8966	65
78.8476	78.9286	87
78.8516	78.9306	80
78.8516	78.9316	67
78.9316	79.0256	68
79.0086	79.0886	69
79.0886	79.1766	87
79.0926	79.1766	80
79.0936	79.1806	68
79.1806	79.2566	83
79.1816	79.2576	77
79.1816	79.2576	69
79.2606	79.5886	58
79.2606	79.3587	70
79.3376	79.4286	71
79.4286	79.5896	80
79.4296	79.5326	74
79.4296	79.5326	70
79.5096	79.5896	76
79.5126	79.5906	73
79.5936	79.9476	77
79.5936	79.7856	74
79.6886	79.9476	73
79.7826	79.9476	80
79.7856	79.9476	94
79.7856	79.9476	74
79.8626	79.9476	70
79.9466	80.2716	63
79.9476	80.0406	75
80.0236	80.1076	74
80.1076	80.2616	90
80.1086	80.2616	82
80.1116	80.2616	73
80.1956	80.2756	87
80.1956	80.2766	78
80.1986	80.2766	72
80.2786	80.3736	71
80.3556	80.4366	70
80.4366	80.6256	82
80.4406	80.6256	75
80.4406	80.6256	66
80.5206	80.6256	87
80.5246	80.6016	78
80.5246	80.6256	63
80.6016	80.9406	78
80.6046	80.9406	90
80.6056	80.9406	59
80.6056	80.9406	69
80.6856	80.9406	89
80.6886	80.9406	68
80.7696	80.9406	88
80.7706	80.9406	67
80.8496	80.9406	87
80.8536	80.9406	66
80.9346	81.0176	93
80.9346	81.2806	81
80.9346	81.2806	60
80.9366	81.0186	65
81.0186	81.2806	92
81.0206	81.2806	64
81.1056	81.2806	91
81.1086	81.2806	63
81.1926	81.2806	90
81.1936	81.2806	62
81.2776	81.3606	97
81.2776	81.3616	85
81.2796	81.3616	61
81.2806	81.3636	49
81.6266	81.9776	80
81.6276	81.9866	77
81.6296	81.9866	86
81.6306	81.9776	71
81.7146	81.9866	83
81.7176	81.9866	74
81.8056	81.9866	79
81.8066	81.9866	70
81.8896	81.9866	76
81.8926	81.9866	73
81.9776	82.3406	80
81.9776	82.3406	71
82.0646	82.3406	77
82.0646	82.3406	74
82.1516	82.3406	85
82.1516	82.3406	64
82.2366	82.3406	82
82.2386	82.3406	67
82.3236	82.6906	86
82.3266	82.6906	65
82.4176	82.6906	83
82.4186	82.6906	68
82.5056	82.6906	91
82.5066	82.6906	58
82.5966	82.6906	88
82.5996	82.6906	61
82.6846	82.8436	92
82.6866	82.8436	59
82.7776	82.8756	89
82.7786	82.8766	62
82.8766	83.0546	98
82.8776	83.0546	59
82.9886	83.0956	89
82.9886	83.0966	86
82.9896	83.0966	49
83.0996	83.2576	97
83.1006	83.2576	57
83.1886	83.2856	89
83.1906	83.2886	85
83.1916	83.2896	49
83.2896	83.4506	95
83.2926	83.4506	56
83.3876	83.4806	83
83.3906	83.4856	89
83.3906	83.4856	49
83.4876	83.6456	94
83.4886	83.6456	55
83.5796	83.6746	82
83.5806	83.6776	85
83.5806	83.6776	49
83.6786	83.8486	93
83.6816	83.8486	54
83.7756	83.8736	84
83.7756	83.8746	81
83.7786	83.8746	49
83.8766	84.0416	92
83.8776	84.0416	57
83.9726	84.0696	84
83.9746	84.0696	80
83.9746	84.0736	49
84.0736	84.1956	90
84.0736	84.1956	63
84.1646	84.2616	84
84.1676	84.2626	78
84.1686	84.2626	49
84.2656	84.4576	77
84.2666	84.4586	89
84.2666	84.4616	85
84.2686	84.3606	68
84.2686	84.3636	61
84.4616	84.5556	37
84.6506	85.0086	68
84.6506	85.0186	65
84.6546	85.0186	74
84.6546	85.0116	59
84.7386	85.0186	71
84.7416	85.0186	62
84.8336	85.0186	67
84.8346	85.0186	58
84.9196	85.0186	64
84.9206	85.0186	61
85.0086	85.3646	68
85.0116	85.3646	59
85.0946	85.3646	65
85.0956	85.3646	62
85.1796	85.3646	73
85.1836	85.3646	52
85.2696	85.3646	70
85.2696	85.3646	55
85.3556	85.7186	74
85.3576	85.7186	53
85.4416	85.7186	71
85.4446	85.7186	56
85.5296	85.7186	79
85.5326	85.7186	46
85.6246	85.7186	76
85.6246	85.7186	49
85.7146	85.8406	80
85.7186	85.8406	47
85.8066	85.9036	77
85.8086	85.9066	50
85.9076	86.0886	86
85.9076	86.0886	47
86.0186	86.1206	74
86.0196	86.1216	77
86.0196	86.1216	37
86.1236	86.2886	85
86.1246	86.2886	45
86.2196	86.3166	73
86.2216	86.3166	77
86.2216	86.3206	37
86.3206	86.4736	83
86.3216	86.4736	44
86.4176	86.5126	77
86.4186	86.5136	71
86.4186	86.5156	37
86.5156	86.6736	82
86.5196	86.6736	43
86.6156	86.7046	73
86.6156	86.7056	70
86.6176	86.7056	37
86.7076	86.8796	81
86.7086	86.8796	42
86.8076	86.9046	69
86.8076	86.9046	72
86.8096	86.9056	37
86.9086	87.0756	80
86.9086	87.0756	45
87.0026	87.1006	68
87.0056	87.1016	72
87.0066	87.1036	37
87.1036	87.2305	78
87.1046	87.2305	51
87.1956	87.2936	66
87.1986	87.2936	72
87.1986	87.2946	37
87.2966	87.4016	77
87.2966	87.4016	49
87.3915	87.4815	65
87.3946	87.4855	68
87.3955	87.4855	37
87.4885	87.6495	74
87.4895	87.6495	47
87.5845	87.6735	62
87.5875	87.6745	65
87.5875	87.6775	37
87.6785	87.8566	73
87.6785	87.8566	45
87.7755	87.8665	61
87.7765	87.8665	65
87.7765	87.8675	37
87.8705	88.0235	71
87.8705	88.0235	44
87.9655	88.0555	59
87.9685	88.0565	65
87.9685	88.0605	37
88.0625	88.2205	70
88.0635	88.2205	43
88.1535	88.2455	61
88.1535	88.2455	58
88.1545	88.2465	37
88.2485	88.4095	69
88.2485	88.4095	42
88.3435	88.4335	57
88.3465	88.4375	60
88.3465	88.4375	37
88.4385	88.6155	68
88.4405	88.6155	45
88.5395	88.6335	56
88.5395	88.6335	60
88.5405	88.6335	37
88.6375	88.7765	66
88.6375	88.7765	51
88.7345	88.8295	54
88.7355	88.8325	60
88.7355	88.8325	37
88.8335	89.0325	65
88.8335	89.0335	56
88.8365	89.0355	49
89.0365	89.1265	62
89.0365	89.1275	56
89.0395	89.1275	53
89.0405	89.1305	35
89.0405	89.1305	47
89.2255	89.3165	56
89.2255	89.3165	61
89.2265	89.3195	53
89.2285	89.3225	48
89.2285	89.3235	36
89.4105	89.5085	60
89.4115	89.5085	53
89.4135	89.5125	56
89.4135	89.5125	37
89.4145	89.5135	49
89.6035	89.6935	53
89.6035	89.6945	56
89.6045	89.6975	59
89.6065	89.6985	38
89.6065	89.7005	50
89.7885	89.8935	56
89.7885	89.8935	62
89.7895	89.8945	53
89.7915	89.8975	47
89.9915	90.1775	61
89.9925	90.1775	56
89.9925	90.1785	53
89.9945	90.1775	48
90.0865	90.1805	60
90.0865	90.1805	49
90.1815	90.3695	59
90.1845	90.3705	50
90.5555	90.6525	68
90.5555	90.6535	65
90.5565	90.6535	74
90.5585	90.6565	59
90.7435	90.8385	65
90.7445	90.8385	68
90.7475	90.8395	73
90.7485	90.8425	60
90.9295	91.0305	65
90.9335	91.0315	72
90.9335	91.0315	68
90.9335	91.0345	61
91.1225	91.2165	65
91.1225	91.2165	68
91.1255	91.2175	71
91.1265	91.2205	62
91.3145	91.4125	68
91.3155	91.4135	65
91.3155	91.4135	74
91.3175	91.4155	59
91.5145	91.7095	73
91.5145	91.7095	65
91.5155	91.7095	68
91.5155	91.7095	60
91.6055	91.7095	72
91.6095	91.7095	61
91.7075	91.8885	71
91.7075	91.8885	62
92.0915	92.1865	65
92.0955	92.1865	56
92.0955	92.1895	62
92.0965	92.1895	35
92.0985	92.1905	47
92.2765	92.3715	65
92.2815	92.3725	61
92.2815	92.3725	56
92.2815	92.3745	36
92.2835	92.3745	48
92.4695	92.5635	56
92.4735	92.5645	65
92.4735	92.5645	60
92.4735	92.5665	49
92.4745	92.5675	37
92.6545	92.7535	65
92.6555	92.7565	56
92.6585	92.7575	59
92.6585	92.7575	50
92.6595	92.7605	38
92.8475	92.9455	62
92.8475	92.9465	65
92.8475	92.9485	56
92.8505	92.9495	47
93.0505	93.2635	61
93.0515	93.2635	56
93.0515	93.2635	65
93.0545	93.2635	48
93.1455	93.2635	60
93.1465	93.2635	49
93.2405	93.4215	59
93.2415	93.4255	50
93.6245	93.7195	77
93.6255	93.7195	74
93.6255	93.7205	68
93.6275	93.7205	59
93.8105	93.9005	68
93.8105	93.9055	73
93.8135	93.9075	77
93.8135	93.9085	60
94.0025	94.0935	68
94.0035	94.0975	72
94.0035	94.0975	77
94.0055	94.0985	61
94.1945	94.2855	77
94.1955	94.2865	71
94.1955	94.2895	68
94.1965	94.2905	62
94.3805	94.4855	68
94.3805	94.4855	77
94.3815	94.4865	74
94.3845	94.4895	59
94.5835	94.7795	77
94.5845	94.7795	73
94.5845	94.7795	68
94.5865	94.7795	60
94.6785	94.7795	72
94.6795	94.7795	61
94.7725	94.9545	71
94.7735	94.9555	62
95.1535	95.2445	71
95.1545	95.2455	77
95.1545	95.2455	80
95.1555	95.2455	62
95.3325	95.4205	76
95.3335	95.4205	71
95.3335	95.4205	80
95.3365	95.4235	63
95.5105	95.5985	80
95.5155	95.5995	75
95.5155	95.5995	71
95.5155	95.6015	64
95.6935	95.7775	74
95.6935	95.7805	80
95.6945	95.7805	71
95.6945	95.7835	65
95.8645	95.9655	80
95.8655	95.9655	74
95.8675	95.9665	83
95.8685	95.9695	65
96.0645	96.2735	79
96.0645	96.2735	74
96.0655	96.2735	83
96.0675	96.2735	66
96.1595	96.2735	78
96.1605	96.2735	67
96.2465	96.4215	77
96.2495	96.4245	68
96.4245	96.7715	77
96.4275	96.7715	86
96.4285	96.5325	83
96.4285	96.5325	68
96.5125	96.5955	81
96.5135	96.5965	69
96.5995	96.6835	82
96.6005	96.6875	70
96.6875	96.7745	71
96.6885	96.7745	80
96.7745	97.1275	89
96.7785	97.1285	80
96.7785	96.9035	71
96.7785	96.9035	87
96.8595	96.9495	72
96.8625	96.9535	84
96.9535	97.0375	73
96.9545	97.0405	85
97.0405	97.1285	74
97.0445	97.1295	83
97.1325	97.4675	83
97.1325	97.4685	92
97.1325	97.2755	74
97.1335	97.2755	88
97.2155	97.2965	87
97.2165	97.2965	75
97.2975	97.3805	76
97.2975	97.3805	88
97.3835	97.4715	86
97.3835	97.4715	77
97.4715	97.8175	86
97.4755	97.8185	95
97.4755	97.5545	92
97.4755	97.5545	77
97.5555	97.6475	90
97.5585	97.6475	78
97.6435	97.7305	91
97.6465	97.7305	79
97.7315	97.8185	89
97.7335	97.8205	80
97.8215	98.1645	89
97.8215	98.1645	98
97.8225	98.1675	95
97.8245	98.1645	80
97.9015	98.2495	93
97.9025	98.2495	81
97.9865	98.3285	82
97.9895	98.3325	94
98.0735	98.4175	92
98.0765	98.4195	83
98.1645	98.5045	98
98.1645	98.5065	89
98.1645	98.5105	80
98.1675	98.5075	95
98.2495	98.5115	81
98.2495	98.5115	93
98.3285	98.5115	82
98.3325	98.5115	94
98.4175	98.5115	92
98.4195	98.5115	83
98.5045	98.8495	98
98.5065	98.8475	89
98.5075	98.8505	95
98.5105	98.8495	80
98.5915	98.9345	81
98.5925	98.9315	93
98.6765	99.0205	82
98.6785	99.0215	94
98.7595	99.1065	92
98.7595	99.1085	83
98.8475	99.1935	89
98.8495	99.1925	98
98.8495	99.1935	80
98.8505	99.1925	95
98.9315	99.1935	93
98.9345	99.1935	81
99.0205	99.1935	82
99.0215	99.1935	94
99.1065	99.1935	92
99.1085	99.1935	83
99.1905	99.3645	101
99.1925	99.3645	98
99.1925	99.3645	95
99.2775	100.568	100
99.2785	99.6205	97
99.2785	99.6215	94
99.3645	100.568	101
99.3645	99.5325	98
99.3645	99.5335	95
99.4525	100.568	99
99.4525	99.7925	96
99.4525	99.7955	93
99.5325	99.7075	98
99.5325	99.7085	92
99.5335	99.7085	95
99.6205	100.568	97
99.6205	99.9635	91
99.6215	99.9605	94
99.7075	100.568	98
99.7085	99.8795	95
99.7085	99.8835	92
99.7925	100.568	96
99.7945	100.138	90
99.7955	100.135	93
99.8795	100.048	95
99.8825	100.052	89
99.8835	100.052	92
99.9605	100.568	94
99.9635	100.31	91
99.9635	100.314	88
100.048	100.568	95
100.052	100.225	89
100.052	100.222	92
100.135	100.568	93
100.137	100.48	87
100.138	100.477	90
100.222	100.39	92
100.225	100.394	86
100.225	100.393	89
100.31	100.568	91
100.31	100.568	85
100.314	100.568	88
100.39	100.568	92
100.393	100.565	89
100.394	100.566	86
100.477	100.568	90
100.478	100.568	84
100.48	100.568	87
100.565	100.733	89
100.566	100.736	86
100.568	100.733	83
100.652	101.968	88
100.652	100.996	82
100.652	100.996	85
100.733	101.968	89
100.733	100.908	83
100.736	100.908	86
100.82	101.968	87
100.821	101.171	81
100.823	101.17	84
100.908	101.082	86
100.908	101.083	83
100.911	101.083	80
100.996	101.968	85
100.996	101.342	82
100.997	101.345	79
101.082	101.968	86
101.083	101.258	80
101.083	101.255	83
101.17	101.968	84
101.171	101.517	81
101.171	101.518	78
101.255	101.43	83
101.258	101.43	77
101.258	101.432	80
101.342	101.968	82
101.345	101.698	79
101.346	101.699	76
101.43	101.968	83
101.43	101.612	77
101.432	101.611	80
101.517	101.968	81
101.518	101.872	78
101.52	101.874	75
101.611	101.786	80
101.612	101.787	77
101.612	101.787	74
101.698	101.968	79
101.699	101.968	76
101.699	101.968	73
101.786	101.964	80
101.787	101.966	77
101.787	101.966	74
101.872	101.968	78
101.872	101.968	72
101.874	101.968	75
101.964	102.148	80
101.966	102.144	74
101.966	102.144	77
102.05	102.239	73
102.053	102.239	76
102.144	102.323	77
102.144	102.325	74
102.148	102.327	80
102.239	102.327	76
102.239	102.327	73
102.323	102.405	77
102.325	102.406	74
102.327	102.409	80
102.409	102.5	73
102.412	102.5	76
102.501	102.595	80
102.504	102.595	77
102.504	102.595	74
102.596	102.679	76
102.598	102.682	73
102.683	102.773	77
102.683	102.773	74
102.685	102.777	80
102.777	102.861	73
102.778	102.861	76
102.863	102.956	80
102.864	102.956	77
102.864	102.956	74
102.958	103.04	73
102.958	103.041	76
103.043	103.131	74
103.044	103.135	77
103.047	103.138	80
103.138	103.222	73
103.139	103.222	76
103.222	103.309	74
103.226	103.31	80
103.226	103.31	77
103.311	103.4	73
103.314	103.401	76
103.401	105.241	80
103.404	105.241	74
103.405	103.583	77
103.499	103.671	78
103.583	103.761	77
103.671	103.852	78
103.761	103.943	77
103.852	104.035	78
103.943	104.122	77
104.035	104.213	78
104.122	104.308	77
104.213	104.399	78
104.308	104.489	77
104.399	104.581	78
104.489	104.675	77
104.581	104.766	78
104.675	104.86	77
104.766	104.952	78
104.86	105.047	77
104.952	105.145	78
105.047	105.241	77
105.145	105.241	78
105.235	105.612	70
105.238	105.425	76
105.239	105.612	62
105.239	105.612	67
105.33	105.511	78
105.425	105.599	76
105.427	105.612	71
105.427	105.603	68
105.511	105.612	78
105.599	105.784	76
105.599	105.97	72
105.603	105.97	61
105.603	105.97	68
105.691	105.869	78
105.784	105.968	76
105.785	105.967	73
105.788	105.97	69
105.869	105.97	78
105.967	106.326	73
105.968	106.138	76
105.968	106.33	70
105.969	106.33	56
106.048	106.229	78
106.138	106.327	76
106.141	106.33	74
106.141	106.33	71
106.229	106.33	78
106.326	106.418	73
106.327	106.421	76
106.327	106.698	57
106.33	106.701	64
106.421	106.519	78
106.52	106.606	76
106.521	106.607	85
106.607	106.701	78
106.611	106.702	73
106.705	106.785	76
106.706	106.785	83
106.706	107.058	57
106.708	107.058	52
106.708	107.062	64
106.786	106.879	78
106.789	106.88	73
106.88	106.97	76
106.881	106.971	81
106.971	107.062	78
106.974	107.063	73
107.065	107.15	74
107.066	107.153	81
107.066	107.436	59
107.069	107.436	64
107.069	107.44	52
107.153	107.243	71
107.157	107.247	76
107.248	107.338	74
107.248	107.339	80
107.339	107.44	76
107.342	107.44	71
107.441	107.576	74
107.443	107.576	79
107.443	107.794	64
107.443	107.797	56
107.524	107.618	71
107.527	107.619	78
107.619	107.702	77
107.62	107.702	74
107.706	107.801	71
107.801	107.976	73
107.801	108.154	76
107.802	108.158	57
107.803	108.158	64
107.885	108.158	69
107.976	108.158	73
108.063	108.158	78
108.154	108.528	70
108.154	108.336	76
108.155	108.528	62
108.157	108.528	67
108.244	108.423	78
108.332	108.528	71
108.336	108.515	76
108.336	108.518	68
108.423	108.528	78
108.515	108.693	76
108.518	108.879	72
108.518	108.879	61
108.518	108.879	68
108.605	108.784	78
108.693	108.875	76
108.694	108.874	73
108.696	108.879	69
108.784	108.879	78
108.874	109.235	73
108.875	109.053	76
108.878	109.239	70
108.879	109.239	56
108.963	109.145	78
109.053	109.239	74
109.053	109.236	76
109.054	109.239	71
109.145	109.239	78
109.235	109.33	73
109.236	109.33	76
109.236	109.606	64
109.238	109.607	57
109.331	109.428	78
109.428	109.522	85
109.429	109.523	76
109.523	109.61	78
109.524	109.611	73
109.611	109.697	76
109.613	109.701	83
109.614	109.967	57
109.614	109.967	52
109.617	109.968	64
109.704	109.792	78
109.704	109.795	73
109.796	109.879	76
109.796	109.882	81
109.883	109.97	73
109.883	109.971	78
109.971	110.058	74
109.974	110.061	81
109.975	110.345	64
109.975	110.345	52
109.977	110.346	59
110.062	110.152	71
110.065	110.153	76
110.155	110.247	74
110.156	110.248	80
110.248	110.348	76
110.25	110.348	71
110.348	110.481	74
110.352	110.481	79
110.352	110.705	56
110.352	110.705	64
110.44	110.523	71
110.44	110.526	78
110.527	110.611	77
110.527	110.611	74
110.612	110.705	71
110.706	111.091	76
110.709	110.881	73
110.709	111.091	64
110.71	111.091	57
110.793	111.091	69
110.881	111.091	73
110.978	111.091	80
111.084	111.266	81
111.087	111.457	75
111.087	111.457	67
111.09	111.457	72
111.17	111.357	82
111.266	111.448	76
111.266	111.444	81
111.267	111.448	73
111.357	111.457	82
111.444	111.626	81
111.448	111.808	76
111.448	111.808	73
111.45	111.808	65
111.536	111.717	82
111.626	111.808	77
111.626	111.805	81
111.627	111.808	74
111.717	111.808	82
111.805	111.986	81
111.807	112.169	78
111.807	112.169	61
111.808	112.169	75
111.895	112.077	82
111.986	112.169	79
111.986	112.165	81
111.987	112.169	76
112.077	112.169	82
112.165	112.259	81
112.166	112.263	77
112.168	112.539	62
112.169	112.539	69
112.263	112.364	82
112.365	112.451	89
112.368	112.452	81
112.452	112.54	82
112.455	112.543	77
112.543	112.63	88
112.544	112.63	81
112.546	112.9	57
112.546	112.9	69
112.547	112.901	62
112.634	112.717	77
112.637	112.718	82
112.722	112.812	81
112.722	112.813	86
112.813	112.901	82
112.816	112.903	77
112.903	112.991	86
112.904	112.991	79
112.907	113.274	64
112.907	113.274	57
112.908	113.278	69
112.992	113.078	81
112.995	113.079	76
113.081	113.176	85
113.082	113.177	79
113.18	113.278	76
113.181	113.281	81
113.281	113.414	79
113.282	113.414	84
113.285	113.628	61
113.285	113.998	69
113.366	113.449	83
113.366	113.452	76
113.453	113.544	82
113.453	113.544	79
113.545	113.628	76
113.632	113.811	77
113.635	113.996	81
113.635	113.998	62
113.719	113.998	74
113.811	113.998	77
113.897	113.998	82
113.992	114.366	75
113.996	114.174	81
113.996	114.366	67
113.996	114.366	72
114.076	114.258	82
114.174	114.356	81
114.175	114.353	76
114.175	114.356	73
114.258	114.366	82
114.353	114.717	76
114.356	114.534	81
114.356	114.717	65
114.356	114.717	73
114.437	114.619	82
114.534	114.717	77
114.534	114.716	81
114.535	114.717	74
114.619	114.717	82
114.713	115.076	78
114.716	114.892	81
114.716	115.076	61
114.717	115.076	75
114.797	114.979	82
114.892	115.074	81
114.895	115.076	79
114.895	115.076	76
114.979	115.076	82
115.074	115.168	77
115.074	115.168	81
115.074	115.448	69
115.076	115.448	62
115.171	115.266	82
115.266	115.353	89
115.27	115.356	81
115.357	115.449	82
115.357	115.451	77
115.451	115.535	81
115.452	115.535	88
115.452	115.805	69
115.455	115.808	62
115.455	115.809	57
115.536	115.626	82
115.536	115.627	77
115.63	115.713	86
115.63	115.714	81
115.717	115.812	82
115.718	115.812	77
115.813	115.893	86
115.813	115.893	79
115.815	116.179	69
115.815	116.179	64
115.815	116.18	57
115.896	115.979	76
115.896	115.98	81
115.983	116.081	85
115.984	116.082	79
116.082	116.18	76
116.082	116.183	81
116.183	116.315	79
116.184	116.315	84
116.186	116.533	61
116.186	116.894	69
116.267	116.35	83
116.271	116.355	76
116.355	116.445	82
116.355	116.445	79
116.446	116.533	76
116.534	116.715	77
116.537	116.855	81
116.537	116.894	62
116.627	116.855	74
116.715	116.855	77
116.802	116.894	86
116.897	117.082	89
116.897	117.083	77
116.898	117.267	60
116.9	117.267	45
116.985	117.267	86
116.987	117.166	84
117.082	117.267	89
117.083	117.265	77
117.166	117.267	84
117.17	117.261	87
117.261	117.45	87
117.265	117.451	77
117.265	117.61	46
117.265	117.61	62
117.353	117.61	85
117.353	117.534	82
117.45	117.61	87
117.451	117.61	77
117.534	117.621	82
117.534	117.624	86
117.625	117.814	86
117.629	117.814	75
117.629	118.017	48
117.629	118.017	63
117.717	118.017	83
117.719	117.905	81
117.814	118.017	75
117.814	118.017	86
117.905	118.017	81
117.906	118.011	84
118.011	118.199	84
118.013	118.199	74
118.014	118.286	65
118.014	118.286	50
118.101	118.286	77
118.102	118.286	81
118.199	118.287	84
118.199	118.289	74
118.29	118.395	77
118.293	118.398	82
118.399	118.584	72
118.399	118.588	83
118.402	118.787	66
118.402	118.787	51
118.49	118.787	80
118.491	118.678	78
118.584	118.787	72
118.588	118.787	83
118.678	118.787	78
118.679	118.783	81
118.783	118.977	81
118.784	118.977	71
118.784	119.109	68
118.787	119.109	52
118.878	119.109	79
118.881	119.068	76
118.977	119.109	71
118.977	119.109	81
119.068	119.171	80
119.068	119.172	76
119.175	119.369	69
119.178	119.371	80
119.179	119.581	54
119.179	119.581	63
119.269	119.581	77
119.27	119.463	75
119.369	119.581	69
119.371	119.581	80
119.372	119.581	60
119.459	119.568	78
119.463	119.581	75
119.568	119.764	78
119.568	119.763	68
119.569	119.973	56
119.57	119.973	64
119.665	119.973	75
119.666	119.865	71
119.763	119.973	68
119.764	119.973	78
119.764	119.973	59
119.864	119.964	76
119.865	119.973	71
119.963	120.393	72
119.964	120.156	76
119.964	120.393	57
119.965	120.393	66
120.058	120.362	74
120.156	120.393	76
120.159	120.393	69
120.159	120.393	60
120.256	120.393	75
120.362	120.755	74
120.363	120.457	78
120.363	120.755	59
120.365	120.457	68
120.458	120.755	75
120.555	120.755	71
120.558	120.755	78
120.558	120.755	62
120.652	120.754	76
120.754	120.947	76
120.754	121.163	69
120.754	121.163	66
120.755	121.163	60
120.849	121.163	74
120.947	121.163	76
121.044	121.163	75
121.146	121.247	78
121.15	121.248	71
121.152	121.248	62
121.153	121.249	68
121.251	121.345	74
121.346	121.444	78
121.444	121.541	77
121.544	121.734	76
121.545	121.936	71
121.545	121.936	68
121.638	121.936	78
121.734	121.936	76
121.737	121.936	62
121.829	121.936	90
121.92	122.289	88
121.923	122.289	69
121.923	122.289	73
122.016	122.289	78
122.104	122.289	76
122.108	122.289	61
122.192	122.289	66
122.286	122.459	64
122.288	122.638	74
122.288	122.638	68
122.376	122.638	66
122.459	122.638	64
122.461	122.638	59
122.549	122.638	78
122.591	123.015	57
122.636	122.739	76
122.636	122.739	73
122.739	122.835	78
122.741	122.923	73
122.782	122.836	63
122.836	122.924	85
122.838	122.926	76
122.839	122.926	64
122.928	123.018	73
122.93	123.018	78
123.022	123.102	83
123.022	123.103	76
123.022	123.105	49
123.106	123.189	73
123.108	123.19	78
123.151	123.192	66
123.193	123.283	81
123.196	123.283	76
123.197	123.284	64
123.287	123.372	73
123.287	123.372	78
123.372	123.462	81
123.375	123.462	74
123.375	123.466	40
123.466	123.549	71
123.466	123.55	76
123.505	123.55	63
123.553	123.651	74
123.554	123.651	80
123.556	123.652	64
123.652	123.748	71
123.654	123.749	76
123.749	123.885	79
123.75	123.885	74
123.752	123.885	44
123.837	123.92	71
123.84	123.921	78
123.878	123.924	66
123.924	124.015	77
123.925	124.015	74
123.927	124.019	64
124.019	124.102	71
124.103	124.463	76
124.104	124.284	73
124.105	124.466	45
124.197	124.466	69
124.235	124.466	63
124.284	124.466	73
124.284	124.466	64
124.372	124.466	78
124.463	124.642	76
124.463	124.844	71
124.464	124.844	68
124.557	124.844	78
124.642	124.844	76
124.643	124.844	62
124.736	124.844	90
124.828	125.192	88
124.83	125.192	73
124.831	125.192	69
124.925	125.192	78
125.009	125.192	76
125.009	125.192	61
125.096	125.192	66
125.188	125.363	64
125.188	125.539	74
125.191	125.539	68
125.278	125.539	66
125.363	125.539	64
125.364	125.539	59
125.45	125.539	78
125.507	125.922	57
125.537	125.632	76
125.539	125.636	73
125.636	125.729	78
125.638	125.824	73
125.685	125.733	63
125.734	125.825	85
125.737	125.828	76
125.737	125.829	64
125.831	125.912	78
125.832	125.915	73
125.915	126	76
125.916	126	83
125.916	126	49
126.003	126.09	78
126.003	126.091	73
126.044	126.094	66
126.097	126.178	76
126.098	126.181	81
126.098	126.182	64
126.182	126.273	78
126.185	126.273	73
126.276	126.359	81
126.276	126.36	74
126.277	126.36	40
126.364	126.451	71
126.364	126.452	76
126.405	126.454	63
126.454	126.545	74
126.458	126.545	80
126.459	126.546	64
126.549	126.644	76
126.549	126.644	71
126.645	126.783	74
126.647	126.783	79
126.647	126.783	44
126.738	126.822	78
126.742	126.825	71
126.776	126.826	66
126.826	126.91	77
126.829	126.913	74
126.83	126.913	64
126.914	127.004	71
127.004	127.361	76
127.005	127.18	73
127.008	127.361	45
127.095	127.361	69
127.137	127.361	63
127.18	127.358	73
127.182	127.361	64
127.274	127.361	80
127.358	127.55	81
127.358	127.753	73
127.361	127.753	76
127.453	127.753	82
127.55	127.753	81
127.551	127.753	67
127.645	127.753	94
127.736	128.099	93
127.736	128.099	77
127.739	128.099	74
127.826	128.099	82
127.918	128.099	81
127.918	128.099	65
128.005	128.099	70
128.097	128.275	69
128.097	128.46	73
128.098	128.46	79
128.19	128.46	70
128.275	128.46	69
128.278	128.46	64
128.372	128.46	82
128.456	128.555	81
128.457	128.831	62
128.46	128.555	77
128.556	128.743	77
128.558	128.652	82
128.604	128.653	68
128.656	128.747	81
128.656	128.748	89
128.656	128.75	69
128.75	128.831	82
128.751	128.832	77
128.834	128.926	81
128.834	128.926	88
128.838	128.926	53
128.928	129.009	82
128.929	129.013	77
128.97	129.016	70
129.017	129.1	86
129.017	129.1	81
129.018	129.101	69
129.104	129.192	77
129.105	129.192	82
129.195	129.278	86
129.195	129.279	79
129.196	129.279	45
129.283	129.37	81
129.283	129.373	76
129.324	129.373	68
129.377	129.464	85
129.378	129.464	79
129.378	129.468	69
129.468	129.563	81
129.471	129.563	76
129.566	129.702	79
129.566	129.702	84
129.567	129.702	49
129.653	129.744	83
129.654	129.745	76
129.695	129.745	70
129.748	129.832	82
129.749	129.832	79
129.749	129.833	69
129.833	129.923	76
129.923	130.099	77
129.927	130.28	81
129.927	130.284	50
130.014	130.284	74
130.056	130.284	68
130.099	130.284	77
130.101	130.284	69
130.194	130.284	82
130.28	130.469	81
130.28	130.672	76
130.281	130.672	73
130.379	130.672	82
130.469	130.672	81
130.473	130.672	67
130.565	130.672	94
130.655	131.025	93
130.659	131.025	74
130.659	131.025	77
130.752	131.025	82
130.837	131.025	81
130.838	131.025	65
130.931	131.025	70
131.023	131.197	69
131.023	131.379	73
131.023	131.379	79
131.109	131.379	70
131.197	131.379	69
131.197	131.379	64
131.282	131.379	82
131.376	131.467	81
131.376	131.753	62
131.379	131.467	77
131.47	131.659	77
131.47	131.567	82
131.523	131.568	68
131.568	131.66	89
131.569	131.66	81
131.572	131.662	69
131.663	131.753	77
131.666	131.754	82
131.754	131.838	81
131.757	131.841	88
131.757	131.841	53
131.845	131.932	77
131.845	131.935	82
131.886	131.936	70
131.936	132.019	81
131.937	132.02	86
131.939	132.02	69
132.02	132.107	82
132.023	132.107	77
132.108	132.197	86
132.111	132.201	79
132.111	132.202	45
132.202	132.285	81
132.205	132.286	76
132.239	132.289	68
132.29	132.383	79
132.29	132.387	85
132.292	132.387	69
132.39	132.478	76
132.39	132.478	81
132.479	132.625	84
132.482	132.625	79
132.482	132.625	49
132.574	132.663	83
132.576	132.664	76
132.618	132.664	70
132.667	132.751	79
132.668	132.751	82
132.668	132.752	69
132.755	132.839	76
132.839	133.195	81
132.84	133.017	77
132.842	133.195	50
132.935	133.195	74
133.017	133.195	77
133.126	133.234	86
133.235	133.633	89
133.235	133.633	77
133.236	133.633	29
133.237	133.43	41
133.333	133.633	84
133.335	133.633	81
133.335	133.528	42
133.427	133.633	75
133.43	133.627	41
133.527	133.633	87
133.528	133.633	42
133.626	134.021	85
133.627	134.021	73
133.627	134.021	41
133.627	133.825	53
133.724	134.021	82
133.724	134.021	77
133.725	133.917	54
133.822	134.021	74
133.825	134.018	53
133.916	134.021	86
133.917	134.021	54
134.014	134.422	80
134.015	134.221	68
134.015	134.211	65
134.018	134.422	53
134.109	134.221	75
134.113	134.221	72
134.113	134.221	66
134.211	134.422	69
134.211	134.422	65
134.309	134.422	81
134.312	134.422	66
134.421	134.715	72
134.421	134.715	84
134.422	134.62	65
134.518	134.715	77
134.519	134.715	74
134.522	134.715	67
134.616	134.716	70
134.62	134.718	65
134.718	134.822	82
134.823	135.222	77
134.826	135.222	89
134.827	135.222	29
134.827	135.019	41
134.922	135.222	84
134.924	135.222	81
134.925	135.117	42
135.017	135.222	75
135.019	135.219	41
135.116	135.222	87
135.117	135.222	42
135.216	135.614	73
135.218	135.614	85
135.219	135.614	41
135.219	135.408	53
135.307	135.614	82
135.309	135.614	77
135.309	135.506	54
135.408	135.614	74
135.408	135.608	53
135.506	135.614	86
135.506	135.614	54
135.607	136.014	80
135.608	135.81	68
135.608	136.014	53
135.608	135.796	65
135.702	135.81	75
135.703	135.81	72
135.705	135.81	66
135.796	136.014	69
135.796	136.014	65
135.894	136.014	81
135.897	136.014	66
136.013	136.304	84
136.013	136.297	72
136.014	136.209	65
136.108	136.297	74
136.11	136.297	77
136.111	136.297	67
136.206	136.304	70
136.209	136.305	65
136.307	136.409	82
136.409	136.804	82
136.41	136.804	94
136.411	136.804	34
136.412	136.605	46
136.51	136.791	89
136.511	136.804	86
136.511	136.697	47
136.604	136.804	80
136.605	136.791	46
136.696	136.804	92
136.697	136.804	47
136.79	137.175	77
136.791	137.175	89
136.791	137.175	46
136.792	136.983	58
136.888	137.175	87
136.889	137.175	82
136.889	137.074	59
136.98	137.175	79
136.983	137.169	58
137.073	137.175	90
137.074	137.175	59
137.165	137.364	73
137.169	137.57	85
137.169	137.57	58
137.169	137.361	70
137.263	137.364	77
137.266	137.364	80
137.266	137.364	71
137.358	137.57	74
137.361	137.568	70
137.458	137.57	86
137.459	137.57	71
137.567	137.854	89
137.568	137.847	77
137.568	137.847	70
137.665	137.847	78
137.665	137.847	82
137.764	137.855	75
137.855	137.963	87
137.963	138.355	94
137.966	138.355	82
137.966	138.355	34
137.967	138.155	46
138.057	138.355	86
138.061	138.344	89
138.061	138.247	47
138.152	138.355	80
138.155	138.348	46
138.246	138.355	92
138.247	138.355	47
138.344	138.728	89
138.344	138.728	77
138.348	138.533	58
138.348	138.728	46
138.436	138.728	87
138.439	138.728	82
138.439	138.631	59
138.529	138.728	78
138.533	138.725	58
138.628	138.728	90
138.631	138.728	59
138.722	139.118	85
138.722	138.922	73
138.723	138.909	70
138.725	139.118	58
138.814	138.922	80
138.816	138.922	77
138.816	138.922	71
138.908	139.118	74
138.909	139.118	70
139.006	139.118	86
139.007	139.118	71
139.117	139.401	77
139.118	139.405	89
139.118	139.401	70
139.216	139.401	82
139.216	139.401	78
139.314	139.405	75
139.408	139.513	87
139.513	139.699	85
139.516	139.796	97
139.516	139.902	46
139.517	139.902	34
139.609	139.902	90
139.699	139.902	85
139.702	139.902	42
139.703	139.902	54
139.796	139.902	97
139.891	140.273	100
139.892	140.273	88
139.895	140.273	35
139.895	140.273	47
139.986	140.273	90
140.077	140.273	87
140.08	140.273	54
140.081	140.273	42
140.174	140.273	99
140.266	140.465	81
140.266	140.662	93
140.267	140.465	49
140.267	140.465	37
140.36	140.465	90
140.361	140.465	88
140.459	140.662	82
140.459	140.662	42
140.459	140.662	54
140.55	140.662	94
140.658	140.951	97
140.66	140.947	85
140.661	140.947	39
140.661	140.947	51
140.76	140.947	90
140.762	140.947	87
140.858	140.955	83
140.858	140.955	42
140.861	140.958	54
140.959	141.053	95
141.057	141.254	91
141.057	141.253	96
141.058	141.469	52
141.058	141.469	40
141.156	141.354	85
141.156	141.355	94
141.253	141.469	96
141.254	141.469	91
141.254	141.469	55
141.256	141.469	46
141.354	141.469	85
141.355	141.469	94
141.455	141.645	93
141.456	141.648	88
141.456	141.851	58
141.459	141.851	49
141.55	141.747	82
141.551	141.749	91
141.645	141.851	93
141.648	141.851	88
141.648	141.851	61
141.648	141.851	52
141.747	141.851	82
141.749	141.851	91
141.837	142.029	90
141.841	142.03	85
141.841	142.226	64
141.842	142.226	55
141.939	142.132	79
141.939	142.131	88
142.029	142.226	90
142.03	142.226	85
142.03	142.226	67
142.033	142.226	58
142.131	142.226	88
142.132	142.222	79
142.219	142.414	87
142.222	142.412	79
142.222	142.601	61
142.223	142.601	70
142.317	142.509	76
142.317	142.509	85
142.412	142.6	79
142.414	142.601	87
142.414	142.601	64
142.415	142.601	73
142.509	142.601	76
142.509	142.601	85
142.6	142.757	79
142.601	142.757	84
142.601	142.757	76
142.699	142.793	73
142.701	142.793	81
142.794	142.891	79
142.796	142.891	84
142.796	142.893	64
142.894	142.992	73
142.898	142.993	82
142.993	143.16	81
142.995	143.16	76
142.995	143.16	73
143.098	143.194	70
143.101	143.195	78
143.195	143.3	76
143.198	143.301	81
143.199	143.301	61
143.302	143.408	70
143.303	143.409	79
143.412	143.608	77
143.413	143.608	73
143.413	143.608	70
143.516	143.629	67
143.517	143.63	75
143.63	143.752	77
143.633	143.752	73
143.633	143.753	58
143.755	143.884	76
143.756	143.885	67
143.885	144.098	70
143.888	144.325	79
143.888	144.304	74
143.892	144.325	62
143.99	144.325	65
144.098	144.325	70
144.2	144.325	77
144.304	144.743	74
144.305	144.518	68
144.308	145.162	53
144.309	144.774	59
144.406	144.774	65
144.518	144.774	68
144.624	144.774	75
144.742	144.844	64
144.743	145.162	74
144.743	144.844	70
144.743	145.162	60
144.844	145.16	67
144.949	145.162	64
145.055	145.162	72
145.159	145.366	63
145.16	145.589	67
145.162	145.369	40
145.263	145.589	60
145.264	145.481	41
145.366	145.589	63
145.369	145.589	40
145.477	145.589	69
145.481	146.02	41
145.579	145.789	70
145.582	146.02	79
145.583	146.002	74
145.583	146.003	53
145.688	146.02	65
145.789	146.02	70
145.894	146.02	77
145.999	146.213	68
146.002	146.434	74
146.002	146.468	59
146.003	146.864	53
146.107	146.468	65
146.213	146.468	68
146.318	146.468	75
146.434	146.864	74
146.436	146.537	70
146.436	146.538	64
146.437	146.864	60
146.538	146.863	67
146.643	146.864	64
146.749	146.864	72
146.86	147.07	63
146.863	147.293	67
146.864	147.07	40
146.957	147.293	60
146.961	147.175	41
147.07	147.293	63
147.07	147.293	40
147.173	147.293	69
147.175	147.703	41
147.277	147.483	62
147.277	147.714	72
147.279	147.714	53
147.381	147.714	65
147.483	147.714	62
147.595	147.714	70
147.7	147.91	56
147.701	148.168	67
147.703	148.56	41
147.703	148.168	47
147.703	148.168	50
147.805	148.015	62
147.91	148.168	56
148.015	148.168	62
148.016	148.132	65
148.132	148.56	65
148.133	148.231	55
148.134	148.56	48
148.135	148.558	51
148.235	148.446	60
148.337	148.56	55
148.445	148.56	63
148.446	148.558	60
148.558	148.763	51
148.558	148.989	60
148.558	148.764	42
148.659	148.869	57
148.66	148.869	41
148.763	148.989	51
148.764	148.989	42
148.868	148.989	62
148.869	148.989	57
148.869	148.989	41
148.985	149.215	58
148.988	149.216	34
148.988	149.216	50
149.216	149.306	65
149.218	149.306	62
149.219	149.31	74
149.219	149.31	58
149.219	149.311	50
149.222	149.313	53
149.397	149.498	62
149.401	149.499	72
149.401	149.499	65
149.404	149.502	58
149.404	149.503	53
149.404	149.503	50
149.59	149.684	62
149.59	149.684	65
149.593	149.688	71
149.594	149.688	53
149.597	149.688	50
149.597	149.689	58
149.775	149.876	65
149.779	149.877	62
149.779	149.877	70
149.782	149.88	50
149.783	149.88	58
149.783	149.881	53
149.968	150.065	62
149.971	150.066	74
149.971	150.07	65
149.971	150.07	50
149.972	150.072	53
149.975	150.073	58
150.174	150.362	72
150.175	150.362	65
150.175	150.362	62
150.175	150.362	53
150.177	150.362	50
150.177	150.362	58
150.269	150.362	71
150.36	150.541	70
150.542	150.769	32
150.77	150.863	77
150.772	150.864	65
150.773	150.864	70
150.773	150.867	53
150.773	150.867	58
150.776	150.868	62
150.955	151.049	65
150.955	151.05	76
150.956	151.05	70
150.958	151.051	53
150.958	151.053	58
150.958	151.053	62
151.147	151.242	75
151.148	151.242	65
151.148	151.243	70
151.15	151.243	58
151.15	151.245	62
151.151	151.245	53
151.332	151.423	70
151.333	151.424	65
151.333	151.428	74
151.336	151.43	53
151.336	151.431	62
151.336	151.431	58
151.525	151.623	77
151.525	151.623	65
151.526	151.624	70
151.526	151.627	53
151.529	151.627	62
151.529	151.627	58
151.721	151.917	65
151.722	151.917	70
151.724	151.917	76
151.725	151.917	53
151.725	151.917	58
151.725	151.917	62
151.826	151.917	75
151.917	152.106	74
152.107	152.322	30
152.327	152.424	82
152.327	152.425	73
152.331	152.425	70
152.331	152.428	64
152.331	152.429	61
152.333	152.429	54
152.516	152.606	73
152.517	152.61	70
152.519	152.614	80
152.519	152.614	61
152.523	152.614	64
152.523	152.615	54
152.701	152.799	70
152.704	152.802	79
152.705	152.803	73
152.705	152.803	64
152.708	152.806	61
152.709	152.807	54
152.894	152.984	70
152.894	152.989	73
152.897	152.989	78
152.897	152.991	64
152.898	152.992	61
152.901	152.992	54
153.086	153.184	82
153.087	153.184	73
153.087	153.188	70
153.089	153.188	54
153.09	153.189	64
153.09	153.191	61
153.281	153.475	70
153.282	153.475	80
153.285	153.475	73
153.286	153.475	64
153.289	153.475	61
153.289	153.475	54
153.381	153.475	79
153.471	153.67	78
153.675	153.891	29
153.895	153.996	72
153.895	153.999	78
153.896	154	69
153.898	154	57
153.898	154.003	66
153.899	154.004	63
154.104	154.203	72
154.105	154.203	77
154.105	154.204	69
154.105	154.206	63
154.106	154.206	65
154.108	154.206	57
154.297	154.395	72
154.3	154.398	69
154.301	154.399	76
154.301	154.402	57
154.305	154.403	63
154.305	154.403	65
154.49	154.595	72
154.49	154.595	69
154.493	154.595	75
154.493	154.598	65
154.494	154.599	63
154.497	154.599	57
154.699	154.815	69
154.7	154.819	72
154.703	154.819	60
154.704	154.819	63
154.704	154.82	65
154.937	155.141	79
154.938	155.141	72
154.941	155.141	69
154.942	155.141	63
154.942	155.141	65
155.04	155.141	78
155.137	155.336	77
155.34	155.572	34
155.572	155.711	74
155.573	155.711	62
155.574	155.711	58
155.575	155.711	65
155.663	155.75	66
155.751	155.892	72
155.753	155.892	62
155.754	155.892	65
155.754	155.892	53
155.848	155.931	67
155.932	156.079	62
155.932	156.079	71
155.935	156.079	58
155.936	156.079	65
156.033	156.121	66
156.124	156.253	62
156.125	156.253	70
156.125	156.253	65
156.128	156.253	53
156.219	156.306	67
156.307	156.453	62
156.309	156.453	74
156.31	156.453	58
156.313	156.453	65
156.416	156.516	66
156.516	156.709	72
156.52	156.709	62
156.52	156.709	65
156.52	156.709	53
156.61	156.709	71
156.706	156.887	70
156.89	157.122	32
157.122	157.258	77
157.123	157.258	65
157.125	157.258	62
157.125	157.258	70
157.213	157.3	71
157.301	157.451	76
157.303	157.451	65
157.304	157.451	70
157.304	157.451	56
157.398	157.486	72
157.486	157.636	75
157.489	157.636	65
157.489	157.636	62
157.49	157.636	70
157.584	157.675	71
157.678	157.836	65
157.682	157.836	74
157.682	157.836	56
157.683	157.836	70
157.776	157.863	72
157.864	158.032	65
157.867	158.032	77
157.868	158.032	62
157.868	158.032	70
157.972	158.067	71
158.068	158.263	65
158.068	158.263	76
158.07	158.263	56
158.07	158.263	70
158.162	158.263	75
158.262	158.462	74
158.462	158.648	42
158.466	158.649	30
158.649	158.76	70
158.651	158.76	82
158.651	158.76	73
158.652	158.76	54
158.652	158.76	61
158.655	158.76	64
158.843	159.043	70
158.844	159.043	73
158.848	159.043	80
158.848	159.043	64
158.848	159.043	61
158.851	159.043	58
158.942	159.043	79
159.043	159.239	78
159.24	159.425	35
159.24	159.425	47
159.426	159.54	78
159.428	159.54	87
159.428	159.54	75
159.428	159.54	59
159.432	159.54	66
159.432	159.54	69
159.628	159.822	75
159.629	159.822	78
159.631	159.822	85
159.631	159.822	63
159.632	159.822	69
159.632	159.822	66
159.726	159.822	84
159.821	160.006	83
160.007	160.215	29
160.009	160.216	41
160.216	160.384	87
160.219	160.384	84
160.219	160.384	93
160.22	160.384	53
160.317	160.412	52
160.415	160.572	84
160.416	160.572	92
160.416	160.572	87
160.416	160.572	54
160.521	160.615	53
160.616	160.789	84
160.618	160.789	87
160.618	160.789	91
160.619	160.789	55
160.72	160.811	54
160.815	160.975	87
160.815	160.975	90
160.817	160.975	84
160.818	160.975	56
160.916	161.01	55
161.01	161.188	81
161.011	161.188	84
161.014	161.188	89
161.014	161.188	57
161.112	161.206	56
161.207	161.378	88
161.209	161.378	84
161.21	161.378	81
161.21	161.378	58
161.304	161.399	57
161.399	161.552	84
161.4	161.552	81
161.403	161.552	87
161.403	161.552	59
161.496	161.591	58
161.592	161.741	81
161.592	161.741	78
161.595	161.741	86
161.595	161.741	60
161.686	161.783	59
161.784	161.945	78
161.784	161.945	85
161.785	161.945	81
161.787	161.945	61
161.878	161.969	60
161.969	162.147	78
161.97	162.147	81
161.97	162.147	84
161.973	162.147	62
162.071	162.158	61
162.159	162.337	78
162.161	162.337	75
162.162	162.337	83
162.162	162.337	63
162.263	162.351	62
162.351	162.529	82
162.352	162.529	78
162.354	162.529	75
162.354	162.529	64
162.448	162.543	63
162.544	162.722	72
162.544	162.722	75
162.547	162.722	81
162.547	162.722	65
162.645	162.735	64
162.736	162.907	75
162.736	162.907	72
162.739	162.907	80
162.74	162.907	66
162.838	162.932	65
162.932	163.092	75
162.935	163.092	79
162.935	163.092	72
162.935	163.092	67
163.034	163.127	66
163.128	163.296	72
163.131	163.296	78
163.132	163.296	75
163.132	163.296	68
163.233	163.326	67
163.327	163.513	77
163.328	163.513	75
163.328	163.513	72
163.331	163.513	69
163.429	163.52	68
163.521	163.715	75
163.521	163.715	79
163.523	163.715	70
163.626	163.719	69
163.72	163.905	77
163.723	163.905	75
163.723	163.905	72
163.824	163.919	69
163.919	164.119	75
163.92	164.318	78
163.92	164.319	68
164.017	164.413	71
164.119	164.318	75
164.119	164.514	77
164.121	164.515	69
164.216	164.608	72
164.318	164.514	75
164.318	164.711	78
164.319	164.714	68
164.413	164.714	71
164.514	164.714	77
164.514	164.713	75
164.515	164.714	69
164.608	164.714	72
164.711	165.518	78
164.713	164.909	75
164.714	165.108	68
164.809	165.2	71
164.909	165.304	77
164.909	165.107	75
164.91	165.305	69
165.008	165.4	72
165.106	165.508	79
165.107	165.303	75
165.108	165.509	68
165.2	165.518	71
165.303	165.505	75
165.304	165.518	77
165.305	165.518	69
165.4	165.518	72
165.505	165.71	75
165.508	165.924	79
165.509	165.928	68
165.602	166.033	71
165.71	165.924	75
165.711	166.146	77
165.711	166.146	69
165.812	166.282	72
165.924	166.145	75
165.924	166.426	79
165.928	166.426	68
166.033	166.426	71
166.145	166.426	75
166.146	166.425	77
166.146	166.426	69
166.282	166.426	72
166.425	166.662	77
166.426	166.666	74
166.426	166.667	70
166.915	167.037	62
167.012	167.135	63
167.114	167.234	62
167.216	167.331	64
167.313	167.422	65
167.314	168.444	59
167.314	168.448	50
167.318	168.448	56
167.405	167.517	66
167.499	167.611	65
167.59	167.709	67
167.684	167.8	68
167.783	167.895	69
167.878	167.989	68
167.968	168.08	70
168.063	168.185	71
168.161	168.276	72
168.258	168.371	71
168.263	168.353	62
168.354	168.465	73
168.449	168.557	74
168.451	168.819	56
168.451	168.819	53
168.452	168.539	61
168.539	168.65	75
168.633	168.742	74
168.634	168.724	60
168.724	168.833	76
168.819	168.927	77
168.82	169.201	50
168.822	168.909	59
168.822	169.201	55
168.91	169.018	78
169.004	169.123	77
169.005	169.102	62
169.102	169.224	79
169.201	169.319	80
169.204	169.578	53
169.204	169.579	55
169.204	169.298	61
169.301	169.41	81
169.302	169.393	60
169.393	169.501	80
169.394	169.484	59
169.484	169.595	83
169.579	169.715	86
169.579	169.764	54
169.581	169.764	50
169.582	169.765	62
169.582	169.767	57
169.674	169.767	87
169.768	169.862	86
169.862	169.956	89
169.957	170.142	90
170.048	171.101	91
170.142	171.101	90
170.236	171.101	92
170.334	170.52	93
170.425	171.101	94
170.52	171.101	93
170.614	170.797	97
170.705	170.898	98
170.797	170.99	97
170.898	171.101	98
170.99	171.101	97
171.094	171.251	96
171.097	171.458	99
171.097	171.279	55
171.098	171.28	48
171.098	171.283	63
171.189	171.284	95
171.284	171.37	96
171.374	171.458	94
171.462	171.868	93
171.553	171.868	91
171.648	171.868	92
171.738	171.868	90
171.832	171.993	89
171.833	172.203	101
171.833	172.014	48
171.836	172.018	57
171.836	172.018	51
171.836	172.019	41
171.924	172.021	88
172.021	172.109	89
172.109	172.204	87
172.204	172.593	86
172.288	172.593	85
172.382	172.593	84
172.477	172.593	83
172.514	172.683	46
172.532	172.686	53
172.55	172.686	62
172.567	172.687	82
172.592	172.687	101
172.963	173.079	38
173.061	173.176	39
173.158	173.274	38
173.257	173.372	40
173.355	174.117	53
173.358	174.118	62
173.358	174.118	59
173.362	174.119	56
173.362	173.473	41
173.457	173.565	42
173.547	173.659	41
173.642	173.758	43
173.74	173.848	44
173.834	173.946	45
173.925	174.041	44
174.023	174.138	46
174.122	174.24	47
174.216	174.331	48
174.314	174.409	86
174.314	174.409	80
174.317	174.409	77
174.317	174.429	47
174.412	174.517	49
174.499	174.594	85
174.5	174.594	80
174.502	174.595	77
174.503	174.611	50
174.595	174.703	51
174.685	174.779	77
174.689	174.78	84
174.689	174.783	80
174.689	174.796	50
174.783	174.891	52
174.87	174.965	83
174.874	175.259	80
174.875	175.259	74
174.877	174.982	53
174.965	175.08	54
175.056	175.157	86
175.06	175.178	53
175.158	175.276	55
175.262	175.354	74
175.266	175.354	85
175.267	175.354	77
175.267	175.371	56
175.357	175.444	84
175.357	175.465	57
175.447	175.539	83
175.448	175.556	56
175.539	175.655	59
175.633	175.822	86
175.633	175.826	78
175.634	175.827	93
175.637	175.749	62
175.637	176.015	50
175.731	175.843	63
175.829	175.941	62
175.917	176.033	65
176.015	176.126	66
176.105	176.221	67
176.2	176.313	66
176.295	176.403	68
176.389	176.498	69
176.48	176.589	70
176.571	176.683	69
176.665	176.774	73
176.756	176.869	74
176.851	176.96	73
176.943	177.057	74
177.036	177.166	73
177.142	177.328	96
177.143	177.328	87
177.143	177.328	79
177.145	177.513	60
177.145	177.257	72
177.233	177.344	71
177.331	177.436	72
177.418	177.53	70
177.513	177.625	69
177.604	177.715	67
177.698	177.81	68
177.793	177.901	66
177.884	178.065	87
177.884	178.066	93
177.887	178.066	101
177.887	178.248	53
177.887	177.995	65
177.972	178.08	64
178.066	178.174	65
178.157	178.269	63
178.252	178.359	62
178.342	178.454	61
178.437	178.545	60
178.528	178.609	59
178.632	178.723	86
178.633	178.728	101
178.637	178.731	94
178.637	178.732	46
178.639	178.732	58
178.818	178.913	50
178.822	178.913	58
178.822	178.917	53
178.917	179.003	62
179.008	179.098	48
179.008	179.099	58
179.009	179.099	54
179.102	179.189	62
179.189	179.29	47
179.193	179.291	58
179.193	179.291	55
179.294	179.382	62
179.383	179.48	46
179.383	179.483	58
179.385	179.484	54
179.484	179.575	62
179.575	179.661	50
179.576	179.662	53
179.578	179.665	58
179.666	179.746	62
179.749	179.946	48
179.75	179.943	58
179.753	179.946	54
179.844	179.946	47
179.845	179.946	62
179.942	180.04	46
179.943	180.041	58
179.946	180.041	55
180.043	180.096	62
180.099	180.274	54
180.113	180.278	57
180.131	180.278	63
180.411	180.901	87
180.412	180.737	81
180.412	180.82	78
180.495	180.901	84
180.572	180.901	80
180.576	180.901	71
180.576	180.898	74
180.656	180.901	77
180.737	180.901	81
180.74	180.901	72
180.74	180.901	75
180.82	180.901	78
180.898	181.58	74
180.901	181.234	68
180.901	181.321	65
180.982	181.58	71
181.066	181.58	75
181.069	181.405	69
181.069	181.58	66
181.15	181.58	72
181.234	181.58	68
181.236	181.58	62
181.237	181.58	59
181.321	181.58	65
181.405	181.58	69
181.406	181.58	60
181.406	181.58	63
181.493	181.58	78
181.577	181.832	77
181.579	181.832	70
181.58	181.833	41
181.836	181.929	50
181.836	181.934	58
181.837	181.934	53
181.934	182.024	62
182.025	182.115	48
182.025	182.115	58
182.028	182.119	54
182.119	182.209	62
182.21	182.301	47
182.211	182.302	58
182.213	182.304	55
182.305	182.395	62
182.395	182.494	46
182.399	182.494	54
182.399	182.494	58
182.497	182.587	62
182.588	182.672	50
182.588	182.675	53
182.591	182.676	58
182.679	182.763	62
182.763	182.96	48
182.764	182.959	58
182.764	182.96	54
182.865	182.96	47
182.865	182.96	62
182.955	183.05	46
182.959	183.053	58
182.96	183.054	55
183.057	183.145	62
183.117	183.288	54
183.131	183.291	57
183.145	183.292	63
183.425	183.897	87
183.425	183.82	78
183.426	183.739	81
183.509	183.897	84
183.581	183.897	80
183.582	183.897	71
183.582	183.894	74
183.663	183.897	77
183.739	183.897	81
183.74	183.897	72
183.74	183.897	75
183.82	183.897	78
183.894	184.6	74
183.896	184.212	68
183.897	184.297	65
183.977	184.6	71
184.058	184.6	75
184.058	184.376	69
184.059	184.538	66
184.139	184.6	72
184.212	184.6	68
184.215	184.6	62
184.216	184.6	59
184.297	184.6	65
184.376	184.6	69
184.377	184.6	63
184.377	184.537	60
184.461	184.6	78
184.537	184.684	60
184.538	184.684	66
184.538	184.685	57
184.541	184.685	51
184.828	185.291	90
184.828	185.133	84
184.829	185.207	81
184.906	185.291	87
184.983	185.291	83
184.983	185.29	77
184.985	185.291	74
185.056	185.291	80
185.133	185.291	84
185.135	185.291	75
185.136	185.291	78
185.207	185.291	81
185.29	186	77
185.291	186	70
185.291	185.671	68
185.364	186	74
185.442	186	78
185.442	185.749	72
185.444	185.941	69
185.513	186	75
185.592	186	71
185.594	186	62
185.595	186	65
185.671	186	68
185.749	186	72
185.75	185.942	63
185.75	186	66
185.821	186	81
185.941	186.08	69
185.942	186.081	63
185.942	186.084	60
185.944	186.085	54
185.944	186.085	46
186.228	186.687	93
186.229	186.606	84
186.229	186.533	87
186.302	186.684	90
186.382	186.687	86
186.382	186.687	77
186.383	186.687	80
186.455	186.687	83
186.533	186.687	87
186.533	186.687	81
186.534	186.687	78
186.606	186.687	84
186.683	187.222	96
186.684	186.991	90
186.687	187.061	87
186.753	187.142	93
186.841	187.331	89
186.841	187.306	83
186.842	187.331	80
186.914	187.306	86
186.991	187.142	90
186.992	187.331	81
186.992	187.331	84
187.061	187.331	87
187.141	187.331	99
187.142	187.331	90
187.142	187.331	93
187.222	187.331	96
187.303	187.624	92
187.306	187.614	83
187.306	187.624	86
187.376	187.624	89
187.456	187.624	93
187.457	187.624	87
187.457	187.624	84
187.534	187.624	90
187.611	187.925	100
187.614	187.925	80
187.614	187.926	83
187.691	187.846	87
187.768	188.087	101
187.769	188.09	81
187.771	188.089	84
187.846	188.006	87
187.925	188.251	100
187.925	188.251	80
187.926	188.252	83
188.006	188.168	87
188.087	188.412	101
188.089	188.416	84
188.09	188.416	81
188.168	188.332	87
188.251	188.64	100
188.251	188.64	80
188.252	188.64	83
188.332	188.493	87
188.412	188.576	101
188.416	188.64	84
188.416	188.64	81
188.493	188.64	87
188.576	189.983	101
188.576	189.097	82
188.577	189.013	86
188.86	189.017	90
188.86	189.944	98
188.94	189.867	94
188.94	189.096	89
189.013	189.171	86
189.017	189.787	90
189.096	189.712	89
189.097	189.252	82
189.171	189.328	78
189.171	189.637	86
189.252	189.556	82
189.255	189.402	77
189.328	189.479	78
189.329	189.482	74
189.402	189.555	77
189.404	189.983	70
189.479	189.637	78
189.482	189.983	74
189.555	189.983	77
189.556	189.71	82
189.637	189.787	86
189.637	189.983	78
189.71	189.942	82
189.712	189.87	89
189.787	189.983	90
189.787	189.983	86
189.867	189.983	94
189.87	189.983	89
189.942	190.091	82
189.944	190.094	98
190.242	191.33	86
190.242	190.403	78
190.322	191.25	82
190.322	190.479	77
190.402	190.558	74
190.403	191.169	78
190.477	190.635	70
190.479	191.093	77
190.558	191.018	74
190.56	190.711	66
190.635	190.785	65
190.635	190.943	70
190.71	190.861	62
190.711	190.862	66
190.785	190.943	65
190.787	191.354	58
190.861	191.354	62
190.862	191.015	66
190.943	191.095	70
190.943	191.354	65
191.015	191.354	66
191.018	191.17	74
191.093	191.25	77
191.095	191.333	70
191.169	191.354	78
191.17	191.354	74
191.25	191.354	77
191.25	191.354	82
191.33	191.431	86
191.333	191.432	70
191.544	192.323	74
191.544	191.703	66
191.624	192.241	70
191.628	191.786	65
191.702	191.86	62
191.703	192.168	66
191.785	191.94	58
191.786	192.093	65
191.859	192.017	54
191.86	192.016	62
191.939	194.529	53
191.94	192.09	58
192.016	192.167	62
192.017	194.529	54
192.09	194.529	58
192.093	192.244	65
192.167	194.529	62
192.168	192.324	66
192.241	192.398	70
192.244	194.529	65
192.323	192.474	74
192.324	194.529	66
192.398	194.529	70
192.401	192.556	77
192.474	194.529	74
192.475	192.632	78
192.556	194.529	77
192.556	192.713	82
192.629	192.787	86
192.632	194.529	78
192.713	193.183	82
192.713	192.87	89
192.787	193.102	86
192.789	192.944	90
192.868	193.027	94
192.87	193.028	89
192.944	193.101	90
192.945	193.266	98
193.027	193.34	94
193.028	193.183	89
193.101	193.262	90
193.102	193.42	86
193.183	193.497	82
193.183	193.339	89
193.262	193.423	90
193.266	193.577	98
193.339	193.498	89
193.34	193.658	94
193.42	193.735	86
193.423	193.577	90
193.497	193.815	82
193.498	193.661	89
193.577	193.896	98
193.577	193.734	90
193.658	193.972	94
193.661	193.815	89
193.734	193.897	90
193.735	194.054	86
193.815	193.973	89
193.815	194.13	82
193.896	194.211	98
193.897	194.053	90
193.972	194.292	94
193.973	194.128	89
194.053	194.211	90
194.054	194.365	86
194.128	194.291	89
194.13	194.45	82
194.211	194.529	98
194.211	194.368	90
194.291	194.449	89
194.292	194.529	94
194.365	194.529	86
194.368	194.529	90
194.449	194.529	89
194.45	194.529	82
194.529	194.847	65
194.564	194.847	70
194.602	194.847	77
194.641	194.847	86
194.683	194.847	94
194.725	194.847	101
195.327	195.562	46
195.379	195.562	53
195.425	195.562	62
