OnsetTime	OffsetTime	MidiPitch
0.521985	0.573993	50
0.521985	0.574999	57
0.727992	0.778002	59
0.731989	0.778002	65
0.935005	0.979999	60
0.935998	0.980992	53
1.13	1.183	69
1.134	1.18401	62
1.344	1.512	59
1.348	1.543	50
1.544	1.649	59
1.65	1.74699	60
1.74699	1.94299	69
1.748	1.946	65
1.751	1.946	59
1.94699	2.10799	57
2.163	2.23999	59
2.16399	2.37299	50
2.583	2.74499	65
2.58399	2.74799	69
2.58399	2.74799	60
3.00999	3.21998	59
3.01399	3.42398	45
3.22099	3.42398	60
3.42698	3.82497	72
3.42698	3.82597	69
3.42698	3.52497	62
3.62297	3.72497	64
3.82597	3.92397	66
3.82896	4.21397	38
4.02196	4.08497	66
4.08796	4.15096	67
4.15197	4.21496	66
4.21496	4.41696	64
4.21796	4.61996	72
4.21796	4.62095	69
4.41796	4.62095	62
4.62396	4.79795	60
4.62396	5.04394	45
4.83694	5.00893	62
5.04394	5.42794	72
5.04494	5.42894	69
5.04793	5.42894	64
5.45994	5.67094	64
5.46294	5.87294	40
5.67094	5.87393	66
5.87694	5.97194	68
5.87793	6.27993	59
6.06493	6.17393	69
6.27993	6.44692	66
6.28293	6.68491	52
6.48192	6.58692	66
6.58692	6.68592	68
6.68792	6.88792	66
6.68891	6.89191	62
6.68891	7.10892	57
6.89191	7.05191	60
6.8949	7.05291	64
7.10991	7.3159	66
7.11191	7.3159	62
7.11291	7.5219	40
7.5229	7.7389	62
7.5249	7.73991	66
7.5249	7.73991	69
7.9529	8.16591	68
7.9529	8.16591	64
7.95391	8.57791	59
7.95591	10.4649	52
8.16891	8.36091	66
8.16891	8.36591	69
8.36591	8.96092	64
8.36791	8.96391	68
8.57892	8.78892	60
8.78892	9.40789	59
8.99791	9.19891	66
8.99891	9.2019	69
9.2019	9.79289	68
9.20291	9.79289	71
9.4119	9.6179	60
9.61889	10.2349	62
9.82789	10.0239	69
9.82789	10.0249	72
10.0269	10.2349	64
10.0279	10.4649	68
10.2349	10.4689	64
10.4689	10.6749	76
10.4699	10.6759	79
10.4719	11.2869	69
10.4719	11.2919	60
10.4729	11.2919	53
10.6759	10.7729	74
10.6799	10.7729	77
10.7769	10.8789	76
10.7769	10.8789	79
10.8789	11.0809	74
10.8819	11.0819	77
11.0819	11.2949	72
11.0849	11.2959	76
11.2959	11.4949	74
11.2959	11.4949	70
11.2979	12.1209	65
11.2979	12.1209	62
11.2989	12.1219	55
11.4949	11.7079	69
11.4958	11.7089	72
11.7089	12.3308	70
11.7109	12.3319	74
12.1249	12.9398	48
12.1249	12.9408	55
12.1259	12.9408	64
12.3319	12.4289	69
12.3319	12.4289	72
12.4298	12.5268	70
12.4329	12.5268	74
12.5278	12.7368	72
12.5308	12.7378	69
12.7378	12.9408	70
12.7398	12.9428	67
12.9438	13.1468	65
12.9438	13.1498	69
12.9478	13.3628	53
12.9478	13.3638	57
12.9478	13.3638	60
13.1498	13.3668	64
13.1508	13.3678	67
13.3678	13.7448	65
13.3698	13.7448	69
13.3698	13.7488	50
13.3708	13.7488	57
13.3708	13.7498	62
13.7798	14.5878	69
13.7798	13.9758	76
13.7838	13.9788	79
13.7838	14.5888	41
13.7838	14.5888	57
13.7868	14.5888	48
13.9798	14.0808	74
13.9828	14.0808	77
14.0848	14.1818	76
14.0878	14.1828	79
14.1828	14.3858	74
14.1838	14.3858	77
14.3868	14.5918	72
14.3888	14.5928	76
14.5928	15.4178	65
14.5948	14.7938	70
14.5948	14.7948	74
14.5958	15.4178	43
14.5988	15.4188	58
14.5988	15.4218	50
14.7988	15.0048	69
14.7988	15.0048	72
15.0078	15.6208	70
15.0088	15.6218	74
15.4218	16.2368	64
15.4218	16.2378	48
15.4248	16.2378	55
15.4248	16.2398	60
15.6238	15.7188	69
15.6238	15.7188	72
15.7228	15.8228	70
15.7228	15.8238	74
15.8238	16.0268	72
15.8268	16.0268	69
16.0308	16.2398	70
16.0308	16.2408	67
16.2408	16.4458	65
16.2438	16.4468	69
16.2438	16.8698	53
16.2448	16.8708	60
16.4468	16.6608	64
16.4478	16.6608	67
16.6618	17.6967	65
16.6638	17.2798	69
16.8708	17.0698	52
17.0738	17.6997	50
17.0738	17.9027	53
17.2828	17.4897	67
17.4908	18.1057	69
17.6997	17.9027	64
17.7037	17.9037	48
17.9057	20.3457	62
17.9057	19.9397	53
17.9067	18.5187	47
18.1067	18.3087	67
18.3087	18.9247	69
18.5197	18.7187	45
18.7187	19.3347	43
18.9247	19.1347	71
19.1357	19.3347	74
19.3377	19.5337	71
19.3377	19.5337	45
19.5347	19.7367	69
19.5367	20.3457	47
19.7377	19.9397	71
19.9407	20.1427	64
19.9437	20.1437	55
20.1457	20.3467	67
20.1467	20.3487	52
20.3497	22.7886	62
20.3497	20.5557	69
20.3517	20.9657	47
20.3527	22.5846	53
20.5557	20.7587	67
20.7597	21.3677	69
20.9687	21.1677	45
21.1687	21.7767	43
21.3687	21.5777	71
21.5777	21.7807	74
21.7817	21.9767	71
21.7837	21.9767	45
21.9797	22.1797	69
21.9807	22.7896	47
22.1837	22.3756	71
22.3786	22.5896	69
22.5896	22.7926	65
22.5906	22.7926	55
22.7936	24.6156	64
22.7956	24.2166	60
22.7956	22.9986	56
22.7996	25.2206	48
22.9996	23.2016	54
23.2056	23.4116	52
23.4126	23.6116	54
23.6156	23.8176	56
23.8176	23.8906	57
24.0206	24.0946	59
24.2166	25.2216	60
24.4196	24.4966	62
24.6186	25.2246	64
24.8156	24.8916	66
25.0106	25.0956	68
25.2256	26.8866	62
25.2286	27.0976	64
25.2286	27.7686	47
25.2296	25.4316	56
25.4316	25.6376	54
25.6406	25.8466	52
25.8506	26.0576	54
26.0576	26.2676	56
26.2686	26.3406	57
26.4706	26.5516	59
26.6776	26.7546	60
26.8876	27.7725	62
27.0976	27.7725	64
27.3176	27.3916	66
27.5306	27.6256	68
27.7736	27.8215	57
27.7765	27.8245	38
27.9795	28.0316	59
28.1816	28.2275	65
28.1826	28.2305	69
28.1856	28.2315	60
28.1865	28.2315	45
28.1865	28.2345	53
28.3815	28.4346	62
28.5946	28.7635	59
28.5956	28.7976	38
28.7985	28.8956	59
28.8965	28.9946	60
28.9946	29.1865	69
28.9975	29.1875	65
28.9975	29.1875	59
28.9985	29.0395	53
29.0016	29.0435	45
29.1895	29.3445	57
29.3995	29.4765	59
29.4005	29.6035	38
29.8025	29.9635	65
29.8035	29.9635	69
29.8035	29.9675	60
29.8055	29.8615	53
29.8065	29.8625	45
30.2365	30.4395	59
30.2375	30.2855	38
30.4405	30.6465	60
30.6465	31.0385	72
30.6475	31.0385	69
30.6475	30.7435	62
30.6495	30.6915	54
30.6495	30.6915	45
30.8415	30.9405	64
31.0385	31.1355	66
31.0415	31.2375	38
31.2375	31.2975	66
31.3005	31.3625	67
31.3635	31.4265	66
31.4275	31.8325	72
31.4275	31.8335	69
31.4295	31.6265	64
31.4305	31.4785	54
31.4305	31.4795	45
31.6265	31.8355	62
31.8355	32.0035	60
31.8395	32.0325	38
32.0325	32.2035	62
32.2355	32.6585	64
32.2365	32.6585	72
32.2365	32.6585	69
32.2365	32.2875	54
32.2385	32.2875	45
32.6625	32.7035	69
32.6625	32.7045	38
32.8615	32.9145	71
33.0645	33.1095	65
33.0655	33.1105	62
33.0655	33.1135	72
33.0675	33.1135	45
33.0685	33.1145	53
33.2605	33.3135	74
33.4775	33.6455	71
33.4775	33.6805	38
33.6815	33.7785	71
33.7795	33.8765	72
33.8765	34.0685	62
33.8775	34.0695	65
33.8805	34.0695	71
33.8805	33.9225	53
33.8815	33.9225	45
34.0725	34.2305	69
34.2855	34.3595	71
34.2865	34.4855	38
34.6895	34.8535	65
34.6915	34.8535	62
34.6925	34.8535	72
34.6925	34.7405	53
34.6955	34.7445	45
35.1195	35.3215	71
35.1195	35.1715	38
35.3225	35.5255	72
35.5285	35.9205	72
35.5285	35.9215	69
35.5295	35.6225	74
35.5295	35.6265	62
35.7205	35.8195	76
35.7245	35.8225	64
35.9215	36.0185	78
35.9235	36.0225	66
36.1165	36.1795	78
36.1205	36.1795	66
36.1835	36.2425	79
36.1865	36.2465	67
36.2465	36.3085	78
36.2495	36.3125	66
36.3135	36.5125	76
36.3135	36.5125	64
36.5155	36.7185	74
36.5155	36.7225	62
36.7255	36.9245	72
36.7255	36.9255	60
36.9255	37.1385	74
36.9285	37.1385	62
37.1425	37.9645	76
37.1425	37.9655	64
37.5545	37.7545	69
37.5595	37.7545	72
37.5595	37.7555	57
37.5625	37.7585	60
37.7585	37.9655	74
37.7595	37.9675	62
37.9675	38.3355	67
37.9685	38.3364	71
37.9685	38.3395	76
37.9715	38.3405	55
37.9725	38.3405	59
37.9745	38.3405	64
38.3705	38.7834	66
38.3715	38.5745	69
38.3715	38.7834	54
38.3715	38.5745	57
38.5774	38.7844	71
38.5774	38.7874	59
38.7874	39.1994	65
38.7874	39.2004	68
38.7884	39.5844	72
38.7904	39.2004	53
38.7904	39.2044	56
38.7904	39.5854	60
39.2044	39.5184	64
39.2074	39.5224	67
39.2074	39.5224	52
39.2074	39.5234	55
39.6234	40.4504	68
39.6244	40.0364	63
39.6264	40.0364	66
39.6274	40.0374	51
39.6274	40.0374	54
39.6274	40.4504	56
40.0404	40.3444	65
40.0414	40.3454	62
40.0414	40.3454	50
40.0434	40.3484	53
40.4504	42.8464	64
40.4524	40.6104	61
40.4534	42.8474	52
40.4534	40.6114	49
40.8764	41.0414	60
40.8804	41.0414	48
41.3104	41.4814	59
41.3144	41.4824	47
41.7594	41.9474	62
41.7624	41.9474	58
41.7624	41.9484	46
41.7664	41.9484	50
42.2594	42.4794	40
42.8474	43.3054	33
43.3544	43.4554	60
43.3584	43.4564	64
43.3584	43.4564	69
43.3624	43.4594	57
43.5544	43.6524	59
43.5544	43.6524	62
43.5554	43.6534	64
43.5574	43.6554	52
43.7534	43.8264	59
43.7544	43.8274	62
43.7544	43.8274	64
43.7554	43.8304	52
43.9494	44.0474	60
43.9494	44.0484	64
43.9504	44.0504	69
43.9534	44.0514	57
44.1454	44.2434	60
44.1464	44.2444	64
44.1484	44.2474	69
44.1484	44.2474	57
44.3454	44.4424	64
44.3454	44.4434	59
44.3454	44.4434	62
44.3464	44.4464	52
44.5374	44.6114	59
44.5374	44.6114	64
44.5384	44.6124	62
44.5384	44.6144	52
44.7334	44.8384	60
44.7344	44.8394	64
44.7344	44.8394	69
44.7364	44.8394	45
44.9404	45.0204	62
44.9404	45.0244	67
44.9434	45.0244	71
44.9434	45.0274	40
45.3774	45.7724	81
45.3784	45.7734	69
45.3784	45.7734	33
45.7904	45.8884	60
45.7914	45.8884	64
45.7914	45.8894	69
45.7914	45.8894	57
45.9874	46.0844	59
45.9874	46.0854	62
45.9874	46.0854	64
45.9894	46.0874	52
46.1794	46.2444	59
46.1794	46.2454	62
46.1804	46.2494	64
46.1804	46.2494	52
46.3674	46.4694	60
46.3724	46.4704	64
46.3724	46.4704	69
46.3724	46.4734	57
46.5644	46.6654	64
46.5674	46.6664	69
46.5674	46.6684	60
46.5714	46.6694	57
46.7634	46.8584	62
46.7644	46.8584	59
46.7674	46.8594	64
46.7674	46.8614	52
46.9494	47.0254	59
46.9494	47.0264	64
46.9534	47.0264	62
46.9534	47.0294	52
47.1524	47.2564	60
47.1554	47.2574	64
47.1564	47.2604	69
47.1564	47.2614	45
47.3614	47.4424	62
47.3624	47.4464	67
47.3624	47.4474	71
47.3654	47.4474	43
47.7964	48.1984	84
47.7994	48.1984	72
47.8004	48.1994	36
48.2124	48.3134	64
48.2164	48.3144	67
48.2164	48.3144	72
48.2204	48.3174	60
48.4124	48.5064	62
48.4134	48.5064	65
48.4154	48.5074	67
48.4154	48.5074	55
48.6054	48.6744	62
48.6054	48.6754	65
48.6054	48.6754	67
48.6074	48.6774	55
48.7974	48.8954	72
48.7974	48.8954	64
48.7984	48.8954	67
48.8004	48.8994	60
48.9924	49.0844	64
48.9934	49.0874	67
48.9964	49.0884	72
48.9974	49.0914	60
49.1824	49.2834	62
49.1854	49.2844	65
49.1894	49.2844	67
49.1894	49.2864	55
49.3744	49.4514	62
49.3784	49.4514	67
49.3794	49.4554	65
49.3794	49.4554	55
49.5804	49.6823	64
49.5813	49.6863	67
49.5813	49.6874	72
49.5824	49.6874	48
49.7913	49.8683	65
49.7913	49.8723	70
49.7923	49.8723	74
49.7923	49.8743	43
50.2243	50.6163	84
50.2253	50.6173	72
50.2253	50.6203	36
50.6303	50.7293	64
50.6313	50.7293	67
50.6313	50.7323	72
50.6343	50.7323	60
50.8273	50.9243	62
50.8273	50.9253	65
50.8313	50.9283	67
50.8313	50.9293	55
51.0193	51.0893	67
51.0193	51.0893	65
51.0203	51.0903	62
51.0233	51.0933	55
51.2083	51.3103	64
51.2113	51.3113	67
51.2123	51.3113	72
51.2153	51.3113	60
51.4013	51.4983	64
51.4013	51.4993	67
51.4043	51.5033	72
51.4043	51.5033	60
51.6003	51.6913	62
51.6013	51.6913	65
51.6013	51.6923	67
51.6033	51.6953	55
51.7903	51.8663	62
51.7903	51.8673	67
51.7933	51.8673	65
51.7933	51.8693	55
51.9893	52.0903	64
51.9903	52.0943	67
51.9923	52.0943	72
51.9923	52.0973	60
52.1983	52.6433	65
52.1993	52.6443	70
52.1993	52.6443	74
52.2003	52.6473	58
52.6483	52.8633	75
52.6503	55.1523	70
52.6513	53.2913	67
52.6513	53.2923	63
52.8683	53.0743	74
53.0743	53.7003	75
53.2923	53.4903	58
53.2933	53.4933	65
53.4943	54.1163	63
53.4943	54.1173	67
53.7043	53.9103	74
53.9113	54.5293	75
54.1203	54.3203	65
54.1243	54.3233	69
54.3243	54.9433	63
54.3273	54.9443	67
54.5343	54.7263	74
54.7303	55.3633	75
54.9463	55.1533	65
54.9463	55.1533	58
55.1563	55.9793	57
55.1573	55.9793	67
55.3633	55.5623	74
55.5662	55.7612	75
55.7622	55.9802	79
55.9802	56.1782	67
55.9822	57.5782	74
55.9822	57.5822	50
55.9833	57.5822	57
56.1822	56.3822	69
56.3822	56.5842	67
56.5882	56.7902	64
56.7912	56.9982	67
56.9982	57.2002	69
57.2012	57.4042	67
57.4042	57.5832	64
57.6142	57.8202	74
57.6142	60.0912	69
57.6152	58.2362	65
57.6172	58.2362	62
57.8232	58.0292	72
58.0342	58.6532	74
58.2372	58.4362	57
58.2372	58.4402	64
58.4402	59.0582	62
58.4402	59.0592	65
58.6532	58.8562	72
58.8562	59.4722	74
59.0622	59.2622	64
59.0632	59.2632	67
59.2662	59.8852	62
59.2662	59.8852	65
59.4722	59.6722	72
59.6752	60.2942	74
59.8862	60.0922	64
59.8892	60.0952	57
60.0952	60.9252	70
60.0982	60.9252	55
60.0982	60.9262	65
60.2952	60.4972	72
60.5012	60.7072	74
60.7082	60.9262	77
60.9272	61.1242	65
60.9282	63.3711	70
60.9282	62.5511	48
60.9292	63.3711	55
61.1272	61.3261	63
61.3272	61.5301	62
61.5341	61.7361	63
61.7371	61.9391	65
61.9401	62.1461	63
62.1501	62.3491	62
62.3501	62.7581	63
62.5551	67.4421	41
62.7581	62.9581	62
62.9611	63.1651	60
63.1651	63.9951	63
63.3721	64.2311	69
63.3741	64.2321	53
63.5811	64.1341	62
63.7841	64.1341	60
63.9951	64.1971	63
64.1971	64.8131	60
64.2011	65.0471	67
64.2011	65.0511	51
64.4071	65.0171	58
64.6071	65.0171	57
64.8131	65.6291	60
65.0161	66.2341	65
65.0161	66.2351	50
65.2271	65.7131	58
65.4291	65.7131	57
65.6291	65.8311	60
65.8351	66.0421	58
66.0451	66.2351	62
66.2371	66.8441	65
66.2381	66.6431	67
66.2381	67.2661	53
66.4371	67.2661	62
66.6431	67.2391	67
66.6431	67.0371	70
66.6441	67.2661	55
66.8441	67.2661	65
67.0371	67.2661	70
67.0391	67.4421	74
67.0391	67.4421	58
67.2391	67.4441	67
67.4451	67.6441	63
67.4451	69.017	70
67.4491	72.3	41
67.6441	67.8481	62
67.851	68.0441	60
68.047	68.863	63
68.246	69.1	69
68.247	69.101	53
68.457	69.017	62
68.663	69.017	60
68.863	69.065	63
69.069	69.685	60
69.069	69.92	67
69.07	69.92	51
69.276	69.888	58
69.479	69.888	57
69.685	70.501	60
69.884	71.106	65
69.885	71.107	50
70.095	70.574	58
70.298	70.574	57
70.501	70.703	60
70.707	70.907	58
70.908	71.107	62
71.107	71.709	65
71.109	71.513	67
71.11	72.124	53
71.309	72.124	62
71.513	72.096	67
71.515	71.904	70
71.515	72.124	55
71.709	72.124	65
71.902	72.327	74
71.904	72.124	70
71.904	72.303	58
72.096	72.303	67
72.303	72.495	70
72.304	72.73	76
72.307	73.822	43
72.499	72.702	67
72.703	72.891	72
72.703	73.09	77
72.704	73.091	57
72.705	73.091	60
72.706	73.094	65
72.895	73.094	69
73.095	73.48	70
73.095	73.868	74
73.097	73.868	58
73.097	73.869	62
73.098	73.871	55
73.283	73.679	67
73.48	73.822	70
73.483	73.871	41
73.679	73.871	67
73.872	74.277	70
73.875	74.693	72
73.875	74.693	40
74.071	74.477	67
74.277	74.693	70
74.278	74.691	74
74.278	74.693	38
74.477	74.693	67
74.691	76.2049	79
74.691	76.2049	74
74.691	77.0949	36
74.883	76.2049	70
75.089	75.4989	76
75.09	75.4999	81
75.092	75.5019	69
75.093	75.5019	64
75.093	75.5019	60
75.2889	75.6919	72
75.4989	75.8989	76
75.4999	76.2049	81
75.5019	75.9009	60
75.5019	75.8999	64
75.5019	76.0899	69
75.6919	75.8979	72
75.8979	76.2049	72
75.8989	76.2889	76
75.8999	76.2899	64
75.9009	76.2899	57
75.9009	76.2899	60
76.0899	76.2929	69
76.2929	76.6849	72
76.2939	77.0949	76
76.2959	77.0959	57
76.2969	77.0979	60
76.2969	77.0979	64
76.4859	76.8919	69
76.6849	76.9649	72
76.8919	77.1019	69
77.1019	77.2939	70
77.1029	77.5239	76
77.1029	78.6379	43
77.2949	77.4939	67
77.4959	77.6859	72
77.4969	77.8849	77
77.5009	77.8859	57
77.5009	77.8859	60
77.5009	77.8889	65
77.6859	77.8899	69
77.8899	78.2769	70
77.8909	78.6619	74
77.8929	78.6619	58
77.8929	78.6629	62
77.8929	78.6659	55
78.0819	78.4699	67
78.2769	78.6379	70
78.2779	78.6659	41
78.4699	78.6669	67
78.6699	79.0699	70
78.6709	79.4779	72
78.6709	79.4779	40
78.8659	79.2679	67
79.0699	79.4779	70
79.0719	79.4709	74
79.0719	79.4779	38
79.2679	79.4779	67
79.4709	80.9829	74
79.4749	80.9829	79
79.4749	84.1008	36
79.6679	80.9829	70
79.8669	80.2699	76
79.8669	80.2699	81
79.8699	80.2729	69
79.8709	80.2729	64
79.8709	80.2719	60
80.0659	80.4649	72
80.2699	80.6659	76
80.2699	80.9829	81
80.2719	80.6689	60
80.2729	80.6679	64
80.2729	80.8509	69
80.4649	80.6649	72
80.6649	80.9829	72
80.6659	81.0429	76
80.6679	81.0429	64
80.6679	81.0439	57
80.6689	81.0459	60
80.8509	81.0459	69
81.0469	81.7028	72
81.0499	81.7028	76
81.0499	81.7028	57
81.0509	81.7028	60
81.0529	81.7028	64
81.2429	81.7028	69
81.4489	81.8189	82
81.4489	81.7028	77
81.4519	81.8229	70
81.4529	81.8239	62
81.4529	81.8239	65
81.6309	81.8239	74
81.8259	82.0119	77
81.8269	82.2149	82
81.8299	82.2158	62
81.8299	82.2158	65
81.8309	82.2178	70
82.0119	82.2178	74
82.2189	82.3999	79
82.2219	82.5859	84
82.2228	82.5859	64
82.2228	82.5899	67
82.2248	82.5899	72
82.4009	82.5909	76
82.5929	82.7849	79
82.5929	82.9818	84
82.5939	82.9818	64
82.5969	82.9849	67
82.5969	82.9849	72
82.7859	82.9849	76
82.9859	83.1668	76
82.9888	83.3598	81
82.9888	83.3598	60
82.9899	83.3598	64
82.9899	83.3628	69
83.1678	83.3638	72
83.3638	83.5448	76
83.3648	83.7298	81
83.3668	83.7308	60
83.3668	83.7308	64
83.3668	83.7338	69
83.5448	83.7349	72
83.7349	83.9158	81
83.7368	84.1018	84
83.7378	84.1048	64
83.7378	84.1058	69
83.7408	84.1058	72
83.9158	84.1078	76
84.1088	84.2898	82
84.1088	84.4788	86
84.1118	86.3658	34
84.1128	86.3658	41
84.2938	84.4798	76
84.4798	84.6678	82
84.4828	84.8608	86
84.4828	84.8648	65
84.6728	84.8658	77
84.8678	85.2428	82
84.8678	85.2428	86
84.8688	86.3658	55
84.8688	86.3628	58
84.8718	85.9888	62
85.0508	85.4248	74
85.2428	85.6138	82
85.2428	85.6138	86
85.4248	86.1708	74
85.6138	85.9848	82
85.6138	85.9858	86
85.6168	86.3658	60
85.7988	86.3658	72
85.9848	86.3598	82
85.9858	86.3618	86
85.9888	86.3628	62
86.1708	86.3658	74
86.3598	86.7328	82
86.3618	86.7338	86
86.3628	88.6408	58
86.3628	88.6418	62
86.3628	87.0868	67
86.5478	87.0868	79
86.7328	87.0868	82
86.7338	87.0868	86
86.7368	87.0978	69
86.9189	87.0978	81
87.0988	87.4768	82
87.1008	87.4788	86
87.1008	88.5008	69
87.2908	88.5008	81
87.4768	87.8638	82
87.4788	87.8678	86
87.4788	87.8678	64
87.6688	88.0568	76
87.8638	88.2528	82
87.8678	88.2538	86
87.8678	88.6438	64
88.0568	88.4458	76
88.2528	88.5008	82
88.2538	88.5008	86
88.4458	88.6448	76
88.6448	88.8368	82
88.6478	89.0438	86
88.6488	91.0808	34
88.6488	91.0808	41
88.8408	89.0438	76
89.0448	89.2428	82
89.0448	89.4498	86
89.0468	89.4498	65
89.2458	89.4508	77
89.4528	89.8418	82
89.4528	89.8458	86
89.4538	91.0808	55
89.4538	91.0818	58
89.4568	90.6548	62
89.6488	90.0418	74
89.8418	90.2408	82
89.8458	90.2408	86
90.0418	90.8668	74
90.2408	90.6508	82
90.2408	90.6538	86
90.2418	91.0208	60
90.4408	91.0208	72
90.6508	91.0208	82
90.6538	91.0208	86
90.6548	91.0458	62
90.8668	91.0458	74
91.0838	91.4688	83
91.0838	91.4688	88
91.0848	91.8288	28
91.0878	91.8298	40
91.2728	91.4588	76
91.4578	91.7938	71
91.4588	91.7938	76
91.6448	91.8298	64
91.8328	92.1688	76
91.8338	92.1688	69
91.8338	92.5818	29
91.8348	92.5818	41
92.0158	92.1968	64
92.1998	92.5818	57
92.2008	92.5758	64
92.3868	92.5818	52
92.5758	92.9498	59
92.5758	92.9508	64
92.5768	93.3208	31
92.5778	93.3208	43
92.7648	93.1358	52
92.9498	93.2328	59
92.9508	93.2328	64
93.1358	93.3218	52
93.3238	93.6918	60
93.3238	93.6948	64
93.3248	94.0628	33
93.3278	94.0668	45
93.5068	93.8798	52
93.6918	93.9578	60
93.6948	93.9578	64
93.8798	94.0668	52
94.0678	94.4518	64
94.0688	94.7318	62
94.0698	94.7318	35
94.0698	94.7318	47
94.2558	94.6398	52
94.4508	94.7318	60
94.4518	94.7318	64
94.4518	94.8288	33
94.4528	94.8298	45
94.6398	94.8318	52
94.8318	95.6868	59
94.8328	95.6908	62
94.8328	95.2488	65
94.8358	95.2498	31
94.8368	95.2498	43
95.2498	95.6908	69
95.2528	95.6938	29
95.2528	95.6938	41
95.6938	95.9948	83
95.6948	95.9948	88
95.6978	96.4318	28
95.6978	96.4328	40
95.8828	96.0608	76
96.0618	96.4068	71
96.0618	96.4068	76
96.2478	96.4328	64
96.4348	96.7748	69
96.4358	96.7748	76
96.4358	97.1918	29
96.4358	97.1918	41
96.6258	96.8068	64
96.8098	97.1848	64
96.8108	97.1918	57
96.9958	97.1918	52
97.1848	97.5588	59
97.1848	97.5598	64
97.1858	97.9378	31
97.1858	97.9378	43
97.3738	97.7448	52
97.5588	97.9378	59
97.5598	97.9338	64
97.7448	97.9378	52
97.9338	98.3018	60
97.9338	98.3038	64
97.9348	98.6818	33
97.9348	98.6858	45
98.1168	98.4948	52
98.3018	98.6608	60
98.3038	98.6608	64
98.4948	98.6868	52
98.6868	99.0928	62
98.6878	99.0918	64
98.6898	99.5328	47
98.6898	99.5328	35
98.8898	99.3128	52
99.0918	99.5298	64
99.0928	99.5328	62
99.3128	99.5328	52
99.5298	100.016	64
99.5298	100.576	36
99.5328	100.577	48
99.7708	100.324	52
100.016	100.325	64
100.324	100.577	52
100.478	100.628	38
100.524	100.629	45
100.579	100.629	69
100.58	100.632	54
100.58	100.633	60
100.584	100.635	64
100.786	100.832	71
100.982	101.028	72
101.175	101.227	74
101.381	101.556	71
101.584	101.682	71
101.686	101.791	72
101.791	101.983	71
101.984	102.137	69
102.085	102.393	38
102.137	102.393	45
102.189	102.347	60
102.19	102.347	64
102.19	102.27	71
102.193	102.396	54
102.599	102.757	72
102.921	103.079	38
102.974	103.079	45
103.026	103.236	71
103.026	103.439	64
103.027	103.439	60
103.03	103.08	54
103.236	103.44	72
103.443	103.537	74
103.635	103.733	76
103.835	103.933	78
103.835	103.88	69
104.031	104.094	78
104.094	104.156	79
104.16	104.223	78
104.224	104.42	76
104.42	104.629	74
104.629	104.849	72
104.63	104.685	62
104.85	105.078	74
105.078	105.521	76
105.522	107.954	74
105.525	105.574	81
105.526	109.557	60
105.526	109.557	62
105.526	107.954	65
105.732	105.778	83
105.924	105.97	84
106.107	106.162	86
106.316	106.491	83
106.526	106.621	83
106.621	106.719	84
106.719	106.904	83
106.905	107.058	81
107.117	107.195	83
107.527	107.682	84
107.955	110.45	74
107.958	108.157	83
107.958	108.755	66
108.158	108.361	84
108.364	108.458	86
108.556	108.658	88
108.756	108.857	90
108.756	109.561	69
108.952	109.019	90
109.019	109.081	91
109.082	109.144	90
109.148	109.341	88
109.344	109.561	86
109.562	109.771	84
109.562	109.772	38
109.774	109.999	86
109.999	110.653	88
110.334	110.845	55
110.393	110.8	62
110.453	110.845	71
110.653	110.747	86
110.849	110.944	83
111.044	111.143	81
111.241	111.345	83
111.444	111.535	79
111.636	111.734	76
111.832	111.93	74
112.035	112.452	72
112.036	112.892	67
112.036	113.096	76
112.039	112.893	48
112.04	112.897	64
112.042	112.9	55
112.455	112.9	69
112.784	113.295	43
112.841	113.296	50
112.9	113.296	71
112.901	113.691	67
112.904	113.691	62
112.904	113.298	59
113.099	113.194	74
113.299	113.692	71
113.492	113.592	69
113.694	113.789	71
113.886	113.985	67
114.086	114.185	64
114.275	114.38	62
114.486	115.598	64
114.486	114.922	60
114.486	114.923	45
114.489	116.998	48
114.923	115.392	57
114.924	115.392	42
115.393	117.8	55
115.395	117.8	40
115.602	115.805	66
115.805	115.902	67
115.994	116.099	69
116.196	116.372	64
116.4	116.497	64
116.502	116.596	66
116.599	116.796	64
116.796	116.946	62
116.998	117.125	64
117.002	117.8	47
117.407	117.534	67
117.804	117.926	71
117.804	117.929	62
117.804	117.93	67
117.807	118.206	33
117.807	118.207	45
118.209	118.332	60
118.21	118.335	64
118.21	118.336	69
118.608	118.734	57
119.015	119.136	52
119.414	119.564	45
119.812	119.967	43
120.222	120.999	69
120.223	120.947	81
120.223	122.571	29
120.223	122.571	41
120.418	120.947	79
120.513	120.947	77
120.611	120.947	76
120.709	120.947	74
120.804	120.947	72
120.901	120.999	71
121.003	121.996	69
121.195	121.702	67
121.297	121.702	65
121.388	121.702	64
121.486	121.702	62
121.587	121.702	60
121.685	121.776	59
121.777	122.178	57
121.979	122.14	72
122.178	122.392	71
122.179	122.574	55
122.378	122.542	74
122.574	124.166	65
122.578	122.791	72
122.578	122.965	57
122.777	122.938	76
122.97	123.186	74
122.97	123.368	59
123.169	123.329	77
123.369	123.586	76
123.369	123.767	60
123.571	123.785	72
123.767	123.98	71
123.768	124.166	62
123.964	124.17	67
124.17	124.597	65
124.174	124.597	62
124.174	124.601	59
124.601	124.974	64
124.601	124.975	67
124.604	124.814	57
124.814	125.027	55
125.028	125.808	69
125.028	125.819	81
125.031	127.372	29
125.032	127.372	41
125.227	125.819	79
125.326	125.819	77
125.417	125.819	76
125.518	125.819	74
125.616	125.819	72
125.713	125.819	71
125.808	126.802	69
126	126.554	67
126.102	126.554	65
126.2	126.554	64
126.295	126.554	62
126.393	126.554	60
126.491	126.581	59
126.585	126.984	57
126.785	126.949	72
126.985	127.198	71
126.985	127.376	55
127.18	127.344	74
127.376	128.968	65
127.377	127.593	72
127.377	127.772	57
127.575	127.737	76
127.775	127.988	74
127.775	128.167	59
127.967	128.132	77
128.167	128.388	76
128.168	128.566	60
128.37	128.583	72
128.567	128.79	71
128.57	128.968	62
128.773	128.972	67
128.972	129.399	65
128.975	129.399	62
128.975	129.4	57
129.403	129.787	69
129.403	129.788	65
129.404	129.619	55
129.62	129.84	53
129.841	130.617	67
129.841	130.617	79
129.843	132.195	27
129.844	132.196	39
130.04	130.617	77
130.137	130.617	75
130.229	130.617	74
130.327	130.617	72
130.428	130.617	70
130.527	130.62	69
130.62	131.614	67
130.816	131.349	65
130.915	131.349	63
131.013	131.349	62
131.111	131.349	60
131.205	131.349	58
131.303	131.401	57
131.401	131.796	55
131.604	131.761	70
131.797	132.017	69
131.8	132.199	53
132	132.16	72
132.2	133.788	63
132.2	132.413	70
132.202	132.591	55
132.394	132.556	74
132.591	132.808	72
132.592	132.987	57
132.794	132.959	75
132.987	133.207	74
132.988	133.393	58
133.189	133.406	70
133.393	133.606	69
133.396	133.789	60
133.589	133.789	65
133.791	134.219	60
133.792	134.22	63
133.792	134.22	57
134.22	134.593	65
134.222	134.593	62
134.222	134.432	55
134.433	134.653	53
134.653	135.426	67
134.656	135.401	79
134.656	136.997	27
134.656	136.998	39
134.849	135.401	77
134.943	135.401	75
135.042	135.401	74
135.133	135.401	72
135.234	135.401	70
135.325	135.427	69
135.427	136.423	67
135.621	136.179	65
135.721	136.179	63
135.815	136.179	62
135.913	136.179	60
136.011	136.179	58
136.105	136.2	57
136.203	136.598	55
136.406	136.567	70
136.599	136.816	69
136.599	136.998	53
136.798	136.962	72
137.001	138.591	63
137.002	137.211	70
137.002	137.393	55
137.194	137.361	74
137.394	137.613	72
137.394	137.785	57
137.595	137.757	75
137.789	138.005	74
137.79	138.191	58
137.991	138.212	70
138.195	138.408	69
138.195	138.591	60
138.39	138.591	65
138.592	139.017	60
138.593	139.021	63
138.594	139.021	57
139.021	139.335	67
139.022	139.339	63
139.024	139.237	58
139.241	139.441	60
139.441	140.032	66
139.442	140.033	62
139.444	140.035	50
139.444	140.036	57
140.036	140.19	60
140.039	140.193	63
140.04	140.193	67
140.04	140.193	45
140.242	140.84	66
140.243	140.841	62
140.245	140.841	50
140.246	140.844	57
140.844	140.984	60
140.845	140.985	63
140.848	140.987	67
140.848	141.03	45
141.03	141.432	62
141.033	141.432	66
141.037	141.436	50
141.037	141.436	57
141.437	141.845	60
141.439	141.846	63
141.439	141.846	69
141.439	141.847	42
141.849	142.258	58
141.849	142.259	62
141.849	142.259	67
141.853	142.261	43
142.262	142.454	57
142.262	142.454	62
142.263	142.458	66
142.265	142.657	45
142.458	142.658	67
142.658	143.458	64
142.661	144.278	55
142.661	143.662	62
142.662	143.459	46
143.459	144.278	45
143.662	143.864	61
143.865	144.068	59
144.068	144.279	61
144.281	144.684	66
144.281	144.684	57
144.282	144.685	62
144.282	145.775	50
144.687	145.073	60
144.687	145.073	69
145.075	145.877	64
145.076	145.881	66
145.076	145.882	72
145.776	146.605	43
145.828	146.605	50
145.884	146.297	62
145.885	146.297	67
145.885	146.298	71
145.885	146.606	59
146.301	146.714	66
146.301	146.714	71
146.302	146.718	74
146.609	148.334	40
146.661	148.335	55
146.718	147.54	71
146.721	147.54	69
146.721	147.541	78
146.721	148.337	47
147.543	147.946	67
147.544	147.946	76
147.544	148.338	71
147.949	148.338	74
147.949	148.341	66
148.342	148.548	64
148.342	148.754	67
148.344	148.755	71
148.345	149.164	45
148.548	148.755	62
148.757	148.961	61
148.758	149.164	64
148.758	149.167	67
148.961	149.168	59
149.171	149.762	66
149.171	149.762	62
149.172	149.766	50
149.172	149.766	57
149.767	149.913	60
149.769	149.913	63
149.769	149.916	67
149.77	149.916	45
149.966	150.564	66
149.966	150.564	62
149.968	150.567	50
149.969	150.567	57
150.567	150.707	60
150.568	150.71	63
150.57	150.711	67
150.571	150.753	45
150.756	151.155	62
150.757	151.159	66
150.76	151.159	50
150.76	151.16	57
151.16	151.565	60
151.162	151.569	63
151.163	151.571	69
151.163	151.572	42
151.572	151.981	62
151.573	151.982	67
151.575	151.982	59
151.576	151.984	43
151.985	152.184	62
151.985	152.184	57
151.988	152.185	66
151.989	152.38	45
152.188	152.38	67
152.381	152.751	62
152.384	152.755	55
152.385	152.755	64
152.387	152.755	47
152.804	153.209	64
152.804	153.21	67
152.807	153.214	71
152.807	153.214	49
153.214	153.615	61
153.217	153.616	66
153.217	153.619	69
153.218	153.62	50
153.62	154.025	59
153.622	154.026	64
153.623	154.026	67
153.623	154.026	52
154.029	154.386	61
154.03	154.386	58
154.03	154.387	66
154.032	154.387	54
154.435	154.841	66
154.438	154.845	71
154.438	154.845	74
154.439	154.848	55
154.848	155.243	64
154.848	155.244	67
154.849	155.244	73
154.851	155.246	57
155.247	155.632	66
155.247	155.632	62
155.248	155.635	71
155.25	155.635	59
155.636	156.471	64
155.636	156.472	67
155.639	156.038	69
155.639	156.475	61
156.038	156.363	81
156.476	157.071	74
156.479	157.071	78
156.479	158.393	81
156.479	156.573	62
156.483	156.574	69
156.867	156.972	57
157.074	157.164	75
157.074	157.165	79
157.263	157.861	78
157.264	157.861	74
157.264	157.364	50
157.658	157.763	57
157.862	157.956	75
157.865	157.956	79
158.053	158.396	74
158.054	158.397	78
158.054	158.151	62
158.445	158.852	72
158.446	158.853	75
158.449	158.855	81
158.45	158.855	69
158.45	158.859	63
158.452	158.86	60
158.453	158.86	54
158.862	159.261	70
158.863	159.261	74
158.863	159.262	79
158.866	159.262	67
158.866	159.265	62
158.867	159.265	58
158.867	159.265	55
159.266	159.457	78
159.268	159.458	74
159.268	159.458	69
159.269	159.661	66
159.269	159.661	62
159.272	159.662	57
159.46	159.664	79
159.664	160.455	74
159.668	160.456	67
159.668	160.458	76
159.668	160.459	64
159.669	160.459	62
159.671	160.459	58
160.462	161.281	79
160.463	161.281	76
160.465	161.282	70
160.466	161.282	67
160.466	161.285	64
160.466	161.285	61
161.286	161.679	78
161.288	162.096	69
161.288	161.68	74
161.288	162.905	66
161.292	162.909	62
161.683	162.101	81
162.101	162.909	72
162.103	162.91	78
162.104	162.91	84
162.104	162.912	57
162.912	165.449	67
162.913	163.317	71
162.915	163.752	55
162.916	165.449	59
163.318	163.753	74
163.755	164.605	78
163.756	166.422	52
163.756	166.422	45
164.606	165.005	76
165.008	165.45	74
165.453	165.918	67
165.453	165.919	71
165.454	166.426	61
165.919	166.426	64
165.921	166.427	67
166.429	167.339	62
166.429	167.339	59
166.43	167.343	66
166.433	167.343	44
167.344	167.781	56
167.346	167.784	61
167.347	167.784	64
167.347	167.785	45
167.787	168.2	54
167.788	168.201	59
167.788	168.201	62
167.789	168.202	47
168.203	168.627	53
168.204	168.627	59
168.204	168.631	61
168.207	168.631	49
168.634	171.448	59
168.635	169.037	61
168.635	169.436	68
168.638	168.83	51
168.834	169.037	53
169.038	171.451	62
169.038	169.824	54
169.436	169.565	66
169.566	169.692	68
169.692	169.827	69
169.828	170.241	66
169.828	170.636	56
170.244	171.038	64
170.64	171.42	57
171.039	171.423	66
171.452	173.1	68
171.455	172.275	78
171.456	172.275	74
171.456	172.276	59
172.278	172.69	73
172.278	172.694	76
172.279	172.695	61
172.695	173.101	74
172.698	173.101	71
172.698	173.102	62
173.104	173.517	68
173.105	173.518	71
173.105	173.52	73
173.107	173.52	64
173.521	177.573	71
173.521	173.944	73
173.524	174.357	80
173.524	173.948	65
173.948	177.574	74
173.951	177.574	66
174.357	174.773	78
174.774	175.194	80
175.194	175.635	81
175.638	176.145	78
176.146	177.577	80
177.577	179.526	51
177.581	178.54	58
177.581	178.492	55
177.581	179.526	34
177.584	179.526	46
178.491	179.558	70
178.492	179.562	55
178.536	179.562	75
178.54	179.565	58
178.584	179.565	79
178.585	179.566	63
178.637	179.566	82
178.638	179.568	67
179.569	181.623	51
179.569	181.455	55
179.57	181.494	58
179.572	181.623	46
180.545	181.623	34
181.452	182.526	70
181.455	182.527	55
181.493	182.527	75
181.494	182.529	58
181.546	182.53	79
181.547	182.53	63
181.591	182.533	82
181.591	182.534	67
182.534	183.856	51
182.536	183.857	55
182.536	183.66	58
182.537	183.857	46
183.457	183.859	34
183.66	183.859	60
183.86	184.051	62
184.052	184.262	63
184.262	184.43	60
184.263	184.661	51
184.266	184.661	55
184.465	184.563	60
184.563	184.665	62
184.665	184.808	60
184.853	185.014	58
185.07	185.123	60
185.071	185.172	67
185.071	185.175	72
185.072	185.175	75
185.48	185.532	63
185.911	186.114	62
185.911	186.313	46
185.914	186.313	34
186.114	186.314	63
186.317	186.502	65
186.505	186.715	67
186.72	186.884	62
186.72	187.118	58
186.722	187.119	50
186.723	187.119	55
186.922	187.02	62
187.021	187.121	63
187.122	187.265	62
187.31	187.471	60
187.524	187.727	58
187.528	187.628	67
187.529	187.629	70
187.529	187.633	74
187.728	187.934	60
187.937	188.364	62
188.367	189.173	61
188.368	188.571	63
188.372	189.173	55
188.372	190.814	46
188.571	188.766	65
188.767	188.962	67
188.963	189.176	68
189.176	189.34	65
189.18	189.977	56
189.375	189.474	65
189.477	189.572	67
189.575	189.718	65
189.771	189.929	63
189.981	190.03	65
189.984	190.383	68
189.985	190.387	77
189.985	190.39	73
190.39	190.447	68
190.818	192.021	61
190.818	191.02	67
190.819	191.622	46
190.821	191.623	51
191.021	191.216	68
191.217	191.413	70
191.414	191.626	72
191.627	191.791	67
191.627	192.025	75
191.628	192.026	73
191.825	191.923	65
191.895	191.958	67
191.959	192.029	65
192.029	192.169	63
192.217	192.379	61
192.428	192.634	63
192.431	194.062	51
192.635	192.836	65
192.837	193.264	67
193.267	194.454	61
193.268	193.47	67
193.268	194.062	46
193.471	193.667	68
193.667	193.855	70
193.86	194.063	72
194.063	194.23	67
194.066	194.457	75
194.066	194.458	73
194.261	194.363	65
194.328	194.391	67
194.391	194.458	65
194.462	194.601	63
194.647	194.804	61
194.856	195.053	63
194.857	195.669	51
195.053	195.255	65
195.259	195.669	67
195.672	196.841	61
195.672	195.864	68
195.673	196.452	52
195.673	196.453	42
195.865	196.057	69
196.057	196.25	71
196.251	196.456	73
196.457	196.614	68
196.457	196.842	76
196.457	196.842	73
196.649	196.743	66
196.711	196.778	68
196.779	196.844	66
196.845	196.981	64
197.034	197.177	63
197.23	197.422	64
197.233	198.409	52
197.425	197.618	66
197.622	198.217	68
198.021	199.162	62
198.021	198.41	40
198.217	198.41	69
198.412	198.595	71
198.595	198.783	73
198.787	198.976	68
198.788	199.165	74
198.79	199.166	76
198.976	199.169	69
199.169	199.354	71
199.357	199.54	73
199.543	199.732	74
199.544	200.397	52
199.733	199.914	76
199.914	200.103	78
200.104	200.397	80
200.106	200.397	40
200.286	200.838	81
200.289	201.022	62
200.289	201.027	61
200.293	201.027	69
200.474	201.027	73
200.657	201.027	74
200.838	201.027	81
201.021	201.563	80
201.021	201.748	68
201.022	201.742	62
201.023	201.748	59
201.195	201.748	71
201.378	201.748	74
201.563	201.748	80
201.741	202.284	78
201.742	202.463	66
201.742	202.463	62
201.743	202.463	56
201.92	202.463	71
202.095	202.463	74
202.284	202.463	78
202.459	202.997	76
202.46	203.534	64
202.462	203.537	61
202.463	203.537	57
202.633	203.355	69
202.816	203.176	73
202.997	203.538	76
203.176	203.407	73
203.176	204.643	40
203.355	203.541	69
203.541	203.901	78
203.542	204.076	73
203.542	204.643	57
203.544	203.905	61
203.544	203.905	66
203.716	203.905	69
203.901	204.443	78
203.901	204.259	81
203.905	204.64	61
203.905	204.262	66
203.905	204.264	69
204.076	204.265	73
204.259	204.639	81
204.262	204.643	85
204.262	204.643	66
204.264	204.642	69
204.265	204.643	73
204.443	204.643	78
204.639	205.186	81
204.64	205.371	62
204.64	205.374	61
204.642	205.374	69
204.818	205.374	73
204.997	205.374	74
205.186	205.374	81
205.367	205.917	80
205.368	206.141	68
205.371	206.102	62
205.371	206.141	59
205.55	206.141	71
205.731	206.141	74
205.917	206.141	80
206.099	206.648	78
206.1	206.834	66
206.102	206.834	62
206.102	206.834	56
206.281	206.834	71
206.463	206.834	74
206.648	206.834	78
206.831	207.38	76
206.831	207.929	64
206.834	207.93	61
206.834	207.93	57
207.012	207.751	69
207.195	207.561	73
207.38	207.933	76
207.561	207.799	73
207.561	209.007	40
207.751	207.933	69
207.934	208.476	73
207.936	208.3	78
207.937	208.906	54
208.115	208.906	69
208.3	208.847	78
208.301	208.664	81
208.301	208.906	57
208.476	208.906	73
208.664	208.906	81
208.665	209.011	85
208.668	209.011	61
208.847	209.014	78
209.036	209.224	64
209.039	209.409	73
209.042	209.41	76
209.043	211.226	38
209.043	210.502	45
209.225	209.41	66
209.413	209.588	69
209.414	209.742	73
209.414	209.77	61
209.589	209.756	66
209.771	210.135	69
209.771	210.466	73
209.773	210.502	54
209.774	210.503	57
209.774	210.505	61
209.956	210.323	66
210.135	210.361	69
210.323	210.484	66
210.505	210.688	66
210.506	210.873	69
210.506	211.226	45
210.688	210.873	62
210.874	211.051	69
210.876	211.23	73
211.055	211.23	62
211.231	211.411	68
211.233	211.59	71
211.233	211.947	32
211.233	211.947	44
211.412	211.59	62
211.594	211.772	68
211.594	211.773	71
211.597	211.775	56
211.597	211.776	59
211.776	211.948	65
211.777	211.948	69
211.779	211.951	53
211.78	211.951	57
211.951	212.312	68
211.955	212.672	71
211.955	212.672	50
211.955	212.676	56
211.956	212.676	59
212.134	212.494	62
212.312	212.549	68
212.494	212.677	62
212.679	213.042	68
212.679	213.396	44
212.857	213.218	62
213.04	213.397	71
213.042	213.397	68
213.218	213.399	62
213.4	213.582	64
213.403	213.764	73
213.404	213.765	76
213.404	214.128	38
213.407	214.128	45
213.582	213.765	66
213.767	213.95	69
213.768	214.1	73
213.768	214.131	61
213.95	214.114	66
214.135	214.495	69
214.135	214.828	73
214.136	214.856	54
214.136	214.856	57
214.136	214.856	61
214.31	214.674	66
214.495	214.821	69
214.674	214.835	66
214.859	215.227	69
214.859	215.592	66
214.86	215.592	45
215.042	215.409	62
215.227	215.592	69
215.231	215.592	73
215.409	215.592	62
215.589	215.934	71
215.591	216.991	74
215.591	216.927	35
215.592	216.927	47
215.762	216.109	66
215.934	216.291	71
216.109	216.462	66
216.291	216.638	71
216.295	216.992	54
216.295	216.992	59
216.295	216.994	62
216.462	216.813	66
216.638	216.927	71
216.813	216.995	66
216.995	217.537	66
216.998	217.352	71
216.999	218.377	45
216.999	218.377	33
217.172	218.086	62
217.352	217.905	71
217.355	217.723	74
217.537	218.084	66
217.723	218.086	74
217.726	218.377	78
217.726	218.43	32
217.727	218.43	44
217.905	218.258	71
218.084	218.377	66
218.086	218.401	74
218.086	218.433	62
218.258	218.419	71
218.433	219.119	74
218.437	219.874	56
218.437	219.879	59
218.438	219.151	62
218.611	218.973	71
218.79	219.024	66
218.973	219.133	71
219.151	219.336	73
219.151	219.521	76
219.154	219.522	64
219.154	219.524	61
219.336	219.525	71
219.525	219.703	74
219.526	219.879	78
219.528	219.879	62
219.529	219.881	66
219.703	219.882	71
219.882	220.057	77
219.883	220.235	80
219.885	220.585	37
219.886	220.586	49
220.057	220.586	71
220.239	220.407	77
220.24	220.411	80
220.24	220.413	65
220.24	220.414	68
220.414	220.586	75
220.415	220.589	78
220.417	220.589	63
220.418	220.59	66
220.59	220.764	77
220.592	220.907	80
220.593	222.031	59
220.593	220.911	65
220.596	220.911	68
220.764	220.914	71
220.939	221.191	73
220.94	221.303	77
220.94	221.306	61
220.94	221.306	65
221.125	221.307	71
221.31	221.565	75
221.31	221.671	78
221.311	221.671	63
221.311	221.672	66
221.492	221.674	71
221.674	221.919	77
221.675	222.031	80
221.678	222.031	65
221.678	222.032	68
221.852	222.035	71
222.035	222.209	78
222.036	222.38	81
222.038	222.741	42
222.038	222.742	49
222.21	222.385	73
222.388	222.563	73
222.388	222.714	78
222.388	222.745	66
222.566	222.727	69
222.748	223.102	73
222.749	223.428	78
222.749	223.462	57
222.751	223.463	61
222.752	223.466	66
222.927	223.285	69
223.102	223.427	73
223.285	223.444	69
223.467	224.026	78
223.469	223.837	81
223.47	224.232	54
223.47	224.232	57
223.47	224.232	61
223.645	224.232	73
223.837	224.23	81
223.84	224.232	85
224.026	224.23	78
224.229	227.112	86
224.23	224.597	78
224.23	224.598	81
224.232	226.828	38
224.232	226.828	45
224.41	224.777	74
224.597	224.961	78
224.598	224.961	81
224.6	226.828	50
224.6	224.962	54
224.601	224.964	57
224.777	225.138	74
224.961	225.311	78
224.961	225.31	81
224.962	226.828	54
224.964	225.677	57
224.964	225.677	62
225.138	225.492	74
225.31	225.674	81
225.311	225.674	78
225.492	225.852	74
225.674	226.034	81
225.674	226.033	78
225.675	226.037	66
225.677	226.038	62
225.677	226.828	57
225.852	226.216	74
226.033	226.406	78
226.034	226.408	81
226.034	226.409	69
226.037	226.409	66
226.038	226.408	62
226.216	226.577	74
226.406	226.755	78
226.408	226.756	81
226.408	228.572	62
226.409	228.572	66
226.409	228.572	69
226.577	226.828	74
226.755	226.934	78
226.756	226.934	81
226.935	227.115	74
227.116	227.294	81
227.116	227.294	86
227.119	227.84	88
227.294	227.472	76
227.473	227.654	81
227.476	227.655	86
227.655	227.84	76
227.841	228.018	81
227.844	228.019	86
227.844	228.575	90
228.022	228.204	78
228.208	228.386	86
228.208	228.387	81
228.387	228.575	78
228.575	228.943	81
228.576	228.945	86
228.579	232.232	90
228.579	230.784	35
228.579	230.784	47
228.758	229.129	78
228.943	229.313	81
228.945	229.314	86
228.946	230.784	50
228.946	229.317	57
228.946	229.314	54
229.129	229.492	78
229.313	229.668	81
229.314	229.67	86
229.314	230.784	54
229.317	230.038	57
229.318	230.035	62
229.492	229.85	78
229.668	230.032	81
229.67	230.034	86
229.85	230.21	78
230.032	230.391	81
230.034	230.392	86
230.035	230.395	66
230.035	230.396	62
230.038	230.784	57
230.21	230.581	78
230.391	230.78	81
230.392	230.778	86
230.395	230.78	69
230.395	230.78	66
230.396	230.781	62
230.581	230.784	78
230.778	231.134	86
230.78	231.134	81
230.78	232.695	69
230.78	232.236	66
230.781	232.236	62
230.952	231.32	78
231.134	231.501	86
231.134	231.505	81
231.32	231.502	78
231.501	232.233	86
231.502	231.864	78
231.505	231.865	81
231.684	232.051	74
231.864	232.419	78
231.865	232.695	81
232.051	232.695	74
232.232	232.96	90
232.233	232.594	83
232.233	232.596	86
232.233	232.695	71
232.236	232.695	66
232.236	232.695	62
232.237	232.695	59
232.419	232.695	78
232.594	232.772	83
232.596	232.775	86
232.775	232.96	78
232.961	233.1	93
232.964	233.101	88
232.964	233.101	81
232.965	233.104	33
232.965	233.104	40
232.967	233.104	45
233.332	233.492	64
233.332	233.493	69
233.333	233.497	60
233.335	233.497	57
233.499	233.668	62
233.5	233.668	52
233.5	233.671	59
233.671	233.713	69
233.672	233.713	64
233.675	233.714	60
233.675	233.717	57
234.039	234.132	64
234.039	234.133	69
234.042	234.133	60
234.042	234.137	57
234.766	234.857	83
234.767	234.858	79
234.767	234.858	71
234.769	234.861	43
234.77	234.861	50
234.77	234.862	55
235.123	235.218	84
235.128	235.219	79
235.128	235.219	72
235.13	235.221	36
235.131	235.221	43
235.131	235.222	48
235.498	235.659	67
235.499	235.659	72
235.499	235.66	64
235.5	235.663	60
235.663	235.837	65
235.666	235.841	55
235.666	235.842	62
235.842	235.886	67
235.844	235.887	72
235.844	235.887	60
235.845	235.89	64
236.201	236.296	67
236.205	236.3	72
236.208	236.3	60
236.208	236.3	64
236.93	237.023	83
236.933	237.024	79
236.933	237.024	71
236.934	237.027	43
236.934	237.028	50
236.937	237.028	55
237.29	237.384	81
237.29	237.385	76
237.294	237.385	69
237.294	237.388	45
237.294	237.389	52
237.295	237.389	57
237.66	237.822	64
237.661	237.822	69
237.661	237.825	57
237.664	237.829	60
237.829	238.003	64
237.83	238.004	52
237.83	238.008	59
238.008	238.046	64
238.008	238.047	69
238.01	238.047	60
238.011	238.049	57
238.371	238.462	64
238.372	238.463	69
238.372	238.466	60
238.373	238.466	57
239.096	239.187	83
239.097	239.191	79
239.097	239.192	71
239.099	239.192	43
239.1	239.194	50
239.1	239.194	55
239.453	239.551	84
239.456	239.555	79
239.457	239.558	72
239.46	239.558	36
239.46	239.558	43
239.461	239.559	48
239.828	239.988	67
239.828	239.989	72
239.829	239.992	64
239.831	239.993	60
239.993	240.167	65
239.996	240.171	55
239.996	240.171	62
240.174	240.216	67
240.174	240.216	72
240.175	240.22	60
240.175	240.22	64
240.535	240.625	67
240.535	240.63	72
240.536	240.63	60
240.538	240.633	64
241.28	241.378	83
241.281	241.379	79
241.281	241.379	71
241.282	241.381	64
241.283	241.381	59
241.284	241.382	52
241.686	241.784	71
241.687	241.785	79
241.687	241.785	83
241.687	241.788	52
241.689	241.788	59
241.689	241.789	64
242.456	242.869	40
243.275	243.681	52
244.094	246.782	64
244.913	246.782	36
244.983	246.782	65
245.057	246.782	67
245.127	246.782	69
245.197	246.782	71
245.274	246.782	72
245.344	246.782	74
245.417	246.782	76
245.488	246.782	77
245.565	246.782	79
245.641	246.782	81
245.708	246.782	83
245.785	246.782	84
245.785	246.782	35
245.859	246.782	86
245.929	246.782	88
246.005	246.782	89
246.086	246.782	91
246.163	246.782	93
246.239	246.782	95
246.317	246.782	96
246.401	246.782	98
246.475	246.782	100
246.562	246.782	101
246.642	246.782	103
246.73	247.135	105
246.731	247.136	33
249.172	249.375	57
249.173	249.376	33
249.173	249.38	45
