OnsetTime	OffsetTime	MidiPitch
0.519987	0.943991	69
0.520993	0.944983	74
0.520993	0.944983	66
0.523983	0.947987	45
0.524989	0.947987	38
0.524989	0.94898	50
1.36798	1.47598	79
1.36798	1.77399	66
1.36899	1.77399	62
1.46598	1.58499	78
1.57097	1.68298	76
1.66899	1.78498	78
1.77399	1.88197	81
1.77798	2.19699	64
1.77798	2.19798	67
1.87099	1.99099	79
1.97698	2.09998	78
2.08798	2.20197	79
2.19798	2.59999	81
2.20098	2.59999	69
2.20197	2.60098	66
3.01298	3.05798	81
3.20898	3.25799	83
3.41099	3.46399	85
3.615	3.668	86
3.82501	4.63399	81
3.82601	4.63699	54
4.02101	4.427	62
4.225	4.63699	78
4.227	4.63699	50
4.427	4.63699	62
4.63399	4.72699	81
4.63499	4.82599	52
4.73198	4.82899	79
4.82999	4.93099	78
4.83298	5.03199	62
4.93099	5.03298	79
5.03298	5.08397	81
5.03399	5.08498	57
5.23197	5.28499	79
5.23498	5.28499	61
5.44898	5.65497	77
5.44998	5.85497	50
5.45198	5.85598	62
5.65897	5.85798	78
6.27197	6.38296	79
6.27497	6.67997	62
6.27497	6.68096	66
6.36898	6.48796	78
6.47397	6.58696	76
6.57596	6.68695	78
6.68096	6.78897	81
6.68396	7.10396	64
6.68495	7.10396	67
6.77496	6.88697	79
6.88397	7.00196	78
6.99196	7.10896	79
7.10496	7.50295	81
7.10795	7.50295	66
7.10795	7.50395	69
7.91695	7.96095	81
8.11194	8.16496	83
8.31496	8.36796	85
8.51897	8.56997	86
8.72797	9.53695	81
8.72897	9.54095	54
8.92496	9.33396	62
9.13196	9.54095	78
9.13196	9.54095	50
9.33396	9.54095	62
9.53695	9.63095	81
9.54095	9.73295	52
9.63496	9.73295	79
9.73394	9.83795	78
9.73596	9.93495	62
9.83795	9.93895	79
9.93994	10.0339	81
9.93994	10.1389	57
10.0369	10.1389	79
10.1399	10.2439	78
10.1429	10.3449	61
10.2439	10.3489	76
10.3519	10.4539	74
10.3529	10.4539	62
10.5519	10.6529	66
10.7509	10.8529	69
10.7549	10.8529	62
10.9579	11.0559	66
11.1539	11.2369	78
11.1579	11.2649	62
11.2299	11.3039	79
11.2969	11.3669	78
11.3639	11.4379	79
11.3639	11.4689	66
11.4339	11.5039	78
11.4969	11.5729	79
11.5659	11.6369	78
11.5669	11.6649	62
11.6299	11.6999	79
11.6959	11.7699	78
11.7669	11.8739	76
11.7669	11.8649	66
11.8649	11.9729	74
11.9619	12.0669	73
11.9629	12.0669	64
12.1659	12.2629	67
12.3609	12.4599	69
12.3609	12.4629	64
12.5639	12.6619	67
12.7639	12.8649	76
12.7639	12.8789	64
12.8689	12.9769	66
12.9629	13.0759	67
13.0649	13.1729	66
13.1629	13.2709	64
13.2679	13.3769	62
13.3659	13.4779	61
13.4629	13.5789	59
13.5689	13.6739	76
13.5699	13.6739	57
13.7789	13.8839	61
13.9819	14.0798	69
13.9819	14.0838	57
14.1769	14.2829	61
14.3848	14.4638	79
14.3848	14.4848	57
14.4538	14.5308	81
14.5238	14.5978	79
14.5908	14.6678	81
14.5918	14.6888	61
14.6538	14.7308	79
14.7238	14.7928	81
14.7898	14.8638	79
14.7908	14.8918	55
14.8528	14.9268	81
14.9228	14.9898	79
14.9858	15.0978	78
14.9858	15.0918	61
15.0918	15.1998	76
15.1888	15.2868	74
15.1898	15.2868	54
15.3928	15.4898	62
15.5878	15.6898	69
15.5888	15.6898	54
15.7908	15.8888	62
15.9908	16.0878	78
15.9908	16.0988	54
16.0888	16.1968	50
16.1938	16.3028	52
16.2918	16.4038	54
16.3898	16.5018	55
16.4908	16.5998	57
16.5928	16.7038	59
16.6938	16.8098	61
16.7958	16.9008	78
16.7988	17.2088	62
16.9008	17.0188	74
17.0058	17.1178	76
17.1108	17.2188	78
17.2088	17.3248	79
17.3138	17.4258	81
17.4178	17.5268	83
17.5168	17.6258	85
17.6218	17.7258	86
17.7228	17.8248	85
17.8178	17.9298	83
17.8208	17.9158	57
17.8218	17.9158	54
17.9198	18.0268	81
18.0168	18.1258	79
18.0178	18.1148	54
18.0178	18.1148	57
18.1158	18.2308	78
18.2198	18.3288	76
18.2198	18.3258	57
18.2208	18.3258	54
18.3258	18.4337	74
18.4228	18.5387	76
18.4238	18.8357	55
18.4238	18.8357	59
18.5277	18.6368	78
18.6298	18.7417	76
18.7307	18.8467	75
18.8367	18.9447	76
18.9377	19.0497	78
19.0387	19.1477	79
19.1407	19.2527	81
19.2387	19.3497	83
19.3397	19.4557	81
19.4447	19.5537	79
19.4457	19.5437	55
19.4457	19.5437	59
19.5447	19.6517	78
19.6437	19.7597	76
19.6487	19.7457	59
19.6507	19.7457	55
19.7467	19.8547	74
19.8517	19.9597	73
19.8517	19.9487	59
19.8527	19.9497	56
19.9527	20.0647	71
20.0537	20.1627	73
20.0547	20.2577	57
20.1517	20.2607	74
20.2577	20.3657	73
20.2587	20.4667	55
20.3547	20.4777	69
20.4667	20.5657	74
20.4677	20.5657	54
20.6667	20.7747	50
20.8767	20.9887	79
20.8807	21.0827	49
20.9737	21.0867	81
21.0827	21.1847	79
21.0837	21.2787	45
21.1817	21.2897	76
21.2797	21.3877	79
21.2797	21.3807	50
21.3837	21.4927	78
21.4787	21.5937	76
21.4827	21.5797	54
21.5807	21.7027	74
21.6887	21.8007	73
21.6927	21.8957	57
21.7937	21.9057	74
21.8957	22.0037	73
21.8957	22.0907	55
21.9927	22.1017	69
22.0907	22.1897	74
22.0947	22.1897	54
22.2937	22.3987	50
22.5007	22.6127	79
22.5047	22.7067	49
22.6087	22.7177	81
22.7077	22.8156	79
22.7077	22.9096	45
22.8057	22.9177	76
22.9107	23.0187	79
22.9107	23.0077	50
23.0077	23.1166	78
23.1067	23.2206	76
23.1067	23.2117	54
23.2117	23.3266	74
23.3156	23.4216	73
23.3166	23.5196	52
23.3166	23.5196	57
23.3196	23.5226	45
23.4216	23.5226	76
23.5226	23.6166	73
23.6206	23.7286	69
23.7296	23.8276	78
23.7296	23.9246	50
23.7326	23.9286	57
23.7326	23.9296	54
23.8276	23.9296	81
23.9306	24.0366	78
24.0376	24.1386	74
24.1426	24.2436	73
24.1436	24.3446	57
24.1456	24.3456	52
24.1456	24.3456	45
24.2446	24.3456	76
24.3486	24.4436	73
24.4436	24.5516	69
24.5526	24.6526	78
24.5556	24.7586	50
24.5556	24.7586	54
24.5566	24.7596	57
24.6536	24.7596	81
24.7616	24.8596	78
24.8596	24.9716	74
24.9726	25.0456	73
24.9726	25.0486	76
25.1746	25.2546	81
25.1746	25.2556	73
25.1756	25.2556	76
25.1756	25.2586	45
25.1786	25.2596	57
25.1786	25.2596	52
25.1796	25.2616	49
25.3816	25.4586	76
25.3846	25.4586	73
25.3846	25.4596	81
25.3856	25.4616	52
25.3886	25.4616	49
25.3886	25.4626	45
25.3896	25.4656	57
25.5876	25.6606	76
25.5886	25.6646	73
25.5886	25.6646	81
25.5886	25.6656	45
25.5906	25.6656	52
25.5916	25.6676	49
25.5916	25.6676	57
25.7946	26.2176	73
25.7946	26.2186	81
25.7956	26.2206	76
25.7976	26.2216	49
25.7976	26.2216	57
25.8016	26.2256	52
25.8016	26.2256	45
26.2256	26.2696	74
26.2706	26.3686	73
26.3686	26.4726	71
26.4766	26.5776	73
26.5786	26.6936	74
26.6936	26.9555	75
26.6976	26.9555	57
26.9116	27.1126	76
26.9136	27.1135	61
27.1135	27.3345	59
27.3355	27.5365	76
27.3375	27.5375	62
27.5375	27.7506	81
27.5405	27.7506	61
27.7476	27.9465	80
27.7506	27.9505	64
27.9505	28.1565	78
27.9535	28.1605	57
28.1605	28.3735	76
28.1605	28.3735	61
28.3745	28.5975	73
28.3775	28.5975	59
28.5845	28.7825	74
28.5865	28.7865	66
28.7875	29.0035	62
29.0035	29.2065	74
29.0075	29.2095	59
29.2105	29.4165	76
29.2135	29.4175	56
29.4195	29.6195	74
29.4205	29.6195	59
29.6235	29.8295	73
29.6235	29.8305	52
29.8325	30.0435	71
29.8335	30.0435	62
30.0465	30.2575	68
30.0465	30.2575	61
30.2565	30.4555	69
30.2575	30.4565	64
30.4565	30.6595	56
30.6595	30.8725	71
30.6625	30.8765	64
30.8765	31.0855	72
30.8795	31.0855	57
31.0785	31.2785	73
31.0795	31.2825	64
31.2825	31.4845	54
31.4325	31.4855	76
31.4855	31.6985	74
31.4855	31.6995	57
31.6995	32.4435	73
31.7015	32.5495	52
31.9085	32.3365	57
32.1225	32.5525	61
32.3325	32.5525	74
32.3365	32.5525	57
32.4435	32.5525	73
32.5495	32.7555	71
32.5495	32.9685	52
32.5505	32.9695	56
32.7565	32.8645	73
32.9725	33.0805	74
33.1895	33.2975	75
33.4095	33.6375	75
33.4105	33.6375	57
33.6275	33.8305	76
33.6285	33.8305	61
33.8315	34.0525	59
34.0515	34.1035	78
34.0515	34.2575	62
34.1045	34.1525	76
34.1555	34.2045	75
34.2085	34.2575	76
34.2605	34.4955	81
34.2605	34.4955	61
34.4635	34.5645	80
34.4645	34.5655	64
34.6625	34.7685	78
34.6635	34.8725	57
34.8734	34.9844	76
34.8765	34.9854	61
35.0864	35.3314	73
35.0904	35.3314	59
35.3004	35.5064	74
35.3004	35.5064	66
35.5074	35.7204	62
35.7234	35.7724	76
35.7244	35.9224	59
35.7764	35.8254	74
35.8254	35.8694	73
35.8734	35.9234	74
35.9274	36.1404	76
35.9274	36.1404	56
36.1334	36.2384	74
36.1364	36.2384	59
36.3354	36.4414	73
36.3364	36.5464	52
36.5464	36.6544	71
36.5464	36.6574	56
36.7594	37.2154	73
36.7594	37.2154	57
37.0934	37.2154	76
37.2044	37.6484	66
37.2044	37.6484	62
37.2054	37.6484	50
37.5334	37.6484	71
37.6394	38.0894	69
37.6424	38.0894	61
37.6424	38.5244	52
38.0804	38.1884	68
38.0824	38.5244	59
38.1314	38.2404	69
38.1884	38.3004	68
38.2404	38.5244	69
38.3004	38.4464	68
38.3694	38.5244	66
38.4464	38.5244	68
38.5244	38.6283	69
38.5244	38.9433	57
38.6313	38.7403	76
38.7403	38.8393	75
38.8413	38.9443	76
38.9443	39.0483	78
39.0483	39.1473	76
39.1473	39.2543	75
39.1483	39.2553	69
39.2583	39.3673	76
39.3673	39.4723	74
39.3703	39.4723	71
39.4733	39.5803	76
39.5833	39.6783	74
39.5843	39.6823	69
39.6823	39.7873	76
39.7873	39.8883	74
39.7883	39.8913	68
39.8923	39.9863	76
39.9903	40.0993	74
39.9903	40.0993	64
40.0993	40.2063	76
40.2073	40.3193	73
40.2103	40.6303	69
40.3203	40.4313	76
40.4313	40.5323	75
40.5353	40.6343	76
40.6343	40.7393	78
40.7393	40.8363	76
40.8373	40.9453	75
40.8373	40.9463	57
40.9463	41.0543	76
41.0572	41.1582	74
41.0572	41.1592	59
41.1623	41.2642	76
41.2672	41.3692	74
41.2682	41.3692	57
41.3722	41.4732	76
41.4742	41.5792	74
41.4742	41.5802	56
41.5822	41.6772	76
41.6772	41.7882	74
41.6802	41.7892	52
41.7892	41.8972	76
41.8982	42.3212	69
41.8982	42.0062	57
42.0092	42.1172	64
42.1212	42.2232	63
42.2242	42.3212	64
42.3242	42.4252	66
42.4302	42.5312	64
42.5322	42.6432	81
42.5342	42.6432	63
42.6432	42.7442	64
42.7472	42.8492	83
42.7482	42.8502	62
42.8502	42.9542	64
42.9542	43.0592	81
42.9582	43.0602	62
43.0602	43.1642	64
43.1652	43.2622	80
43.1652	43.2622	62
43.2632	43.3672	64
43.3682	43.4752	76
43.3692	43.4762	62
43.4792	43.5882	64
43.5882	44.0111	81
43.5892	43.6962	61
43.6971	43.8082	64
43.8092	43.9062	63
43.9062	44.0121	64
44.0121	44.1161	66
44.1172	44.2181	64
44.2211	44.3291	45
44.2221	44.3301	63
44.3301	44.4341	64
44.4351	44.5471	47
44.4381	44.5471	62
44.5481	44.6491	64
44.6491	44.7531	45
44.6521	44.7541	62
44.7541	44.8581	64
44.8581	44.9631	44
44.8621	44.9641	62
44.9641	45.0611	64
45.0621	45.1701	40
45.0621	45.1731	62
45.1731	45.2821	64
45.2821	45.7151	45
45.2831	45.7191	61
45.7201	46.1461	76
45.7201	45.9301	61
45.8221	46.0311	69
45.9301	46.1461	61
46.0311	46.1461	69
46.1441	46.5771	74
46.1461	46.2431	59
46.2441	46.4611	69
46.3531	46.5771	59
46.4611	46.5771	69
46.5741	47.0221	73
46.5751	46.6811	57
46.6821	46.9031	69
46.7901	47.0221	57
46.9031	47.0221	69
47.0181	47.379	78
47.0211	47.462	62
47.1231	47.3401	69
47.2351	47.463	68
47.339	47.463	80
47.3401	47.463	69
47.379	47.46	78
47.417	47.463	76
47.46	47.564	78
47.462	47.564	62
47.565	47.672	69
47.673	47.784	80
47.676	47.784	68
47.785	47.9	69
47.9	48.12	83
47.903	48.12	62
48.005	48.12	69
48.111	48.333	81
48.111	48.333	68
48.219	48.333	69
48.324	48.544	80
48.326	48.544	62
48.429	48.544	69
48.541	48.776	78
48.542	48.776	68
48.656	48.776	69
48.775	48.995	76
48.776	48.88	61
48.883	48.998	69
48.999	49.107	68
49.107	49.222	69
49.223	49.66	76
49.226	49.433	61
49.331	49.545	69
49.433	49.66	61
49.545	49.66	69
49.65	50.0869	74
49.651	49.751	59
49.751	49.969	69
49.864	50.0869	59
49.969	50.0869	69
50.078	50.5289	73
50.08	50.1859	57
50.189	50.413	69
50.2979	50.5289	57
50.413	50.5289	69
50.5259	50.9699	71
50.5289	50.9689	50
50.6369	50.8539	59
50.7379	50.9699	54
50.8519	50.9699	78
50.8539	50.9699	59
50.9669	51.4169	76
50.9689	51.4169	50
51.0779	51.4169	74
51.0779	51.2949	59
51.1799	51.4169	73
51.1819	51.4169	54
51.2919	51.4169	71
51.2949	51.4169	59
51.4099	51.8399	69
51.4099	51.8339	52
51.5119	51.7249	61
51.6169	51.8399	57
51.7249	51.8399	61
51.8329	51.8889	71
51.8339	52.2819	52
51.8899	51.9989	73
51.9429	52.0519	71
51.9439	52.1669	62
51.9989	52.2819	73
52.0519	52.2019	71
52.0539	52.2819	56
52.1279	52.2789	69
52.1669	52.2819	62
52.2019	52.2819	71
52.2789	52.4949	69
52.2819	52.3869	57
52.3869	52.4989	64
52.4989	52.6039	61
52.6049	52.7409	64
52.7409	53.1699	76
52.7439	52.9509	61
52.8459	53.0559	69
52.9509	53.1699	61
53.0559	53.1699	69
53.1679	53.6008	74
53.1679	53.2689	59
53.2699	53.4859	69
53.3808	53.6008	59
53.4859	53.6008	69
53.5918	54.0458	73
53.5938	53.7068	57
53.7068	53.9268	69
53.8148	54.0458	57
53.9268	54.0458	69
54.0438	54.4068	78
54.0458	54.4858	62
54.1478	54.3688	69
54.2568	54.4868	68
54.3688	54.4868	80
54.3688	54.4868	69
54.4068	54.4838	78
54.4448	54.4868	76
54.4838	54.5918	78
54.4858	54.5948	62
54.5948	54.6968	69
54.6968	54.8078	80
54.6978	54.8088	68
54.8088	54.9238	69
54.9238	55.1438	83
54.9278	55.1438	62
55.0298	55.1438	69
55.1348	55.3588	81
55.1368	55.3588	68
55.2438	55.3588	69
55.3508	55.5718	80
55.3518	55.5718	62
55.4528	55.5718	69
55.5658	55.7998	78
55.5678	55.7998	68
55.6808	55.7998	69
55.7958	56.0198	76
55.7988	55.9038	61
55.9038	56.0238	69
56.0238	56.1318	68
56.1328	56.2468	69
56.2468	56.6818	76
56.2478	56.4578	61
56.3528	56.5668	69
56.4578	56.6818	61
56.5668	56.6818	69
56.6708	57.1117	74
56.6748	56.7757	59
56.7768	56.9927	69
56.8848	57.1117	59
56.9927	57.1117	69
57.1017	57.5527	73
57.1047	57.2097	57
57.2107	57.4407	69
57.3217	57.5527	57
57.4407	57.5527	69
57.5487	57.9937	71
57.5527	57.9927	50
57.6577	57.8757	59
57.7637	57.9937	54
57.8747	57.9937	78
57.8757	57.9937	59
57.9907	58.4417	76
57.9927	58.4417	50
58.0997	58.4417	74
58.1017	58.3227	59
58.2067	58.4417	73
58.2067	58.4417	54
58.3227	58.4417	71
58.3227	58.4417	59
58.4317	58.8647	69
58.4317	58.8577	52
58.5357	58.7507	61
58.6447	58.8647	57
58.7507	58.8647	61
58.8547	58.9137	71
58.8577	59.3127	52
58.9147	59.0227	73
58.9667	59.0827	71
58.9667	59.1907	62
59.0227	59.3127	73
59.0827	59.2257	71
59.0827	59.3127	56
59.1487	59.3067	69
59.1907	59.3127	62
59.2257	59.3127	71
59.3067	59.5157	69
59.3097	59.9596	61
59.3097	59.9596	57
59.4117	59.9596	64
59.5157	59.9596	69
59.6286	59.8416	73
59.7396	59.9596	76
59.8416	59.9596	73
59.9466	60.0586	74
59.9466	60.0616	52
59.9506	60.0626	56
59.9506	60.0656	59
60.0656	60.1706	71
60.1706	60.3886	69
60.1746	60.8496	57
60.1746	60.8496	61
60.2826	60.8496	64
60.3886	60.8496	69
60.4956	60.7106	73
60.6036	60.8496	76
60.7106	60.8496	73
60.8216	60.9376	74
60.8256	60.9396	52
60.8256	60.9406	59
60.8256	60.9406	56
60.9406	61.0486	71
61.0496	61.2866	69
61.0496	61.2876	61
61.0526	61.2876	57
61.5256	61.8086	80
61.5256	61.8086	71
61.5266	61.8086	74
61.5286	61.8086	41
61.5286	61.8086	53
62.0256	62.3716	81
62.0266	62.3716	73
62.0266	62.3716	69
62.0276	62.3716	42
62.0286	62.3716	54
63.0265	63.2605	66
63.0296	63.2605	74
63.0306	63.9575	50
63.2506	63.3625	64
63.2506	63.3655	73
63.4856	63.7225	73
63.4885	63.7225	64
63.7135	63.8355	62
63.7155	63.8355	71
63.9585	64.1985	71
63.9585	64.1985	62
63.9605	64.9795	52
64.1885	64.3145	61
64.1915	64.3175	69
64.4445	64.7105	61
64.4445	64.7105	69
64.6965	64.8315	68
64.6965	64.8325	59
64.9795	66.1865	62
64.9805	66.1865	59
64.9825	66.1865	68
64.9825	66.1865	57
65.5265	66.1865	52
66.1555	66.7225	61
66.1555	66.7265	69
66.1565	66.7295	45
67.2925	67.7165	66
67.2965	67.7205	69
67.2965	67.7205	74
67.2975	67.7225	38
67.3005	67.7235	50
67.3005	67.7235	45
68.1435	68.2515	79
68.1445	68.5525	66
68.1445	68.5525	62
68.2445	68.3565	78
68.3505	68.4585	76
68.4475	68.5665	78
68.5565	68.6655	81
68.5565	68.9765	67
68.5575	68.9805	64
68.6515	68.7665	79
68.7555	68.8785	78
68.8675	68.9905	79
68.9805	69.3785	81
68.9815	69.3795	66
68.9835	69.3795	69
69.7885	69.8375	81
69.9885	70.0395	83
70.1905	70.2435	85
70.3935	70.4465	86
70.6045	71.4125	81
70.6045	71.4155	54
70.8075	71.2095	62
71.0065	71.4155	78
71.0065	71.4155	50
71.2095	71.4155	62
71.4125	71.5065	81
71.4135	71.6115	52
71.5065	71.6155	79
71.6155	71.7095	78
71.6165	71.8075	62
71.7145	71.8115	79
71.8125	71.8605	81
71.8145	71.8645	57
72.0145	72.0665	79
72.0155	72.0675	61
72.2285	72.4375	77
72.2285	72.6335	62
72.2295	72.6345	50
72.4375	72.6365	78
73.0675	73.1875	79
73.0715	73.4745	62
73.0725	73.4775	66
73.1735	73.2845	78
73.2735	73.3895	76
73.3755	73.4885	78
73.4775	73.5925	81
73.4815	73.9005	67
73.4815	73.9015	64
73.5815	73.6905	79
73.6805	73.8035	78
73.7965	73.9105	79
73.9015	74.3065	81
73.9035	74.3075	69
73.9045	74.3105	66
74.7125	74.7655	81
74.9155	74.9685	83
75.1195	75.1645	85
75.3145	75.3745	86
75.5245	76.3365	81
75.5255	76.3375	54
75.7315	76.1375	62
75.9345	76.3375	78
75.9355	76.3375	50
76.1375	76.3375	62
76.3365	76.4385	81
76.3375	76.5365	52
76.4385	76.5375	79
76.5375	76.6345	78
76.5395	76.7395	62
76.6355	76.7405	79
76.7405	76.8375	81
76.7435	76.9425	57
76.8375	76.9435	79
76.9435	77.0405	78
76.9455	77.1445	61
77.0445	77.1455	76
77.1455	77.2505	74
77.1495	77.2515	62
77.3525	77.4605	66
77.5585	77.6565	69
77.5595	77.6575	62
77.7535	77.8595	66
77.9575	78.0385	78
77.9585	78.0625	62
78.0275	78.1044	79
78.0974	78.1744	78
78.1684	78.2404	79
78.1684	78.2654	66
78.2334	78.3034	78
78.3005	78.3704	79
78.3634	78.4405	78
78.3704	78.4685	62
78.4264	78.5035	79
78.4965	78.5665	78
78.5625	78.6715	76
78.5635	78.6645	66
78.6685	78.7754	74
78.7665	78.8634	73
78.7665	78.8645	64
78.9694	79.0674	67
79.1644	79.2624	69
79.1684	79.2634	64
79.3684	79.4654	67
79.5634	79.6654	76
79.5674	79.6764	64
79.6654	79.7804	66
79.7704	79.8784	67
79.8684	79.9774	66
79.9664	80.0784	64
80.0714	80.1794	62
80.1694	80.2784	61
80.2674	80.3834	59
80.3714	80.4774	76
80.3724	80.4784	57
80.5824	80.6804	61
80.7784	80.8834	69
80.7814	80.8844	57
80.9814	81.0824	61
81.1844	81.2614	79
81.1854	81.2894	57
81.2544	81.3314	81
81.3244	81.3984	79
81.3944	81.4644	81
81.3974	81.4924	61
81.4604	81.5344	79
81.5274	81.5974	81
81.5904	81.6604	79
81.5944	81.6924	55
81.6534	81.7304	81
81.7194	81.7934	79
81.7894	81.8984	78
81.7904	81.8914	61
81.8954	82.0034	76
81.9934	82.0904	74
81.9934	82.0914	54
82.1884	82.2874	62
82.3914	82.4894	69
82.3964	82.4934	54
82.5884	82.6894	62
82.7944	82.8924	78
82.7954	82.9034	54
82.8924	83.0014	50
82.9904	83.1024	52
83.0954	83.2044	54
83.1934	83.3024	55
83.2904	83.4034	57
83.3894	83.5084	59
83.4944	83.6064	61
83.5994	83.7044	78
83.5994	84.0124	62
83.7054	83.8164	74
83.8094	83.9184	76
83.9074	84.0224	78
84.0134	84.1274	79
84.1174	84.2264	81
84.2154	84.3304	83
84.3204	84.4323	85
84.4184	84.5304	86
84.5164	84.6284	85
84.6134	84.7264	83
84.6144	84.7194	57
84.6184	84.7224	54
84.7234	84.8314	81
84.8174	84.9294	79
84.8214	84.9154	57
84.8224	84.9194	54
84.9194	85.0274	78
85.0164	85.1324	76
85.0174	85.1224	57
85.0174	85.1224	54
85.1234	85.2373	74
85.2234	85.3353	76
85.2274	85.6364	59
85.2274	85.6374	55
85.3313	85.4403	78
85.4294	85.5454	76
85.5313	85.6434	75
85.6394	85.7483	76
85.7373	85.8463	78
85.8394	85.9513	79
85.9373	86.0563	81
86.0453	86.1543	83
86.1443	86.2523	81
86.2423	86.3573	79
86.2423	86.3463	59
86.2433	86.3463	55
86.3473	86.4553	78
86.4413	86.5573	76
86.4453	86.5503	59
86.4483	86.5503	55
86.5503	86.6583	74
86.6473	86.7633	73
86.6483	86.7493	56
86.6483	86.7533	59
86.7563	86.8613	71
86.8573	86.9663	73
86.8583	87.0533	57
86.9553	87.0643	74
87.0533	87.1693	73
87.0573	87.2673	55
87.1593	87.2743	69
87.2713	87.3653	74
87.2713	87.3683	54
87.4633	87.5753	50
87.6873	87.7963	79
87.6883	87.8903	49
87.7923	87.9003	81
87.8913	88.0023	79
87.8933	88.0933	45
87.9883	88.1003	76
88.0933	88.2013	79
88.0943	88.1913	50
88.1923	88.3033	78
88.2893	88.4083	76
88.2933	88.3943	54
88.3943	88.5093	74
88.5063	88.6143	73
88.5063	88.7023	57
88.6043	88.7133	74
88.7023	88.8143	73
88.7063	88.9013	55
88.8003	88.9123	69
88.9023	89.0033	74
88.9023	89.0073	54
89.1013	89.2133	50
89.3183	89.4303	79
89.3193	89.5213	49
89.4233	89.5313	81
89.5223	89.6293	79
89.5223	89.7243	45
89.6193	89.7353	76
89.7243	89.8363	79
89.7283	89.8223	50
89.8233	89.9343	78
89.9233	90.0363	76
89.9243	90.0253	54
90.0253	90.1442	74
90.1383	90.2353	73
90.1383	90.3333	45
90.1393	90.3373	57
90.1393	90.3383	52
90.2363	90.3383	76
90.3403	90.4313	73
90.4353	90.5433	69
90.5442	90.6412	78
90.5442	90.7392	54
90.5462	90.7432	50
90.5473	90.7432	57
90.6422	90.7432	81
90.7462	90.8522	78
90.8522	90.9562	74
90.9572	91.0582	73
90.9572	91.1592	52
90.9602	91.1602	45
90.9602	91.1602	57
91.0612	91.1612	76
91.1632	91.2642	73
91.2652	91.3662	69
91.3692	91.4632	78
91.3692	91.5722	50
91.3702	91.5732	54
91.3732	91.5732	57
91.4672	91.5732	81
91.5752	91.6742	78
91.6772	91.7852	74
91.7862	91.8592	73
91.7872	91.8622	76
91.9852	92.0622	73
91.9892	92.0622	81
91.9922	92.0662	76
91.9922	92.0662	45
91.9932	92.0692	49
91.9932	92.0692	57
91.9962	92.0702	52
92.1952	92.2722	81
92.1982	92.2732	73
92.1992	92.2762	76
92.2022	92.2762	49
92.2032	92.2772	57
92.2032	92.2772	52
92.2032	92.2792	45
92.4022	92.4752	76
92.4022	92.4782	73
92.4022	92.4792	81
92.4032	92.4792	49
92.4062	92.4822	52
92.4062	92.4832	57
92.4062	92.4832	45
92.6122	93.0502	81
92.6132	93.0532	73
92.6132	93.0532	76
92.6132	93.0542	52
92.6142	93.0572	57
92.6152	93.0572	49
92.6152	93.0572	45
93.0582	93.1012	74
93.1052	93.2062	73
93.2072	93.3122	71
93.3122	93.4102	73
93.4142	93.5252	74
93.5282	93.7872	75
93.5292	93.7872	57
93.7432	93.9522	76
93.7452	93.9522	61
93.9531	94.1652	59
94.1662	94.3762	76
94.1662	94.3762	62
94.3772	94.5892	81
94.3772	94.5892	61
94.5792	94.7852	80
94.5802	94.7882	64
94.7892	94.9882	78
94.7892	94.9882	57
94.9922	95.2052	76
94.9922	95.2062	61
95.2062	95.4292	73
95.2092	95.4292	59
95.4192	95.6141	74
95.4222	95.6182	66
95.6182	95.8351	62
95.8392	96.0452	74
95.8402	96.0492	59
96.0492	96.2482	76
96.0492	96.2482	56
96.2522	96.4511	74
96.2522	96.4541	59
96.4552	96.6621	73
96.4552	96.6621	52
96.6621	96.8822	71
96.6641	96.8822	62
96.8851	97.0891	68
96.8861	97.0891	61
97.0851	97.2881	69
97.0881	97.2881	64
97.2921	97.4911	56
97.4941	97.7071	71
97.4951	97.7081	64
97.7081	97.9181	72
97.7091	97.9181	57
97.9151	98.1141	73
97.9181	98.1141	64
98.1151	98.3131	54
98.2611	98.3161	76
98.3171	98.5301	74
98.3211	98.5301	57
98.5311	99.2731	73
98.5341	99.3821	52
98.7451	99.1721	57
98.9541	99.3911	61
99.1711	99.3911	74
99.1721	99.3911	57
99.2731	99.3911	73
99.3811	99.5871	71
99.3821	99.8011	56
99.3821	99.8041	52
99.5881	99.6961	73
99.8041	99.9121	74
100.021	100.133	75
100.248	100.476	75
100.249	100.476	57
100.466	100.665	76
100.467	100.668	61
100.668	100.89	59
100.886	100.938	78
100.89	101.089	62
100.939	100.991	76
100.994	101.043	75
101.047	101.092	76
101.093	101.334	81
101.096	101.334	61
101.299	101.404	80
101.302	101.404	64
101.502	101.606	78
101.502	101.712	57
101.712	101.817	76
101.715	101.817	61
101.925	102.17	73
101.928	102.17	59
102.139	102.338	74
102.14	102.339	66
102.339	102.558	62
102.559	102.611	76
102.559	102.762	59
102.612	102.664	74
102.664	102.709	73
102.713	102.762	74
102.766	102.975	76
102.766	102.975	56
102.972	103.07	74
102.975	103.07	59
103.174	103.28	73
103.175	103.385	52
103.385	103.489	71
103.386	103.49	56
103.598	104.053	73
103.599	104.053	57
103.931	104.053	76
104.043	104.483	66
104.044	104.483	62
104.044	104.483	50
104.365	104.483	71
104.477	104.928	69
104.481	105.363	52
104.481	104.928	61
104.919	105.026	68
104.92	105.363	59
104.97	105.079	69
105.026	105.139	68
105.079	105.36	69
105.139	105.285	68
105.208	105.363	66
105.285	105.363	68
105.36	105.463	69
105.363	105.778	57
105.464	105.579	76
105.58	105.677	75
105.677	105.783	76
105.785	105.887	78
105.888	105.989	76
105.992	106.1	75
105.993	106.101	69
106.101	106.209	76
106.213	106.314	74
106.214	106.314	71
106.318	106.419	76
106.42	106.524	74
106.422	106.525	69
106.525	106.622	76
106.622	106.727	74
106.623	106.728	68
106.731	106.832	76
106.833	106.941	74
106.833	106.944	64
106.944	107.053	76
107.053	107.158	73
107.054	107.476	69
107.159	107.266	76
107.266	107.371	75
107.372	107.477	76
107.477	107.574	78
107.574	107.679	76
107.68	107.788	75
107.683	107.789	57
107.791	107.9	76
107.9	108.005	74
107.903	108.005	59
108.005	108.106	76
108.111	108.211	74
108.111	108.211	57
108.215	108.319	76
108.32	108.414	74
108.321	108.418	56
108.418	108.519	76
108.519	108.632	74
108.523	108.632	52
108.635	108.732	76
108.737	109.163	69
108.737	108.845	57
108.848	108.961	64
108.964	109.058	63
109.062	109.163	64
109.167	109.269	66
109.272	109.373	64
109.374	109.485	81
109.377	109.485	63
109.486	109.587	64
109.591	109.695	83
109.591	109.696	62
109.696	109.797	64
109.8	109.902	81
109.801	109.902	62
109.906	110.006	64
110.01	110.112	80
110.011	110.113	62
110.113	110.21	64
110.21	110.318	76
110.214	110.322	62
110.322	110.43	64
110.431	110.854	81
110.431	110.539	61
110.543	110.65	64
110.654	110.756	63
110.757	110.854	64
110.855	110.962	66
110.966	111.067	64
111.068	111.172	45
111.071	111.176	63
111.176	111.284	64
111.285	111.389	47
111.285	111.39	62
111.39	111.498	64
111.498	111.602	45
111.501	111.607	62
111.607	111.708	64
111.709	111.813	44
111.711	111.813	62
111.814	111.914	64
111.918	112.019	40
111.918	112.02	62
112.023	112.131	64
112.131	112.568	45
112.135	112.569	61
112.569	113.003	76
112.57	112.775	61
112.671	112.888	69
112.775	113.003	61
112.888	113.003	69
112.993	113.433	74
112.993	113.094	59
113.094	113.312	69
113.206	113.433	59
113.312	113.433	69
113.423	113.871	73
113.424	113.532	57
113.532	113.755	69
113.648	113.871	57
113.755	113.871	69
113.87	114.235	78
113.871	114.312	62
113.98	114.197	69
114.084	114.312	68
114.193	114.312	80
114.197	114.312	69
114.235	114.309	78
114.274	114.312	76
114.309	114.417	78
114.312	114.42	62
114.42	114.529	69
114.533	114.637	80
114.533	114.638	68
114.641	114.75	69
114.75	114.97	83
114.753	114.97	62
114.855	114.97	69
114.966	115.187	81
114.967	115.187	68
115.068	115.187	69
115.18	115.401	80
115.184	115.401	62
115.286	115.401	69
115.39	115.624	78
115.393	115.624	68
115.506	115.624	69
115.622	115.844	76
115.624	115.737	61
115.737	115.849	69
115.849	115.96	68
115.964	116.073	69
116.076	116.509	76
116.077	116.29	61
116.185	116.395	69
116.29	116.509	61
116.395	116.509	69
116.5	116.937	74
116.501	116.604	59
116.608	116.822	69
116.713	116.937	59
116.822	116.937	69
116.927	117.378	73
116.93	117.035	57
117.039	117.263	69
117.154	117.378	57
117.263	117.378	69
117.376	117.827	71
117.378	117.826	50
117.486	117.704	59
117.596	117.827	54
117.7	117.827	78
117.704	117.827	59
117.823	118.267	76
117.826	118.267	50
117.927	118.267	74
117.928	118.149	59
118.037	118.267	73
118.04	118.267	54
118.149	118.267	71
118.149	118.267	59
118.257	118.691	69
118.26	118.688	52
118.369	118.575	61
118.47	118.691	57
118.575	118.691	61
118.688	118.74	71
118.688	119.136	52
118.74	118.849	73
118.799	118.908	71
118.8	119.016	62
118.849	119.136	73
118.908	119.058	71
118.911	119.136	56
118.985	119.135	69
119.016	119.136	62
119.058	119.136	71
119.135	119.349	69
119.136	119.236	57
119.237	119.349	64
119.35	119.457	61
119.46	119.59	64
119.593	120.028	76
119.594	119.808	61
119.695	119.912	69
119.808	120.028	61
119.912	120.028	69
120.017	120.454	74
120.018	120.125	59
120.126	120.336	69
120.231	120.454	59
120.336	120.454	69
120.445	120.895	73
120.448	120.552	57
120.556	120.784	69
120.672	120.895	57
120.784	120.895	69
120.893	121.256	78
120.895	121.34	62
121.004	121.221	69
121.106	121.344	68
121.221	121.344	80
121.221	121.344	69
121.256	121.34	78
121.298	121.344	76
121.34	121.445	78
121.34	121.446	62
121.446	121.546	69
121.55	121.661	80
121.55	121.666	68
121.666	121.774	69
121.775	121.997	83
121.775	121.997	62
121.879	121.997	69
121.991	122.212	81
121.991	122.212	68
122.096	122.212	69
122.201	122.424	80
122.201	122.424	62
122.309	122.424	69
122.413	122.648	78
122.414	122.648	68
122.529	122.648	69
122.647	122.869	76
122.648	122.76	61
122.761	122.869	69
122.872	122.987	68
122.988	123.096	69
123.097	123.53	76
123.099	123.312	61
123.208	123.419	69
123.312	123.53	61
123.419	123.53	69
123.523	123.96	74
123.524	123.631	59
123.632	123.845	69
123.736	123.96	59
123.845	123.96	69
123.953	124.401	73
123.954	124.065	57
124.069	124.286	69
124.174	124.401	57
124.286	124.401	69
124.399	124.85	71
124.401	124.846	50
124.507	124.725	59
124.619	124.85	54
124.724	124.85	78
124.725	124.85	59
124.846	125.29	76
124.846	125.29	50
124.952	125.29	74
124.952	125.172	59
125.06	125.29	73
125.061	125.29	54
125.172	125.29	71
125.172	125.29	59
125.281	125.714	69
125.283	125.714	52
125.393	125.599	61
125.494	125.714	57
125.599	125.714	61
125.711	125.763	71
125.714	126.159	52
125.763	125.872	73
125.82	125.932	71
125.823	126.043	62
125.872	126.159	73
125.932	126.081	71
125.932	126.159	56
126.005	126.156	69
126.043	126.159	62
126.081	126.159	71
126.156	126.372	69
126.159	126.817	57
126.159	126.817	61
126.261	126.817	64
126.372	126.817	69
126.477	126.691	73
126.59	126.817	76
126.691	126.817	73
126.803	126.911	74
126.804	126.912	56
126.804	126.912	52
126.806	126.914	59
126.915	127.026	71
127.026	127.241	69
127.03	127.702	57
127.03	127.702	61
127.132	127.702	64
127.241	127.702	69
127.348	127.563	73
127.461	127.702	76
127.563	127.702	73
127.678	127.785	74
127.678	127.786	52
127.681	127.789	59
127.681	127.79	56
127.79	127.901	71
127.905	128.136	69
127.906	128.136	57
127.906	128.136	61
128.378	128.664	71
128.381	128.664	80
128.382	128.664	74
128.385	128.664	41
128.385	128.664	53
128.878	129.221	73
128.879	129.221	69
128.881	129.221	81
128.882	129.221	42
128.882	129.221	54
129.875	130.11	66
129.879	130.11	74
129.88	130.803	50
130.1	130.218	73
130.103	130.219	64
130.338	130.579	73
130.338	130.579	64
130.565	130.684	71
130.566	130.684	62
130.806	131.048	62
130.81	131.048	71
130.811	131.832	52
131.041	131.163	61
131.041	131.167	69
131.3	131.559	61
131.301	131.559	69
131.545	131.685	59
131.546	131.689	68
131.833	133.039	59
131.835	133.039	68
131.835	133.039	62
131.836	133.039	57
132.378	133.039	52
133.008	133.575	61
133.012	133.575	69
133.012	133.576	45
134.149	134.359	81
134.36	134.467	79
134.58	134.782	79
134.783	134.891	78
135.003	135.213	78
135.213	135.321	76
135.433	135.64	76
135.641	135.755	75
135.868	136.07	72
135.868	137.576	75
135.871	137.576	47
135.871	137.576	59
136.071	136.179	71
136.291	136.494	71
136.494	136.602	69
136.714	136.924	69
136.925	137.033	67
137.145	137.355	67
137.356	137.464	66
137.577	137.793	75
137.796	137.894	76
137.999	138.213	71
138	138.213	67
138.214	138.43	79
138.43	138.646	77
138.651	138.752	78
138.857	139.074	63
138.86	139.074	71
139.075	139.287	81
139.288	140.141	78
139.288	140.141	75
139.29	139.49	47
139.49	139.598	45
139.718	139.917	45
139.92	140.029	43
140.141	140.568	76
140.145	140.569	79
140.145	140.348	43
140.349	140.46	42
140.571	140.778	42
140.778	140.893	40
141.006	141.208	79
141.209	141.314	78
141.422	141.625	78
141.628	141.737	76
141.845	142.049	76
142.052	142.16	74
142.269	142.479	74
142.482	142.591	73
142.707	144.418	73
142.707	142.909	70
142.708	144.419	45
142.708	144.419	57
142.91	143.022	69
143.13	143.337	69
143.34	143.448	67
143.557	143.768	67
143.77	143.879	66
143.988	144.197	66
144.198	144.31	64
144.421	144.639	73
144.639	144.736	74
144.841	145.056	66
144.842	145.056	69
145.059	145.272	78
145.272	145.492	75
145.493	145.598	76
145.696	145.909	69
145.696	145.909	61
145.913	146.122	79
146.126	146.974	76
146.127	146.974	73
146.129	146.33	45
146.33	146.437	43
146.55	146.752	43
146.753	146.861	42
146.974	147.4	74
146.976	147.403	78
146.977	147.183	42
147.183	147.292	40
147.404	147.61	40
147.614	147.722	38
147.838	148.048	78
147.839	148.191	62
147.943	148.157	86
148.048	148.191	78
148.051	148.191	61
148.157	148.265	86
148.268	148.478	78
148.268	148.621	61
148.374	148.588	86
148.478	148.621	78
148.479	148.621	59
148.588	148.695	86
148.696	148.909	78
148.699	149.055	59
148.801	149.018	86
148.909	149.055	78
148.909	149.055	57
149.018	149.126	86
149.126	149.343	78
149.129	149.572	57
149.231	149.455	86
149.343	149.572	78
149.344	149.571	56
149.455	149.572	86
149.571	149.794	76
149.571	150.457	56
149.572	150.457	44
149.679	149.907	86
149.794	150.015	76
149.907	150.123	86
150.015	150.236	76
150.123	150.341	86
150.236	150.453	76
150.341	150.457	86
150.453	150.666	76
150.456	151.32	58
150.457	151.321	46
150.561	150.774	85
150.666	150.887	76
150.774	150.998	85
150.887	151.101	76
150.998	151.212	85
151.101	151.267	76
151.212	151.321	85
151.323	151.531	74
151.324	151.674	59
151.425	151.642	85
151.531	151.674	74
151.532	151.674	57
151.642	151.751	85
151.751	151.961	74
151.752	152.104	57
151.856	152.073	85
151.961	152.104	74
151.962	152.104	55
152.073	152.182	85
152.182	152.389	74
152.183	152.538	55
152.286	152.5	83
152.389	152.538	74
152.391	152.538	54
152.5	152.608	83
152.611	152.826	74
152.612	153.054	54
152.713	152.934	83
152.826	153.054	74
152.829	153.053	53
152.934	153.054	83
153.049	153.162	73
153.053	153.928	41
153.053	153.928	53
153.162	153.378	83
153.274	153.487	73
153.378	153.596	83
153.487	153.7	73
153.596	153.813	83
153.7	153.925	73
153.813	153.928	83
153.925	154.142	73
153.925	154.8	42
153.927	154.8	54
154.033	154.247	81
154.142	154.358	73
154.247	154.467	81
154.358	154.579	73
154.467	154.684	81
154.579	154.8	73
154.684	154.796	81
154.796	155.24	81
154.796	155.24	71
154.796	155.226	55
154.898	155.114	62
155.002	155.223	79
155.006	155.24	59
155.114	155.24	62
155.223	155.667	79
155.226	155.667	55
155.328	155.549	62
155.432	155.667	78
155.433	155.667	59
155.549	155.667	62
155.664	156.115	86
155.664	156.115	77
155.667	156.102	55
155.769	155.982	62
155.874	156.098	85
155.877	156.115	59
155.982	156.115	62
156.098	156.533	85
156.102	156.533	55
156.203	156.42	62
156.311	156.533	83
156.311	156.533	59
156.42	156.533	62
156.529	156.98	79
156.529	157.398	82
156.532	156.96	54
156.633	156.855	61
156.739	156.959	78
156.742	156.98	58
156.855	156.98	61
156.959	157.398	78
156.96	157.398	54
157.068	157.282	61
157.173	157.398	76
157.175	157.398	58
157.282	157.398	61
157.397	157.844	74
157.397	158.264	83
157.397	157.83	53
157.498	157.719	62
157.604	157.828	73
157.606	157.844	56
157.719	157.844	62
157.828	158.264	73
157.83	158.264	53
157.932	158.149	62
158.041	158.264	71
158.041	158.264	56
158.149	158.264	62
158.258	158.488	67
158.261	158.488	76
158.262	159.146	54
158.479	158.586	74
158.481	158.59	66
158.702	158.936	66
158.706	158.936	74
158.922	159.034	73
158.922	159.038	64
159.147	159.377	73
159.147	159.377	64
159.15	160.07	42
159.367	159.489	71
159.37	159.49	62
159.609	159.843	71
159.612	159.843	62
159.833	159.952	61
159.836	159.952	70
160.071	161.148	64
160.073	161.148	70
160.074	161.148	61
160.074	161.148	47
160.567	161.148	42
161.118	161.617	62
161.12	161.618	71
161.121	161.621	35
162.118	163.133	71
162.118	163.123	66
162.119	163.122	62
162.121	163.133	47
162.121	163.133	59
163.122	163.622	62
163.123	163.623	66
163.126	163.623	72
163.126	163.626	45
163.127	163.627	57
164.12	165.149	71
164.123	165.149	74
164.123	165.149	55
164.124	165.149	43
164.869	165.149	75
165.142	165.674	72
165.143	165.677	76
165.143	165.678	54
165.146	165.681	42
166.752	167.179	74
166.752	166.962	59
166.854	167.064	67
166.962	167.179	59
167.064	167.179	67
167.178	167.609	72
167.179	167.28	57
167.281	167.494	67
167.389	167.609	57
167.494	167.609	67
167.607	168.055	71
167.607	167.715	55
167.715	167.936	67
167.823	168.055	55
167.936	168.055	67
168.054	168.411	76
168.055	168.495	60
168.156	168.38	67
168.267	168.495	66
168.377	168.495	78
168.38	168.495	67
168.411	168.492	76
168.453	168.495	74
168.492	168.6	76
168.495	168.603	60
168.604	168.709	67
168.709	168.816	78
168.71	168.817	66
168.82	168.932	67
168.933	169.152	81
168.936	169.152	60
169.038	169.152	67
169.143	169.37	79
169.145	169.37	66
169.254	169.37	67
169.36	169.583	78
169.36	169.583	60
169.468	169.583	67
169.574	169.801	76
169.576	169.801	66
169.69	169.801	67
169.797	170.032	74
169.801	169.912	59
169.913	170.032	67
170.033	170.14	66
170.141	170.259	67
170.259	170.693	74
170.26	170.466	59
170.361	170.577	67
170.466	170.693	59
170.577	170.693	67
170.684	171.12	72
170.684	170.784	57
170.788	171.001	67
170.897	171.12	57
171.001	171.12	67
171.11	171.562	71
171.113	171.218	55
171.221	171.446	67
171.337	171.562	55
171.446	171.562	67
171.561	172.003	69
171.561	172.002	48
171.67	171.886	57
171.772	172.003	52
171.884	172.003	76
171.886	172.003	57
172.002	172.45	74
172.002	172.45	48
172.11	172.45	72
172.111	172.332	57
172.216	172.45	71
172.216	172.45	52
172.331	172.45	69
172.332	172.45	57
172.44	172.873	67
172.443	172.866	50
172.544	172.759	59
172.653	172.873	55
172.759	172.873	59
172.866	172.923	69
172.866	173.322	50
172.923	173.031	71
172.975	173.084	69
172.976	173.199	60
173.031	173.322	71
173.084	173.238	69
173.087	173.322	54
173.161	173.318	67
173.199	173.322	60
173.238	173.322	69
173.318	173.78	67
173.318	173.78	55
173.42	173.644	62
173.528	173.777	59
173.644	173.78	62
173.777	174.204	74
173.777	173.878	59
173.882	174.095	67
173.983	174.204	59
174.095	174.204	67
174.201	174.637	72
174.201	174.302	57
174.305	174.519	67
174.414	174.637	57
174.519	174.637	67
174.627	175.079	71
174.631	174.735	55
174.74	174.967	67
174.851	175.079	55
174.967	175.079	67
175.078	175.442	76
175.079	175.52	60
175.18	175.404	67
175.289	175.52	66
175.401	175.52	78
175.404	175.52	67
175.442	175.52	76
175.478	175.52	74
175.52	175.624	76
175.52	175.625	60
175.628	175.729	67
175.733	175.849	78
175.734	175.849	66
175.85	175.956	67
175.957	176.178	81
175.96	176.178	60
176.063	176.178	67
176.171	176.387	79
176.171	176.387	66
176.272	176.387	67
176.381	176.6	78
176.384	176.6	60
176.486	176.6	67
176.594	176.826	76
176.594	176.826	66
176.709	176.826	67
176.825	177.045	74
176.826	176.94	59
176.941	177.049	67
177.052	177.165	66
177.165	177.28	67
177.283	177.709	74
177.284	177.49	59
177.385	177.595	67
177.49	177.709	59
177.595	177.709	67
177.7	178.138	72
177.7	177.808	57
177.808	178.024	67
177.92	178.138	57
178.024	178.138	67
178.137	178.585	71
178.138	178.245	55
178.246	178.466	67
178.353	178.585	55
178.466	178.585	67
178.582	179.026	69
178.584	179.025	48
178.686	178.904	57
178.795	179.026	52
178.903	179.026	76
178.904	179.026	57
179.025	179.473	74
179.025	179.473	48
179.134	179.473	72
179.135	179.351	57
179.239	179.473	71
179.24	179.473	52
179.348	179.473	69
179.351	179.473	57
179.464	179.897	67
179.467	179.89	50
179.569	179.782	59
179.669	179.897	55
179.782	179.897	59
179.887	179.939	69
179.89	180.339	50
179.94	180.055	71
179.998	180.108	69
179.999	180.22	60
180.055	180.339	71
180.108	180.258	69
180.111	180.339	54
180.184	180.335	67
180.22	180.339	60
180.258	180.339	69
180.335	180.439	67
180.338	180.751	59
180.338	180.755	55
180.44	180.541	69
180.544	180.646	67
180.646	180.755	66
180.755	180.856	67
180.857	180.961	71
180.961	181.07	69
180.962	181.07	54
180.964	181.073	62
181.073	181.181	72
181.182	181.283	71
181.182	181.598	62
181.185	181.599	55
181.286	181.392	69
181.392	181.493	67
181.496	181.601	66
181.601	181.7	67
181.701	181.808	71
181.809	181.916	69
181.81	181.92	54
181.812	181.921	62
181.923	182.029	72
182.029	182.133	71
182.03	182.445	55
182.032	182.448	62
182.134	182.235	69
182.236	182.344	67
182.344	182.449	66
182.449	182.55	67
182.551	182.655	71
182.655	182.759	69
182.659	182.76	62
182.659	182.76	54
182.763	182.868	72
182.872	182.974	71
182.873	182.974	62
182.875	182.977	55
182.977	183.079	74
183.082	183.183	72
183.082	183.184	62
183.083	183.187	54
183.188	183.289	69
183.289	183.397	71
183.29	183.401	62
183.292	183.401	55
183.401	183.509	74
183.51	183.618	73
183.51	183.618	55
183.512	183.621	52
183.621	183.73	76
183.73	183.834	74
183.734	184.146	57
183.734	184.15	54
183.835	183.933	76
183.933	184.034	74
184.038	184.15	73
184.15	184.244	74
184.248	184.349	78
184.349	184.461	76
184.353	184.462	49
184.353	184.464	57
184.465	184.57	79
184.57	184.675	78
184.573	184.985	57
184.573	184.99	50
184.678	184.779	76
184.78	184.885	74
184.886	184.993	73
184.993	185.094	74
185.095	185.203	78
185.204	185.315	76
185.207	185.315	57
185.208	185.315	49
185.319	185.423	79
185.424	185.522	78
185.428	185.836	50
185.428	185.836	57
185.522	185.627	76
185.63	185.731	74
185.732	185.837	73
185.84	185.938	74
185.942	186.046	76
186.047	186.148	78
186.048	186.151	51
186.048	186.152	59
186.155	186.26	81
186.26	186.365	79
186.261	186.673	59
186.264	186.674	52
186.366	186.463	78
186.464	186.568	76
186.568	186.674	75
186.676	186.778	76
186.779	186.887	78
186.887	186.991	79
186.89	186.992	59
186.89	186.992	51
186.996	187.1	81
187.103	187.205	79
187.104	187.52	52
187.107	187.52	59
187.205	187.31	78
187.311	187.415	76
187.416	187.521	75
187.524	187.625	76
187.626	187.73	78
187.731	187.839	79
187.731	187.839	61
187.733	187.842	52
187.842	187.943	83
187.944	188.048	81
187.947	188.36	62
187.948	188.364	54
188.049	188.15	79
188.154	188.259	78
188.259	188.364	76
188.367	188.458	78
188.462	188.569	79
188.57	188.682	81
188.573	188.683	52
188.574	188.683	61
188.685	188.791	83
188.791	188.895	81
188.794	189.204	54
188.794	189.204	62
188.896	188.993	79
188.994	189.099	78
189.099	189.204	76
189.207	189.312	78
189.316	189.424	79
189.424	189.533	81
189.425	189.535	66
189.536	189.644	84
189.645	189.746	83
189.645	189.75	67
189.753	189.855	86
189.855	189.956	81
189.856	189.96	66
189.96	190.058	86
190.058	190.156	83
190.061	190.156	67
190.157	190.26	86
190.261	190.362	78
190.261	190.365	63
190.366	190.467	83
190.467	190.572	79
190.471	190.576	64
190.576	190.677	83
190.678	190.775	78
190.68	190.775	63
190.779	190.88	83
190.884	190.978	79
190.884	190.981	64
190.982	191.083	83
191.083	191.18	76
191.087	191.181	61
191.184	191.286	81
191.289	191.384	78
191.29	191.388	62
191.389	191.488	81
191.489	191.59	76
191.493	191.591	61
191.591	191.689	81
191.689	191.79	78
191.69	191.794	62
191.794	191.898	81
191.899	192	73
191.899	192.004	58
192.005	192.105	78
192.105	192.203	74
192.109	192.204	59
192.206	192.304	78
192.305	192.406	73
192.305	192.41	58
192.41	192.512	78
192.512	192.612	74
192.515	192.613	59
192.613	192.711	78
192.711	192.813	75
192.712	192.816	60
192.714	192.816	57
192.82	192.917	78
192.918	193.019	76
192.92	193.313	59
192.921	193.316	55
193.019	193.117	75
193.117	193.214	76
193.215	193.316	78
193.317	193.418	79
193.418	193.515	78
193.516	193.617	79
193.617	193.719	81
193.722	193.842	83
193.722	193.83	64
193.723	193.831	55
193.831	193.946	85
193.932	194.051	86
193.935	194.037	55
193.935	194.037	64
194.041	194.149	85
194.142	194.254	83
194.146	194.24	64
194.146	194.243	55
194.243	194.352	81
194.349	194.458	79
194.349	194.446	55
194.35	194.447	64
194.447	194.555	78
194.548	194.66	76
194.551	194.65	64
194.552	194.65	55
194.651	194.758	78
194.748	194.863	79
194.748	194.852	64
194.748	194.853	55
194.853	194.961	78
194.951	195.059	76
194.951	195.052	56
194.952	195.056	64
195.056	195.164	74
195.154	195.269	73
195.154	195.259	64
195.154	195.259	56
195.26	195.367	71
195.36	195.472	73
195.364	195.56	57
195.461	195.57	74
195.56	195.675	73
195.561	195.773	55
195.665	195.777	69
195.774	195.874	74
195.776	195.874	54
195.973	196.075	50
196.182	196.298	79
196.183	196.383	49
196.284	196.397	81
196.385	196.494	79
196.386	196.589	45
196.49	196.599	76
196.589	196.698	79
196.59	196.687	50
196.687	196.795	78
196.788	196.904	76
196.791	196.89	54
196.89	197.008	74
197.002	197.11	73
197.002	197.198	57
197.096	197.208	74
197.198	197.31	73
197.199	197.4	55
197.303	197.411	69
197.401	197.498	74
197.401	197.498	54
197.604	197.708	50
197.81	197.922	79
197.813	198.017	49
197.912	198.023	81
198.017	198.125	79
198.017	198.213	45
198.114	198.227	76
198.213	198.321	79
198.216	198.317	50
198.318	198.429	78
198.415	198.531	76
198.416	198.521	54
198.521	198.637	74
198.622	198.723	73
198.626	198.829	57
198.626	198.83	45
198.629	198.83	52
198.724	198.832	76
198.832	198.927	73
198.927	199.031	69
199.032	199.13	78
199.032	199.235	57
199.035	199.235	50
199.036	199.238	54
199.131	199.238	81
199.239	199.34	78
199.34	199.448	74
199.452	199.546	73
199.453	199.651	57
199.453	199.652	45
199.453	199.654	52
199.55	199.655	76
199.658	199.752	73
199.753	199.861	69
199.861	199.96	78
199.865	200.057	54
199.865	200.058	50
199.866	200.06	57
199.96	200.061	81
200.064	200.169	78
200.169	200.275	74
200.275	200.354	76
200.278	200.355	73
200.484	200.558	76
200.485	200.558	81
200.485	200.559	73
200.485	200.561	52
200.488	200.561	45
200.488	200.561	49
200.489	200.565	57
200.683	200.768	81
200.688	200.769	73
200.688	200.769	76
200.69	200.769	52
200.69	200.771	49
200.691	200.772	45
200.691	200.772	57
200.894	200.97	73
200.894	200.971	76
200.897	200.971	81
200.897	200.974	52
200.897	200.975	49
200.901	200.975	45
200.901	200.975	57
201.097	201.538	81
201.098	201.541	73
201.1	201.541	76
201.1	201.542	49
201.101	201.544	57
201.104	201.545	45
201.104	201.545	52
201.546	201.59	79
201.593	201.695	78
201.696	201.797	76
201.797	201.899	78
201.899	202.013	79
202.018	202.276	80
202.018	202.276	62
202.231	202.441	81
202.234	202.441	66
202.442	202.654	64
202.655	202.865	81
202.655	202.865	67
202.865	203.071	86
202.866	203.071	66
203.068	203.27	85
203.071	203.271	69
203.271	203.477	83
203.272	203.477	62
203.48	203.694	81
203.48	203.695	66
203.695	203.917	78
203.697	203.917	64
203.908	204.107	79
203.911	204.107	71
204.108	204.324	67
204.328	204.533	79
204.328	204.534	64
204.538	204.737	81
204.538	204.738	61
204.74	204.939	79
204.74	204.943	64
204.944	205.149	78
204.944	205.15	57
205.15	205.367	76
205.153	205.367	67
205.368	205.577	73
205.368	205.577	66
205.574	205.777	74
205.577	205.78	69
205.78	205.979	61
205.98	206.196	76
205.98	206.197	69
206.197	206.41	77
206.2	206.41	62
206.399	206.602	78
206.403	206.603	69
206.603	206.801	59
206.752	206.806	81
206.808	207.019	79
206.809	207.019	62
207.022	207.765	78
207.022	207.87	57
207.236	207.656	62
207.446	207.876	66
207.653	207.876	79
207.656	207.876	62
207.765	207.876	78
207.869	208.086	76
207.87	208.3	61
207.87	208.303	57
208.087	208.198	78
208.303	208.412	79
208.513	208.629	80
208.745	208.968	80
208.745	208.968	62
208.966	209.168	81
208.968	209.169	65
209.169	209.392	64
209.389	209.591	81
209.39	209.591	67
209.592	209.833	86
209.595	209.833	65
209.801	209.896	84
209.802	209.899	69
210.005	210.105	82
210.005	210.211	62
210.211	210.316	81
210.214	210.32	65
210.424	210.67	78
210.425	210.67	64
210.638	210.837	79
210.638	210.841	70
210.842	211.057	67
211.062	211.107	81
211.062	211.265	64
211.108	211.163	79
211.164	211.208	78
211.208	211.265	79
211.266	211.478	81
211.266	211.478	61
211.471	211.572	79
211.472	211.572	64
211.673	211.779	77
211.677	211.877	57
211.877	211.989	76
211.88	211.989	61
212.097	212.324	79
212.098	212.324	62
212.315	212.514	77
212.317	212.517	69
212.517	212.741	60
212.739	212.945	76
212.739	212.945	69
212.948	213.182	73
212.952	213.182	58
213.152	213.35	74
213.154	213.351	65
213.353	213.561	64
213.561	213.774	80
213.564	213.777	62
213.777	214.68	80
213.781	214.652	57
213.998	214.432	62
214.212	214.68	65
214.432	214.68	62
214.649	214.866	81
214.65	214.87	61
214.652	214.87	57
214.87	214.977	43
214.873	214.981	55
215.079	215.192	42
215.083	215.195	54
215.303	215.412	52
215.304	215.415	40
215.517	215.628	78
215.517	215.947	50
215.517	215.948	38
215.629	215.737	81
215.737	215.842	80
215.843	215.948	81
215.95	216.045	83
216.045	216.151	81
216.151	216.262	80
216.154	216.263	74
216.263	216.371	81
216.371	216.476	79
216.374	216.476	76
216.477	216.577	81
216.581	216.682	79
216.584	216.683	74
216.686	216.787	81
216.791	216.885	79
216.792	216.888	73
216.888	216.989	81
216.991	217.103	79
216.993	217.103	69
217.106	217.207	81
217.208	217.322	78
217.208	217.633	74
217.323	217.431	81
217.434	217.528	80
217.532	217.634	81
217.637	217.735	83
217.735	217.836	81
217.84	217.948	80
217.84	217.952	62
217.953	218.053	81
218.053	218.158	79
218.057	218.159	64
218.159	218.267	81
218.27	218.365	79
218.271	218.368	62
218.368	218.474	81
218.474	218.575	79
218.475	218.578	61
218.579	218.68	81
218.68	218.785	79
218.683	218.785	57
218.786	218.897	81
218.898	219.313	74
218.898	218.998	62
219.002	219.111	69
219.111	219.208	68
219.209	219.313	69
219.317	219.419	71
219.419	219.523	69
219.524	219.625	86
219.524	219.625	68
219.628	219.73	69
219.73	219.834	88
219.734	219.838	67
219.839	219.94	69
219.941	220.045	86
219.943	220.045	67
220.046	220.149	69
220.15	220.248	85
220.15	220.248	67
220.249	220.353	69
220.353	220.461	81
220.354	220.462	67
220.464	220.566	69
220.57	220.997	86
220.571	220.682	66
220.682	220.793	69
220.794	220.892	68
220.893	220.997	69
220.998	221.101	71
221.102	221.2	69
221.201	221.309	50
221.201	221.312	68
221.312	221.413	69
221.414	221.525	52
221.417	221.526	67
221.529	221.631	69
221.631	221.735	50
221.632	221.736	67
221.736	221.833	69
221.834	221.935	49
221.834	221.935	67
221.938	222.04	69
222.044	222.145	45
222.044	222.146	67
222.149	222.257	69
222.257	222.691	50
222.258	222.691	66
222.695	223.128	81
222.695	222.901	66
222.797	223.01	74
222.901	223.128	66
223.01	223.128	74
223.119	223.555	79
223.119	223.219	64
223.219	223.437	74
223.332	223.555	64
223.437	223.555	74
223.548	223.997	78
223.548	223.657	62
223.657	223.882	74
223.766	223.997	62
223.882	223.997	74
223.993	224.357	83
223.997	224.443	67
224.102	224.32	74
224.206	224.444	73
224.319	224.444	85
224.32	224.444	74
224.357	224.442	83
224.4	224.444	81
224.442	224.543	83
224.443	224.546	67
224.546	224.648	74
224.648	224.763	85
224.651	224.764	73
224.766	224.875	74
224.875	225.102	88
224.876	225.102	67
224.98	225.102	74
225.093	225.308	86
225.093	225.308	73
225.195	225.308	74
225.299	225.523	85
225.3	225.523	67
225.408	225.523	74
225.516	225.748	83
225.516	225.748	73
225.631	225.748	74
225.747	225.97	81
225.747	225.859	66
225.862	225.974	74
225.974	226.086	73
226.089	226.205	74
226.205	226.631	81
226.206	226.416	66
226.303	226.52	74
226.416	226.631	66
226.52	226.631	74
226.622	227.062	79
226.625	226.73	64
226.733	226.947	74
226.835	227.062	64
226.947	227.062	74
227.053	227.504	78
227.055	227.161	62
227.164	227.389	74
227.28	227.504	62
227.389	227.504	74
227.5	227.95	76
227.501	227.949	55
227.609	227.827	64
227.721	227.95	59
227.826	227.95	83
227.827	227.95	64
227.949	228.392	81
227.949	228.392	55
228.05	228.392	79
228.053	228.273	64
228.162	228.392	78
228.165	228.392	59
228.271	228.392	76
228.273	228.392	64
228.383	228.814	74
228.385	228.813	57
228.491	228.707	66
228.596	228.814	62
228.707	228.814	66
228.813	228.861	76
228.813	229.261	57
228.862	228.974	78
228.924	229.034	76
228.925	229.142	67
228.974	229.261	78
229.034	229.184	76
229.035	229.261	61
229.103	229.26	74
229.142	229.261	67
229.184	229.261	76
229.26	229.471	74
229.261	229.362	62
229.363	229.474	69
229.474	229.582	66
229.583	229.715	69
229.716	230.153	69
229.719	229.93	54
229.821	230.037	62
229.93	230.153	54
230.037	230.153	62
230.143	230.58	67
230.143	230.251	52
230.252	230.458	62
230.356	230.58	52
230.458	230.58	62
230.57	231.021	66
230.574	230.678	50
230.681	230.906	62
230.797	231.021	50
230.906	231.021	62
231.017	231.382	71
231.021	231.466	55
231.126	231.344	62
231.232	231.469	61
231.344	231.469	73
231.344	231.469	62
231.382	231.466	71
231.424	231.469	69
231.466	231.567	71
231.466	231.568	55
231.57	231.679	62
231.679	231.787	73
231.68	231.788	61
231.79	231.896	62
231.899	232.123	76
231.903	232.123	55
232.012	232.123	62
232.117	232.334	74
232.117	232.334	61
232.219	232.334	62
232.33	232.547	73
232.331	232.547	55
232.432	232.547	62
232.54	232.775	71
232.541	232.775	61
232.656	232.775	62
232.771	232.995	69
232.772	232.886	54
232.887	232.995	62
232.999	233.11	61
233.114	233.222	62
233.223	233.657	69
233.223	233.657	81
233.226	233.436	42
233.331	233.542	50
233.436	233.657	42
233.542	233.657	50
233.65	234.087	79
233.65	234.087	67
233.651	233.754	40
233.758	233.972	50
233.86	234.087	40
233.972	234.087	50
234.078	234.535	66
234.08	234.535	78
234.08	234.185	38
234.186	234.413	50
234.301	234.535	38
234.413	234.535	50
234.531	234.974	64
234.532	234.974	76
234.532	234.974	43
234.633	234.851	52
234.742	234.974	47
234.851	234.974	83
234.851	234.974	52
234.973	235.417	81
234.974	235.417	43
235.075	235.417	79
235.077	235.299	52
235.186	235.417	78
235.189	235.417	47
235.298	235.417	76
235.299	235.417	52
235.406	235.838	74
235.407	235.837	45
235.516	235.726	54
235.62	235.838	50
235.726	235.838	54
235.834	235.886	76
235.837	236.289	45
235.89	235.995	78
235.947	236.057	76
235.949	236.167	55
235.995	236.289	78
236.057	236.208	76
236.058	236.289	49
236.132	236.285	74
236.167	236.289	55
236.208	236.289	76
236.283	236.705	69
236.285	236.706	74
236.285	236.708	66
236.286	236.709	38
236.286	236.709	50
236.289	236.71	45
237.128	237.241	79
237.129	237.535	62
237.132	237.535	66
237.227	237.338	78
237.332	237.44	76
237.429	237.542	78
237.538	237.647	81
237.538	237.957	64
237.539	237.961	67
237.633	237.748	79
237.737	237.853	78
237.85	237.965	79
237.962	238.36	81
237.962	238.361	69
237.963	238.361	66
238.766	238.816	81
238.969	239.022	83
239.173	239.225	85
239.375	239.428	86
239.586	240.388	81
239.586	240.39	54
239.782	240.188	62
239.988	240.39	78
239.989	240.39	50
240.188	240.39	62
240.388	240.489	81
240.39	240.586	52
240.489	240.587	79
240.591	240.688	78
240.593	240.79	62
240.689	240.793	79
240.794	240.842	81
240.797	240.846	57
240.996	241.048	79
240.997	241.049	61
241.21	241.42	77
241.21	241.615	62
241.21	241.616	50
241.421	241.619	78
242.018	242.134	79
242.019	242.12	62
242.019	242.123	66
242.123	242.231	78
242.217	242.336	76
242.222	242.322	62
242.222	242.322	66
242.326	242.435	78
242.424	242.532	81
242.424	242.525	64
242.425	242.53	67
242.53	242.637	79
242.623	242.746	78
242.627	242.736	67
242.628	242.736	64
242.739	242.858	79
242.847	243.253	81
242.848	243.254	66
242.848	243.254	69
243.66	243.712	81
243.862	243.908	83
244.066	244.115	85
244.261	244.314	86
244.471	245.281	81
244.476	245.284	54
244.675	245.077	62
244.881	245.284	78
244.882	245.284	50
245.077	245.284	62
245.281	245.378	81
245.281	245.483	52
245.378	245.484	79
245.484	245.581	78
245.487	245.679	62
245.582	245.679	79
245.68	245.784	81
245.683	245.882	57
245.785	245.885	79
245.885	245.987	78
245.886	246.092	61
245.988	246.093	76
246.093	246.193	74
246.095	246.197	54
246.2	246.295	76
246.201	246.295	62
246.296	246.4	78
246.299	246.4	57
246.401	246.498	79
246.403	246.501	62
246.502	246.603	81
246.502	246.604	54
246.604	246.701	83
246.607	246.701	62
246.702	246.8	85
246.705	246.803	57
246.803	246.908	86
246.804	246.911	62
246.912	247.734	86
246.915	247.321	55
247.016	247.213	62
247.115	247.521	59
247.213	247.416	62
247.318	247.734	83
247.321	247.734	55
247.416	247.622	62
247.521	247.734	59
247.618	247.734	79
247.622	247.734	62
247.731	248.546	78
247.734	247.828	57
247.829	248.025	66
247.926	248.33	62
248.025	248.228	66
248.13	248.546	81
248.132	248.539	57
248.228	248.427	66
248.33	248.546	62
248.427	248.546	74
248.427	248.546	66
248.536	249.348	76
248.539	248.941	57
248.637	248.837	67
248.735	249.134	64
248.837	249.036	67
248.938	249.348	79
248.941	249.348	57
249.036	249.242	67
249.134	249.348	64
249.239	249.348	73
249.242	249.348	67
249.344	249.445	74
249.345	249.449	54
249.449	249.55	76
249.452	249.551	62
249.554	249.655	78
249.555	249.659	57
249.659	249.76	79
249.66	249.761	62
249.763	249.865	81
249.764	249.866	54
249.866	249.963	83
249.869	249.963	62
249.964	250.061	85
249.967	250.065	57
250.065	250.173	86
250.066	250.173	62
250.174	250.282	88
250.177	250.285	55
250.285	250.379	86
250.288	250.383	62
250.384	250.481	85
250.384	250.481	59
250.482	250.586	86
250.485	250.586	62
250.586	250.684	85
250.59	250.685	55
250.685	250.782	83
250.687	250.783	62
250.786	250.887	81
250.787	250.887	59
250.888	250.992	79
250.891	250.993	62
250.993	251.1	78
250.995	251.101	57
251.101	251.199	79
251.104	251.199	66
251.202	251.301	80
251.202	251.301	62
251.301	251.401	81
251.302	251.405	66
251.406	251.5	79
251.406	251.503	57
251.503	251.609	78
251.507	251.609	66
251.609	251.706	76
251.61	251.707	62
251.707	251.815	74
251.709	251.815	66
251.816	251.917	75
251.818	251.917	57
251.918	252.017	76
251.918	252.021	67
252.022	252.116	78
252.022	252.119	64
252.119	252.221	79
252.12	252.221	67
252.224	252.322	78
252.224	252.323	57
252.323	252.42	76
252.324	252.421	67
252.421	252.521	74
252.424	252.525	64
252.525	252.633	73
252.526	252.638	67
252.638	252.851	74
252.638	253.291	62
252.639	253.291	66
252.74	253.291	69
252.851	253.291	74
252.953	253.169	78
253.068	253.291	81
253.169	253.291	78
253.275	253.39	79
253.276	253.391	57
253.278	253.391	64
253.391	253.498	76
253.498	253.715	74
253.502	254.177	62
253.502	254.177	66
253.611	254.177	69
253.715	254.177	74
253.824	254.041	78
253.933	254.177	81
254.041	254.177	78
254.149	254.264	79
254.15	254.265	57
254.153	254.265	64
254.269	254.373	76
254.377	254.611	74
254.378	254.614	66
254.38	254.618	62
254.85	255.14	85
254.853	255.14	79
254.853	255.14	76
254.856	255.14	46
254.856	255.14	58
255.357	255.7	78
255.358	255.7	86
255.358	255.7	74
255.36	255.7	47
255.36	255.7	59
256.354	256.585	79
256.355	256.585	71
256.358	257.285	43
256.358	257.286	55
256.575	256.69	69
256.579	256.69	78
256.812	257.051	69
256.813	257.051	78
257.044	257.162	76
257.044	257.163	67
257.286	257.526	76
257.287	257.526	67
257.289	258.307	45
257.29	258.307	57
257.519	257.642	74
257.52	257.642	66
257.771	258.038	66
257.772	258.038	74
258.024	258.167	64
258.024	258.168	73
258.308	259.518	67
258.308	259.518	73
258.311	259.518	64
258.311	259.518	50
258.853	259.518	45
259.483	260.053	66
259.484	260.054	74
259.484	260.054	38
