OnsetTime	OffsetTime	MidiPitch
0.518994	1.28597	70
0.522991	1.28597	58
1.27198	1.69198	65
1.27298	1.69198	53
1.68298	2.44799	62
1.68498	2.44799	50
2.42398	2.83998	65
2.42598	2.83998	53
2.83298	3.59599	70
2.83398	3.59599	58
3.57498	3.97799	74
3.57598	3.97799	62
3.97399	4.76098	77
3.97698	4.76098	65
4.71897	5.09497	82
4.90497	5.09497	74
5.09097	5.27996	77
5.09097	7.26994	63
5.09097	7.27094	53
5.09397	7.27094	60
5.26896	5.46097	75
5.44695	5.63896	74
5.62895	5.82194	72
5.80795	5.99694	70
5.98895	6.17894	69
6.17894	6.36395	67
6.35396	6.54294	65
6.53995	6.72496	64
6.71796	6.91094	65
6.89995	7.08894	67
7.07794	7.27394	69
7.27493	7.30894	70
7.27493	7.63094	58
7.27794	7.63195	62
7.40393	7.44995	72
7.45294	7.54395	70
7.54395	7.63195	69
7.63495	7.67694	70
7.81694	7.85594	72
7.99493	8.04092	74
8.17793	8.22191	75
8.36992	8.55792	76
8.55093	8.74492	77
8.73392	8.92991	79
8.91891	9.10191	77
9.10191	9.4829	82
9.28691	9.4829	74
9.47592	9.66791	77
9.47991	11.6949	53
9.47991	11.6949	60
9.47991	11.6949	63
9.66091	9.85291	75
9.84692	10.0399	74
10.0289	10.2209	72
10.2139	10.4069	70
10.3929	10.5849	69
10.5859	10.7769	67
10.7639	10.9629	65
10.9489	11.1479	64
11.1349	11.3269	65
11.3239	11.5129	67
11.5019	11.6989	69
11.6989	11.7849	70
11.6999	11.7859	58
11.7019	11.7889	62
12.0589	12.1559	70
12.0629	12.1609	62
12.0629	12.1609	58
12.4479	12.5519	74
12.4479	12.5529	58
12.4509	12.5559	65
12.8779	13.2489	70
12.8789	13.2519	58
12.8789	13.2529	62
13.5319	13.5809	70
13.6269	13.7249	72
13.7209	13.8189	70
13.8049	13.9099	69
13.8999	14.0159	70
14.0049	14.3689	79
14.3729	14.7469	58
14.3729	14.7479	51
14.3729	14.7499	55
14.6529	14.7009	70
14.7509	14.8449	72
14.8339	14.9399	70
14.9289	15.0299	69
15.0199	15.1279	70
15.1249	15.4849	77
15.4859	15.8629	50
15.4859	15.8629	53
15.4889	15.8639	58
15.7619	15.8109	70
15.8639	15.9649	72
15.9549	16.0589	70
16.0489	16.1499	69
16.1399	16.2559	70
16.2449	16.6089	72
16.2489	17.3679	57
16.2489	17.7459	65
16.6129	16.9869	77
16.9909	17.3729	75
17.3749	17.7499	73
17.3759	17.7509	58
17.7529	17.9529	74
18.0509	18.0959	70
18.1459	18.2439	72
18.2369	18.3339	70
18.3269	18.4289	69
18.4149	18.5309	70
18.5199	18.8879	79
18.8879	19.2659	51
18.8889	19.2659	55
18.8909	19.2659	58
19.1709	19.2169	70
19.2669	19.3629	72
19.3559	19.4549	70
19.4439	19.5489	69
19.5349	19.6469	70
19.6399	19.9999	77
20.0009	20.3779	50
20.0039	20.3779	53
20.0039	20.3789	58
20.2799	20.3329	70
20.3819	20.4839	72
20.4729	20.5739	70
20.5639	20.6689	69
20.6549	20.7739	70
20.7639	21.9049	72
20.7649	21.9049	53
20.7649	21.9049	57
21.1309	21.9049	75
21.1309	21.9049	60
21.5059	21.9049	69
21.5079	21.9049	63
21.9029	22.2649	70
21.9039	22.2659	62
21.9049	22.2679	58
22.9889	23.1889	74
22.9899	23.1889	70
22.9929	23.1889	79
22.9929	23.1889	55
23.3819	23.5669	67
23.3819	23.5669	43
24.1339	24.2809	69
24.1349	24.2809	66
24.1349	24.2809	74
24.1369	24.2809	50
24.5189	24.7489	62
24.5199	24.7489	38
25.2789	26.0309	63
25.2789	26.4109	51
25.2799	25.6499	55
25.4649	25.8359	58
25.6499	26.0239	55
25.8359	26.0309	58
26.0239	26.1149	65
26.0239	26.4109	55
26.1159	26.3079	63
26.2099	26.4109	62
26.2099	26.4109	58
26.3079	26.4109	63
26.4089	26.7809	72
26.4099	27.5429	50
26.4099	26.7799	56
26.5919	26.7769	70
26.5949	26.7809	58
26.7769	27.1509	70
26.7799	27.1519	56
26.9619	27.3399	58
27.1509	27.5399	70
27.1519	27.5429	56
27.3399	27.5429	58
27.5399	27.9139	70
27.5399	28.6639	51
27.5409	27.9119	55
27.7219	27.9139	75
27.7259	27.9139	58
27.9119	28.2849	74
27.9119	28.2759	55
28.0969	28.2849	73
28.0969	28.2849	58
28.2759	28.6639	72
28.2759	28.6639	55
28.4609	28.6639	71
28.4629	28.6639	58
28.6589	29.7829	70
28.6599	29.7829	50
28.6599	29.0349	56
28.8429	29.2209	58
29.0349	29.4059	56
29.2209	29.5939	58
29.4059	29.7829	56
29.5939	29.7829	58
29.7799	30.5319	63
29.7799	30.9099	51
29.7829	30.1479	55
29.9619	30.3359	58
30.1479	30.5249	55
30.3359	30.5319	58
30.5219	30.6119	65
30.5249	30.9099	55
30.6129	30.8059	63
30.7079	30.9099	62
30.7099	30.9099	58
30.8059	30.9099	63
30.9069	31.2779	72
30.9079	32.0409	50
30.9079	31.2779	53
31.0919	31.2759	71
31.0929	31.2779	56
31.2759	31.6479	71
31.2779	31.6489	53
31.4609	31.8379	56
31.6479	32.0409	71
31.6489	32.0409	53
31.8379	32.0409	56
32.0389	32.4129	72
32.0399	33.1649	51
32.0399	32.4119	55
32.2229	32.4129	79
32.2269	32.4129	60
32.4089	32.7829	75
32.4119	32.7829	55
32.5939	32.7829	74
32.5969	32.7829	60
32.7799	33.1679	72
32.7829	33.1679	55
32.9579	33.1679	70
32.9619	33.1679	60
33.1639	34.2809	69
33.1649	34.2809	51
33.1679	33.3459	53
33.3499	33.7209	60
33.5349	33.9019	53
33.7209	34.0919	60
33.9019	34.2809	53
34.0919	34.2809	60
34.2779	34.6509	70
34.2799	35.4039	50
34.2809	34.6509	53
34.4639	34.6509	86
34.4639	34.6509	60
34.6489	35.0329	82
34.6509	35.0169	53
34.8349	35.0329	81
34.8379	35.0329	60
35.0159	35.4039	79
35.0169	35.4039	53
35.2019	35.4039	77
35.2029	35.4039	60
35.4009	36.5219	76
35.4009	36.5219	48
35.4039	35.5819	55
35.5829	35.9619	58
35.7759	36.1469	55
35.9619	36.3319	58
36.1469	36.5219	55
36.3319	36.5219	58
36.5199	36.8889	77
36.5209	37.6489	50
36.5209	36.8909	53
36.7059	36.8909	81
36.7059	36.8909	57
36.8889	37.2639	77
36.8909	37.2639	53
37.075	37.2639	76
37.077	37.2639	57
37.2629	37.6489	74
37.2639	37.6489	53
37.442	37.6489	72
37.444	37.6489	57
37.6449	38.762	71
37.648	38.762	55
37.648	37.826	62
37.83	38.201	65
38.012	38.387	62
38.201	38.573	65
38.387	38.762	62
38.573	38.762	65
38.761	39.138	60
38.761	39.139	64
38.855	38.95	72
38.95	39.048	71
39.048	39.143	72
39.143	39.233	74
39.233	39.331	72
39.331	39.425	71
39.426	39.524	72
39.525	39.9019	70
39.611	39.8029	72
39.7109	39.9019	76
39.8029	39.9019	72
39.896	40.273	69
39.986	40.1759	72
40.084	40.273	77
40.1759	40.273	72
40.269	40.6439	64
40.3609	40.547	72
40.4539	40.6439	82
40.547	40.6439	72
40.637	41.0289	65
40.731	40.924	72
40.8269	41.0289	81
40.924	41.0289	72
41.0219	41.4039	79
41.023	41.4039	60
41.12	41.4039	76
41.2149	41.4039	74
41.306	41.4039	72
41.3999	41.491	71
41.4919	41.585	72
41.585	41.677	74
41.68	41.77	72
41.771	42.1589	70
41.869	42.055	72
41.964	42.1589	76
42.055	42.1589	72
42.156	42.544	69
42.247	42.44	72
42.348	42.544	77
42.44	42.544	72
42.534	42.912	64
42.625	42.817	72
42.723	42.912	82
42.817	42.912	72
42.908	43.29	65
43.002	43.195	72
43.095	43.29	81
43.195	43.29	72
43.287	43.473	79
43.288	44.13	60
43.378	44.421	84
43.473	43.752	79
43.563	43.843	76
43.66	43.938	72
43.752	44.421	79
43.843	44.421	76
43.938	44.13	72
44.036	44.221	67
44.13	44.421	72
44.13	44.42	60
44.221	44.421	67
44.225	44.421	55
44.322	44.421	64
44.323	44.421	52
44.42	44.63	60
44.421	44.63	48
44.823	45.263	67
44.823	45.268	64
44.826	45.268	72
44.826	45.268	36
45.712	46.4789	53
46.461	46.8709	48
46.8729	47.633	45
47.6159	48.0219	48
48.0219	48.7779	53
48.2069	48.2519	84
48.3859	48.4349	84
48.5739	48.62	84
48.7609	48.8059	84
48.7609	49.155	57
48.956	49.002	84
49.156	49.352	86
49.156	49.5259	60
49.338	49.5369	84
49.527	49.723	82
49.712	49.9079	81
49.905	50.1	79
50.091	50.279	77
50.283	50.328	77
50.284	51.053	58
50.328	50.381	79
50.381	50.475	77
50.479	50.664	76
50.664	51.036	76
51.036	51.452	55
51.456	52.208	52
52.19	52.596	55
52.596	53.353	58
52.781	52.827	82
52.968	53.017	82
53.153	53.198	82
53.332	53.388	82
53.335	53.73	64
53.531	53.583	82
53.731	53.927	84
53.731	54.105	67
53.919	54.112	82
54.106	54.298	81
54.291	54.49	79
54.476	54.675	77
54.662	54.871	76
54.871	55.614	77
54.875	55.246	69
55.057	55.432	72
55.246	55.614	69
55.431	55.614	81
55.432	55.614	72
55.611	55.985	79
55.614	55.985	69
55.796	55.985	77
55.799	55.985	72
55.981	56.73	76
55.985	56.356	70
56.166	56.542	72
56.356	56.724	70
56.541	56.73	86
56.542	56.73	72
56.72	57.101	84
56.724	57.101	70
56.906	57.101	76
56.909	57.101	72
57.097	57.837	77
57.098	57.462	69
57.283	57.65	72
57.462	57.836	69
57.647	57.837	81
57.65	57.837	72
57.836	58.211	79
57.836	58.211	69
58.014	58.211	77
58.015	58.211	72
58.207	58.946	76
58.208	58.578	70
58.39	58.757	72
58.578	58.945	70
58.756	58.946	86
58.757	58.946	72
58.942	59.317	84
58.945	59.317	70
59.124	59.317	76
59.124	59.317	72
59.314	60.062	77
59.317	59.681	69
59.499	59.873	72
59.681	60.055	69
59.873	60.062	84
59.873	60.062	72
60.051	60.433	81
60.055	60.433	69
60.234	60.433	79
60.234	60.433	72
60.43	61.1719	78
60.431	61.5359	62
60.433	60.7939	69
60.609	60.98	72
60.7939	61.1649	69
60.98	61.1719	87
60.98	61.1719	72
61.1609	61.5359	86
61.1649	61.5359	69
61.3399	61.5359	78
61.3429	61.5359	72
61.5329	61.9069	81
61.5349	61.9069	67
61.5359	61.9069	70
61.7179	61.9069	79
61.9059	62.2769	84
61.9069	62.6459	72
61.9069	62.2769	64
62.0849	62.2769	83
62.2749	62.6459	82
62.2769	62.6459	65
62.4529	62.6459	81
62.6409	63.0299	79
62.6449	63.0299	58
62.6449	63.0299	70
62.9209	63.0299	81
63.0199	63.4639	77
63.0209	63.8139	60
63.0229	63.8139	69
63.4009	63.5279	76
63.4049	63.8139	67
63.4639	63.5909	77
63.5279	63.6389	76
63.5909	63.7789	77
63.6389	63.7299	76
63.6849	63.8139	74
63.7299	63.8139	76
63.7789	63.8699	77
63.7829	64.1809	65
63.8709	64.0629	72
63.9679	64.1809	71
64.0629	64.1809	72
64.1579	64.2479	74
64.2479	64.3499	72
64.3429	64.5309	71
64.3439	64.5309	57
64.4339	64.5309	72
64.5219	64.7109	70
64.5249	64.7109	55
64.6119	64.7109	72
64.7099	64.9269	69
64.7099	64.9269	53
64.8019	64.9269	72
64.8999	64.9829	67
64.8999	65.2979	52
64.9869	65.1789	72
65.0849	65.2979	71
65.1789	65.2979	72
65.2709	65.3609	74
65.3649	65.4659	72
65.4559	65.6479	71
65.4569	65.6479	62
65.5469	65.6479	72
65.6379	65.8239	82
65.6379	65.8259	60
65.7289	65.8259	72
65.8239	66.0399	82
65.8239	66.0399	52
65.9139	66.0399	72
66.0089	66.1029	81
66.0099	66.4109	53
66.1069	66.2919	72
66.2009	66.4109	71
66.2919	66.4109	72
66.3829	66.4769	74
66.4779	66.5789	72
66.5689	66.7609	71
66.5719	66.7609	57
66.6629	66.7609	72
66.7509	66.9399	70
66.7539	66.9399	55
66.8449	66.9399	72
66.9369	67.1559	69
66.9399	67.1559	53
67.0309	67.1559	72
67.1219	67.2129	67
67.1249	67.5279	52
67.2129	67.4059	72
67.3139	67.5279	71
67.4059	67.5279	72
67.4999	67.5909	74
67.5909	67.6949	72
67.6849	67.8739	71
67.6849	67.8739	62
67.7729	67.8739	72
67.8669	68.0499	82
67.8669	68.0529	60
67.9579	68.0529	72
68.0499	68.2699	82
68.0519	68.2699	52
68.1439	68.2699	72
68.2429	68.3349	81
68.2449	68.6409	53
68.3359	68.5189	72
68.4279	68.6409	71
68.5189	68.6409	72
68.6139	68.7029	74
68.7069	68.8119	72
68.7979	68.9899	71
68.8009	68.9899	60
68.8929	68.9899	72
68.9799	69.1689	75
68.9829	69.1689	57
69.0719	69.1689	72
69.1659	69.3859	70
69.1689	69.3859	55
69.2569	69.3859	72
69.3579	69.4489	69
69.3589	69.7639	54
69.4499	69.6349	74
69.5399	69.7639	73
69.6349	69.7639	74
69.7299	69.8239	76
69.8269	69.9309	74
69.9179	70.1099	73
69.9219	70.1099	63
70.0129	70.1099	74
70.1069	70.2859	84
70.1079	70.2959	62
70.1979	70.2959	74
70.2859	70.4859	84
70.2869	70.4859	54
70.3839	70.4859	74
70.4849	70.8599	83
70.4849	70.8599	55
70.5689	70.7549	62
70.6639	70.8599	59
70.7549	70.8599	62
70.8489	71.2309	82
70.8529	71.2309	52
70.9409	71.1259	61
71.0349	71.2309	55
71.1259	71.2309	61
71.2199	71.6359	81
71.2229	71.6359	53
71.3149	71.4969	60
71.4059	71.6359	57
71.4969	71.6359	60
71.5919	71.8709	79
71.5939	71.9799	46
71.5949	71.9799	58
71.6899	71.9799	86
71.7769	71.9799	82
71.8709	71.9799	79
71.9779	72.2499	77
71.9789	72.3539	48
71.9799	72.3539	57
72.0679	72.3539	84
72.1579	72.3539	81
72.2499	72.3539	77
72.3499	72.6269	76
72.3509	72.7299	46
72.3509	72.7299	55
72.4349	72.7299	82
72.5329	72.7299	79
72.6269	72.7299	76
72.7259	73.1039	77
72.7289	73.1039	45
72.7289	73.1039	53
72.8159	73.1029	81
72.9149	73.1039	84
73.0079	73.1039	82
73.1029	73.4809	81
73.1939	73.4809	79
73.2879	73.4809	77
73.3729	73.4809	76
73.4709	73.8829	74
73.4739	73.8829	60
73.4739	73.8829	57
73.5659	73.8829	72
73.6569	73.8829	70
73.7509	73.8829	69
73.8519	74.2329	67
73.8529	74.2329	58
73.8559	74.2329	62
73.9469	74.2299	70
74.0409	74.2329	74
74.1319	74.2329	72
74.2299	74.6039	70
74.3209	74.6039	69
74.4049	74.6039	67
74.4999	74.6039	65
74.5949	74.9749	64
74.5949	74.9749	50
74.5959	74.9749	53
74.5969	74.9749	55
74.6849	74.9749	62
74.7759	74.9719	60
74.8709	74.9749	59
74.9719	76.1129	60
74.9749	75.3429	48
75.0639	75.2559	57
75.1549	76.1129	72
75.1579	75.5289	53
75.2559	75.4409	57
75.3399	76.1129	77
75.3429	75.7149	48
75.4409	75.6229	57
75.5279	76.1129	81
75.5289	75.8999	53
75.6229	75.8059	57
75.7139	76.1129	84
75.7149	76.0909	48
75.8059	75.9919	57
75.8999	76.1129	89
75.8999	76.1129	53
75.9919	76.1129	57
76.0889	76.1909	79
76.0909	76.4839	48
76.1419	76.2359	81
76.1909	76.2889	79
76.1929	76.3829	58
76.2359	76.3339	81
76.2889	76.3829	79
76.2919	76.4849	52
76.3339	76.4319	81
76.3829	76.4809	79
76.3829	76.4849	58
76.4319	76.4849	81
76.4809	76.5789	79
76.4839	76.8659	48
76.5269	76.6239	81
76.5789	76.6729	79
76.5789	76.7679	58
76.6239	76.7189	81
76.6729	76.7639	79
76.6739	76.8719	52
76.7189	76.8099	81
76.7639	76.8649	79
76.7679	76.8719	58
76.8099	76.8719	81
76.8649	76.9069	79
76.8659	77.2679	48
76.9079	77.0199	81
76.9579	77.0829	79
76.9579	77.1499	58
77.0199	77.2679	81
77.0479	77.2679	52
77.0829	77.1939	79
77.1499	77.2408	77
77.1499	77.2679	58
77.1939	77.2679	79
77.2408	77.6738	77
77.2428	77.4808	53
77.4708	77.6808	57
77.6738	77.8728	60
77.8658	78.0688	65
78.0558	78.2658	64
78.2548	78.4648	63
78.4508	78.8458	82
78.4548	78.8458	62
78.6508	78.8458	65
78.8428	79.2348	84
78.8438	79.2348	60
79.0328	79.2348	65
79.2258	79.6178	86
79.2278	79.6178	58
79.4178	79.6178	65
79.6168	80.2008	84
79.6178	80.2008	57
79.8058	80.1978	65
80.0018	80.2008	64
80.1948	80.3968	86
80.1978	80.3968	65
80.2888	80.3968	84
80.3868	80.7848	82
80.3868	80.7848	58
80.4858	80.7828	81
80.5788	80.7848	79
80.5798	80.7848	67
80.6738	80.7848	77
80.7828	81.5588	81
80.7828	81.5498	60
80.9748	81.3588	69
81.1648	81.5588	65
81.3568	81.5588	82
81.3588	81.5588	69
81.5488	81.9458	79
81.5498	81.9458	60
81.7448	81.9458	70
81.9448	82.3288	77
81.9458	82.1368	69
82.1398	82.3318	65
82.3328	82.5218	64
82.5218	82.7098	63
82.7138	82.9028	62
82.9068	83.1098	61
83.1108	83.5018	70
83.1108	83.5018	62
83.3018	83.5018	82
83.3028	83.5018	65
83.4918	83.8868	72
83.4948	83.8868	60
83.6838	83.8868	84
83.6868	83.8868	64
83.8758	84.2688	74
83.8768	84.2688	59
84.0688	84.2688	86
84.0698	84.2688	68
84.2648	84.8487	84
84.2688	84.8487	57
84.4568	84.8467	86
84.4568	84.8467	69
84.5557	84.7438	88
84.6538	84.8487	89
84.6547	84.8487	65
84.7438	84.8487	88
84.8467	85.0447	86
84.8467	85.0447	69
84.9438	85.0447	84
85.0377	85.4367	82
85.0387	85.4337	60
85.1357	85.4307	81
85.2277	85.4367	79
85.2297	85.4367	69
85.3277	85.4367	77
85.4307	86.2067	81
85.4337	86.1997	60
85.6217	86.0077	69
85.8117	86.2067	65
86.0047	86.2067	82
86.0077	86.2067	69
86.1967	86.5957	79
86.1997	86.5957	60
86.3957	86.5957	70
86.5947	86.9877	77
86.6897	86.9877	53
86.7877	86.9877	57
86.8867	86.9877	60
86.9817	87.3727	65
87.0787	87.2717	84
87.1737	87.3727	86
87.2717	87.3727	84
87.3627	87.5577	82
87.3657	87.7827	60
87.3657	87.7827	64
87.4637	87.7827	81
87.5577	87.7827	82
87.6697	87.7827	79
87.7827	88.1767	77
87.8797	88.1767	41
87.9777	88.1767	45
88.0757	88.1767	48
88.1707	88.5617	53
88.2687	88.4617	72
88.3637	88.5617	74
88.4617	88.5617	72
88.5527	88.7477	70
88.5547	88.9757	48
88.5547	88.9757	52
88.6547	88.9757	69
88.7477	88.9757	70
88.8607	88.9757	67
88.9717	89.6897	65
88.9757	89.6897	53
89.4207	89.8637	69
89.4217	89.8647	72
89.4237	89.8677	77
89.4237	89.8687	41
90.3127	91.0787	70
90.3127	91.0787	58
91.0657	91.4877	65
91.0657	91.4877	53
91.4737	92.2407	62
91.4777	92.2407	50
92.2177	92.6337	65
92.2187	92.6337	53
92.6237	93.3887	70
92.6257	93.3887	58
93.3717	93.7717	74
93.3757	93.7717	62
93.7677	94.5547	77
93.7707	94.5547	65
94.5127	94.8837	82
94.6947	94.8837	74
94.8797	95.0727	77
94.8807	97.0606	63
94.8837	97.0606	53
94.8837	97.0636	60
95.0587	95.2516	75
95.2407	95.4327	74
95.4186	95.6116	72
95.6036	95.7896	70
95.7867	95.9717	69
95.9727	96.1577	67
96.1507	96.3427	65
96.3317	96.5256	64
96.5106	96.7036	65
96.6926	96.8816	67
96.8776	97.0676	69
97.0676	97.1096	70
97.0686	97.4276	58
97.0706	97.4286	62
97.2006	97.2416	72
97.2456	97.3366	70
97.3376	97.4316	69
97.4316	97.4766	70
97.6096	97.6556	72
97.7916	97.8416	74
97.9736	98.0266	75
98.1666	98.3626	76
98.3516	98.5436	77
98.5306	98.7266	79
98.7156	98.8976	77
98.8986	99.2806	82
99.0836	99.2806	74
99.2766	99.4656	77
99.2766	101.491	53
99.2796	101.492	60
99.2796	101.492	63
99.4586	99.6506	75
99.6466	99.8356	74
99.8256	100.025	72
100.011	100.203	70
100.194	100.382	69
100.386	100.575	67
100.571	100.761	65
100.757	100.946	64
100.935	101.124	65
101.12	101.31	67
101.306	101.495	69
101.496	101.586	70
101.498	101.587	58
101.499	101.587	62
101.863	101.957	70
101.864	101.957	62
101.866	101.961	58
102.248	102.353	74
102.249	102.353	58
102.249	102.354	65
102.675	103.052	70
102.675	103.053	58
102.679	103.057	62
103.333	103.379	70
103.424	103.529	72
103.518	103.616	70
103.613	103.711	69
103.697	103.812	70
103.801	104.166	79
104.17	104.544	58
104.17	104.547	51
104.173	104.548	55
104.452	104.498	70
104.551	104.642	72
104.639	104.736	70
104.726	104.831	69
104.82	104.932	70
104.922	105.283	77
105.286	105.661	50
105.286	105.661	53
105.287	105.661	58
105.566	105.615	70
105.664	105.765	72
105.755	105.856	70
105.846	105.951	69
105.937	106.055	70
106.041	106.409	72
106.046	107.176	57
106.046	107.547	65
106.41	106.787	77
106.788	107.176	75
107.177	107.547	73
107.179	107.551	58
107.551	107.75	74
107.848	107.897	70
107.943	108.044	72
108.037	108.135	70
108.128	108.226	69
108.212	108.33	70
108.32	108.684	79
108.688	109.062	51
108.689	109.063	55
108.689	109.063	58
108.967	109.017	70
109.066	109.161	72
109.157	109.254	70
109.241	109.346	69
109.335	109.451	70
109.44	109.801	77
109.801	110.176	50
109.802	110.176	53
109.802	110.179	58
110.084	110.13	70
110.179	110.28	72
110.269	110.375	70
110.361	110.466	69
110.456	110.57	70
110.563	111.705	72
110.568	111.705	53
110.568	111.705	57
110.929	111.705	75
110.929	111.705	60
111.307	111.705	69
111.307	111.705	63
111.701	112.062	70
111.701	112.066	62
111.702	112.066	58
112.797	112.986	74
112.797	112.986	70
112.798	112.986	79
112.798	112.986	55
113.178	113.364	67
113.179	113.364	43
113.934	114.078	69
113.935	114.078	66
113.935	114.078	74
113.935	114.078	50
114.319	114.547	62
114.323	114.547	38
115.076	115.831	63
115.079	116.209	51
115.079	115.447	55
115.261	115.636	58
115.447	115.822	55
115.636	115.831	58
115.822	115.912	65
115.822	116.209	55
115.912	116.105	63
116.008	116.209	62
116.01	116.209	58
116.105	116.209	63
116.206	116.584	72
116.207	117.347	50
116.207	116.577	56
116.392	116.577	70
116.393	116.584	58
116.577	116.948	70
116.577	116.949	56
116.76	117.138	58
116.948	117.338	70
116.949	117.347	56
117.138	117.347	58
117.338	117.711	70
117.34	118.468	51
117.34	117.711	55
117.522	117.711	75
117.525	117.711	58
117.708	118.089	74
117.711	118.082	55
117.894	118.089	73
117.896	118.089	58
118.079	118.468	72
118.082	118.468	55
118.258	118.468	71
118.261	118.468	58
118.464	119.581	70
118.464	119.581	50
118.467	118.834	56
118.649	119.02	58
118.834	119.206	56
119.02	119.391	58
119.206	119.581	56
119.391	119.581	58
119.578	120.332	63
119.58	120.714	51
119.58	119.948	55
119.763	120.133	58
119.948	120.323	55
120.133	120.332	58
120.323	120.409	65
120.323	120.714	55
120.414	120.606	63
120.508	120.714	62
120.508	120.714	58
120.606	120.714	63
120.704	121.085	72
120.708	121.845	50
120.708	121.076	53
120.889	121.075	71
120.893	121.085	56
121.075	121.445	71
121.076	121.449	53
121.26	121.642	56
121.445	121.845	71
121.449	121.845	53
121.642	121.845	56
121.838	122.216	72
121.838	122.965	51
121.839	122.209	55
122.02	122.216	79
122.023	122.216	60
122.205	122.59	75
122.209	122.581	55
122.394	122.59	74
122.395	122.59	60
122.58	122.966	72
122.581	122.966	55
122.765	122.966	70
122.766	122.966	60
122.964	124.085	69
122.965	124.085	51
122.965	123.147	53
123.147	123.518	60
123.333	123.703	53
123.518	123.889	60
123.703	124.079	53
123.889	124.085	60
124.078	124.456	70
124.078	125.206	50
124.079	124.449	53
124.264	124.456	86
124.264	124.456	60
124.449	124.83	82
124.449	124.821	53
124.634	124.83	81
124.635	124.83	60
124.82	125.206	79
124.821	125.206	53
124.999	125.206	77
125.001	125.206	60
125.204	126.325	76
125.205	126.325	48
125.205	125.387	55
125.387	125.758	58
125.576	125.943	55
125.758	126.129	58
125.943	126.325	55
126.129	126.325	58
126.318	126.69	77
126.319	127.449	50
126.319	126.69	53
126.504	126.696	81
126.505	126.696	57
126.69	127.07	77
126.69	127.063	53
126.875	127.07	76
126.876	127.07	57
127.06	127.449	74
127.063	127.449	53
127.246	127.449	72
127.248	127.449	57
127.444	128.561	71
127.445	128.561	55
127.448	127.627	62
127.627	128.001	65
127.816	128.183	62
128.001	128.369	65
128.183	128.561	62
128.369	128.561	65
128.557	128.939	60
128.558	128.94	64
128.656	128.754	72
128.754	128.848	71
128.849	128.94	72
128.943	129.037	74
129.037	129.131	72
129.132	129.222	71
129.223	129.321	72
129.321	129.699	70
129.415	129.601	72
129.51	129.699	76
129.601	129.699	72
129.695	130.07	69
129.786	129.972	72
129.882	130.07	77
129.972	130.07	72
130.067	130.437	64
130.153	130.339	72
130.246	130.437	82
130.339	130.437	72
130.431	130.822	65
130.521	130.718	72
130.619	130.822	81
130.718	130.822	72
130.816	131.197	79
130.816	131.197	60
130.914	131.197	76
131.004	131.197	74
131.095	131.197	72
131.193	131.284	71
131.284	131.375	72
131.379	131.469	74
131.473	131.564	72
131.564	131.949	70
131.662	131.849	72
131.757	131.949	76
131.849	131.949	72
131.946	132.328	69
132.04	132.233	72
132.139	132.328	77
132.233	132.328	72
132.324	132.705	64
132.418	132.607	72
132.51	132.705	82
132.607	132.705	72
132.702	133.081	65
132.793	132.986	72
132.887	133.081	81
132.986	133.081	72
133.08	133.265	79
133.08	133.921	60
133.171	134.221	84
133.265	133.545	79
133.357	133.637	76
133.452	133.731	72
133.545	134.221	79
133.637	134.221	76
133.731	133.92	72
133.829	134.015	67
133.92	134.221	72
133.921	134.217	60
134.015	134.221	67
134.016	134.221	55
134.113	134.221	64
134.116	134.221	52
134.217	134.424	60
134.218	134.424	48
134.616	135.057	67
134.617	135.058	64
134.619	135.058	72
134.62	135.061	36
135.505	136.271	53
136.254	136.663	48
136.667	137.423	45
137.409	137.815	48
137.816	138.56	53
138.001	138.046	84
138.179	138.228	84
138.365	138.414	84
138.553	138.599	84
138.554	138.946	57
138.75	138.796	84
138.946	139.145	86
138.949	139.317	60
139.132	139.331	84
139.32	139.512	82
139.505	139.702	81
139.691	139.887	79
139.88	140.073	77
140.073	140.118	77
140.073	140.842	58
140.119	140.17	79
140.171	140.265	77
140.266	140.457	76
140.458	140.825	76
140.829	141.245	55
141.246	142.001	52
141.984	142.39	55
142.39	143.145	58
142.575	142.621	82
142.76	142.806	82
142.946	142.985	82
143.124	143.177	82
143.129	143.52	64
143.321	143.377	82
143.52	143.719	84
143.521	143.898	67
143.705	143.905	82
143.898	144.09	81
144.083	144.273	79
144.269	144.465	77
144.455	144.665	76
144.665	145.407	77
144.665	145.039	69
144.851	145.219	72
145.039	145.405	69
145.218	145.407	81
145.219	145.407	72
145.404	145.778	79
145.405	145.778	69
145.586	145.778	77
145.586	145.778	72
145.775	146.523	76
145.778	146.146	70
145.96	146.331	72
146.146	146.514	70
146.331	146.523	86
146.331	146.523	72
146.513	146.888	84
146.514	146.888	70
146.699	146.888	76
146.701	146.888	72
146.885	147.629	77
146.885	147.255	69
147.07	147.444	72
147.255	147.623	69
147.44	147.629	81
147.444	147.629	72
147.623	148.001	79
147.623	148.001	69
147.808	148.001	77
147.808	148.001	72
147.997	148.739	76
148	148.365	70
148.179	148.551	72
148.365	148.732	70
148.55	148.739	86
148.551	148.739	72
148.729	149.11	84
148.732	149.11	70
148.917	149.11	76
148.918	149.11	72
149.107	149.849	77
149.11	149.475	69
149.285	149.664	72
149.475	149.845	69
149.664	149.849	84
149.664	149.849	72
149.845	150.22	81
149.845	150.22	69
150.024	150.22	79
150.027	150.22	72
150.216	150.961	78
150.219	151.329	62
150.22	150.583	69
150.401	150.769	72
150.583	150.955	69
150.766	150.961	87
150.769	150.961	72
150.955	151.329	86
150.955	151.329	69
151.134	151.329	78
151.137	151.329	72
151.325	151.701	81
151.326	151.701	67
151.329	151.701	70
151.508	151.701	79
151.697	152.071	84
151.7	152.439	72
151.701	152.071	64
151.875	152.071	83
152.062	152.439	82
152.064	152.439	65
152.242	152.439	81
152.435	152.819	79
152.436	152.819	58
152.439	152.819	70
152.712	152.819	81
152.813	153.251	77
152.814	153.597	60
152.816	153.597	69
153.195	153.32	76
153.195	153.597	67
153.251	153.38	77
153.32	153.433	76
153.38	153.573	77
153.433	153.524	76
153.478	153.597	74
153.524	153.597	76
153.573	153.663	77
153.573	153.975	65
153.663	153.85	72
153.758	153.975	71
153.85	153.975	72
153.943	154.035	74
154.035	154.139	72
154.126	154.318	71
154.129	154.318	57
154.221	154.318	72
154.314	154.497	70
154.315	154.497	55
154.406	154.497	72
154.494	154.714	69
154.496	154.714	53
154.587	154.714	72
154.687	154.776	67
154.689	155.091	52
154.78	154.962	72
154.872	155.091	71
154.962	155.091	72
155.057	155.147	74
155.148	155.252	72
155.243	155.434	71
155.245	155.434	62
155.337	155.434	72
155.431	155.607	82
155.431	155.61	60
155.516	155.61	72
155.607	155.826	82
155.609	155.826	52
155.708	155.826	72
155.799	155.893	81
155.802	156.204	53
155.894	156.079	72
155.984	156.204	71
156.079	156.204	72
156.173	156.26	74
156.264	156.368	72
156.358	156.547	71
156.359	156.547	57
156.45	156.547	72
156.545	156.73	70
156.545	156.73	55
156.628	156.73	72
156.723	156.943	69
156.726	156.943	53
156.821	156.943	72
156.915	157.006	67
156.919	157.321	52
157.006	157.192	72
157.1	157.321	71
157.192	157.321	72
157.286	157.376	74
157.38	157.482	72
157.472	157.661	71
157.472	157.661	62
157.566	157.661	72
157.658	157.839	82
157.661	157.84	60
157.744	157.84	72
157.839	158.059	82
157.84	158.059	52
157.934	158.059	72
158.028	158.119	81
158.032	158.434	53
158.122	158.308	72
158.214	158.434	71
158.308	158.434	72
158.402	158.493	74
158.493	158.595	72
158.585	158.777	71
158.588	158.777	60
158.679	158.777	72
158.773	158.963	75
158.774	158.963	57
158.865	158.963	72
158.955	159.176	70
158.956	159.176	55
159.051	159.176	72
159.144	159.235	69
159.145	159.547	54
159.236	159.429	74
159.334	159.547	73
159.429	159.547	74
159.523	159.614	76
159.614	159.722	74
159.712	159.901	73
159.715	159.901	63
159.806	159.901	74
159.895	160.079	84
159.895	160.082	62
159.985	160.082	74
160.079	160.272	84
160.082	160.272	54
160.177	160.272	74
160.269	160.647	83
160.272	160.647	55
160.363	160.548	62
160.454	160.647	59
160.548	160.647	62
160.643	161.02	82
160.643	161.02	52
160.734	160.912	61
160.828	161.02	55
160.912	161.02	61
161.007	161.423	81
161.01	161.423	53
161.104	161.291	60
161.199	161.423	57
161.291	161.423	60
161.384	161.664	79
161.388	161.767	46
161.389	161.767	58
161.476	161.767	86
161.57	161.767	82
161.664	161.767	79
161.763	162.04	77
161.766	162.144	48
161.766	162.144	57
161.854	162.144	84
161.949	162.144	81
162.04	162.144	77
162.137	162.417	76
162.137	162.522	46
162.138	162.522	55
162.225	162.522	82
162.32	162.522	79
162.417	162.522	76
162.519	162.896	77
162.52	162.896	45
162.522	162.896	53
162.61	162.89	81
162.708	162.896	84
162.795	162.896	82
162.89	163.274	81
162.981	163.274	79
163.072	163.274	77
163.166	163.274	76
163.265	163.67	74
163.265	163.67	60
163.268	163.67	57
163.358	163.67	72
163.45	163.67	70
163.544	163.67	69
163.645	164.023	67
163.646	164.023	58
163.646	164.023	62
163.733	164.016	70
163.828	164.023	74
163.922	164.023	72
164.016	164.389	70
164.108	164.389	69
164.199	164.389	67
164.294	164.389	65
164.384	164.763	64
164.385	164.763	50
164.388	164.763	53
164.388	164.763	55
164.479	164.763	62
164.57	164.762	60
164.664	164.763	59
164.762	165.899	60
164.762	165.137	48
164.856	165.043	57
164.948	165.899	72
164.951	165.322	53
165.043	165.228	57
165.133	165.899	77
165.137	165.508	48
165.228	165.414	57
165.318	165.899	81
165.322	165.693	53
165.414	165.599	57
165.508	165.899	84
165.508	165.883	48
165.599	165.784	57
165.69	165.899	89
165.693	165.899	53
165.784	165.899	57
165.883	165.984	79
165.883	166.275	48
165.932	166.029	81
165.984	166.075	79
165.985	166.176	58
166.029	166.127	81
166.075	166.173	79
166.077	166.275	52
166.127	166.222	81
166.173	166.274	79
166.176	166.275	58
166.222	166.275	81
166.274	166.366	79
166.275	166.652	48
166.32	166.411	81
166.366	166.466	79
166.369	166.561	58
166.411	166.512	81
166.466	166.558	79
166.467	166.666	52
166.512	166.604	81
166.558	166.65	79
166.561	166.666	58
166.604	166.666	81
166.65	166.701	79
166.652	167.055	48
166.701	166.807	81
166.75	166.87	79
166.75	166.936	58
166.807	167.055	81
166.842	167.055	52
166.87	166.986	79
166.935	167.034	77
166.936	167.055	58
166.986	167.055	79
167.034	167.46	77
167.035	167.268	53
167.257	167.471	57
167.461	167.664	60
167.657	167.863	65
167.856	168.059	64
168.048	168.255	63
168.248	168.647	82
168.252	168.647	62
168.444	168.647	65
168.637	169.029	84
168.637	169.029	60
168.826	169.029	65
169.018	169.411	86
169.022	169.411	58
169.215	169.411	65
169.407	169.991	84
169.408	169.991	57
169.606	169.991	65
169.796	169.991	64
169.988	170.19	86
169.991	170.19	65
170.086	170.19	84
170.18	170.576	82
170.181	170.576	58
170.278	170.573	81
170.377	170.576	79
170.379	170.576	67
170.475	170.576	77
170.573	171.35	81
170.576	171.35	60
170.765	171.15	69
170.957	171.35	65
171.15	171.35	82
171.15	171.35	69
171.349	171.737	79
171.35	171.737	60
171.538	171.737	70
171.735	172.126	77
171.737	171.93	69
171.93	172.129	65
172.13	172.318	64
172.323	172.511	63
172.511	172.703	62
172.704	172.9	61
172.9	173.294	70
172.902	173.294	62
173.093	173.294	82
173.095	173.294	65
173.285	173.676	72
173.287	173.676	60
173.484	173.676	84
173.484	173.676	64
173.673	174.06	74
173.675	174.06	59
173.866	174.06	86
173.869	174.06	68
174.057	174.639	84
174.058	174.639	57
174.255	174.635	86
174.257	174.639	69
174.345	174.545	88
174.448	174.639	89
174.448	174.639	65
174.545	174.639	88
174.635	174.839	86
174.639	174.839	69
174.736	174.839	84
174.828	175.227	82
174.831	175.226	60
174.927	175.223	81
175.027	175.227	79
175.027	175.227	69
175.125	175.227	77
175.223	175.997	81
175.226	175.996	60
175.412	175.8	69
175.605	175.997	65
175.798	175.997	82
175.8	175.997	69
175.993	176.386	79
175.996	176.386	60
176.186	176.386	70
176.386	176.784	77
176.479	176.784	53
176.581	176.784	57
176.679	176.784	60
176.778	177.165	65
176.871	177.064	84
176.97	177.165	86
177.064	177.165	84
177.155	177.348	82
177.155	177.575	60
177.159	177.575	64
177.253	177.575	81
177.348	177.575	82
177.456	177.575	79
177.574	177.967	77
177.669	177.967	41
177.771	177.967	45
177.862	177.967	48
177.964	178.355	53
178.054	178.247	72
178.155	178.355	74
178.247	178.355	72
178.345	178.538	70
178.346	178.761	48
178.348	178.761	52
178.436	178.761	69
178.538	178.761	70
178.646	178.761	67
178.758	179.475	65
178.759	179.475	53
179.206	179.657	69
179.207	179.657	72
179.209	179.658	77
179.209	179.661	41
180.094	180.878	66
180.099	180.878	51
180.589	181.071	68
180.589	181.074	72
180.592	181.075	78
180.592	181.075	39
181.554	182.31	61
181.555	182.693	49
181.555	181.929	53
181.74	182.118	56
181.929	182.301	53
182.118	182.31	56
182.301	182.397	63
182.301	182.693	53
182.398	182.59	61
182.486	182.693	60
182.487	182.693	56
182.59	182.693	61
182.692	183.062	70
182.692	183.826	48
182.692	183.056	54
182.868	183.053	68
182.87	183.062	56
183.053	183.427	68
183.056	183.428	54
183.238	183.623	56
183.427	183.815	68
183.428	183.826	54
183.623	183.826	56
183.815	184.197	68
183.819	184.946	49
183.819	184.19	53
184.005	184.197	73
184.008	184.197	56
184.186	184.568	72
184.19	184.558	53
184.372	184.568	71
184.375	184.568	56
184.558	184.946	70
184.558	184.946	53
184.742	184.946	69
184.746	184.946	56
184.943	186.066	68
184.945	186.066	48
184.946	185.314	54
185.125	185.499	56
185.314	185.685	54
185.499	185.871	56
185.685	186.066	54
185.871	186.066	56
186.055	186.808	61
186.058	187.193	49
186.058	186.426	53
186.241	186.612	56
186.426	186.808	53
186.612	186.808	56
186.804	186.892	63
186.808	187.193	53
186.892	187.082	61
186.99	187.193	60
186.993	187.193	56
187.082	187.193	61
187.183	187.563	70
187.186	188.323	48
187.186	187.555	51
187.369	187.554	69
187.369	187.563	54
187.554	187.925	69
187.555	187.927	51
187.736	188.12	54
187.925	188.323	69
187.927	188.323	51
188.12	188.323	54
188.313	188.694	70
188.317	189.443	49
188.317	188.688	53
188.499	188.694	77
188.502	188.694	58
188.687	189.065	73
188.688	189.058	53
188.873	189.065	72
188.873	189.065	58
189.056	189.443	70
189.058	189.443	53
189.241	189.443	68
189.244	189.443	58
189.441	190.563	67
189.443	190.563	52
189.443	189.625	58
189.626	189.996	61
189.812	190.181	58
189.996	190.367	61
190.181	190.563	58
190.367	190.563	61
190.553	190.934	68
190.556	191.687	53
190.557	190.928	56
190.746	190.934	80
190.749	190.934	60
190.927	191.305	77
190.928	191.299	56
191.113	191.305	75
191.113	191.305	60
191.299	191.687	74
191.299	191.687	56
191.484	191.687	72
191.485	191.684	62
191.683	192.806	71
191.683	192.806	55
191.684	191.865	62
191.866	192.237	65
192.052	192.422	62
192.237	192.607	65
192.422	192.806	62
192.607	192.806	65
192.797	193.168	72
192.797	193.927	56
192.798	193.168	60
192.982	193.168	87
192.982	193.168	63
193.164	193.549	84
193.168	193.539	60
193.353	193.549	82
193.353	193.549	63
193.538	193.927	80
193.539	193.924	60
193.717	193.927	79
193.721	193.927	63
193.923	195.046	78
193.923	195.046	57
193.924	194.098	60
194.102	194.477	62
194.294	194.662	60
194.477	194.847	62
194.662	195.046	60
194.847	195.04	62
195.037	195.408	79
195.037	196.168	58
195.04	195.409	62
195.229	195.417	82
195.23	195.417	67
195.408	195.789	79
195.409	195.782	62
195.594	195.789	77
195.594	195.789	67
195.779	196.168	75
195.782	196.168	62
195.961	196.168	74
195.961	196.167	67
196.163	197.28	73
196.164	197.28	63
196.167	196.345	67
196.346	196.72	69
196.534	196.905	67
196.72	197.091	69
196.905	197.28	67
197.091	197.28	69
197.277	197.657	62
197.277	197.658	66
197.374	197.472	74
197.473	197.564	73
197.564	197.658	74
197.662	197.756	76
197.757	197.85	74
197.85	197.949	73
197.949	198.042	74
198.043	198.417	72
198.134	198.32	74
198.229	198.417	78
198.32	198.417	74
198.414	198.788	70
198.505	198.694	74
198.6	198.788	79
198.694	198.788	74
198.785	199.163	66
198.88	199.066	74
198.971	199.163	84
199.066	199.163	74
199.156	199.541	67
199.246	199.439	74
199.345	199.541	82
199.439	199.541	74
199.538	199.922	81
199.541	199.922	62
199.632	199.922	78
199.726	199.922	76
199.817	199.922	74
199.918	200.01	73
200.011	200.101	74
200.104	200.196	76
200.196	200.286	74
200.289	200.678	72
200.381	200.574	74
200.483	200.678	78
200.574	200.678	74
200.672	201.053	70
200.762	200.955	74
200.861	201.053	79
200.955	201.053	74
201.049	201.431	66
201.141	201.334	74
201.242	201.431	84
201.334	201.431	74
201.427	201.806	67
201.518	201.704	74
201.614	201.806	82
201.704	201.806	74
201.802	201.992	81
201.806	202.643	62
201.897	202.94	86
201.992	202.268	81
202.082	202.362	78
202.177	202.453	74
202.268	202.94	81
202.362	202.94	78
202.453	202.642	74
202.549	202.74	69
202.642	202.94	74
202.643	202.937	62
202.74	202.94	69
202.741	202.94	57
202.839	202.94	66
202.839	202.94	54
202.937	203.149	62
202.939	203.149	50
203.338	203.783	69
203.342	203.783	66
203.343	203.784	74
203.345	203.787	38
204.231	204.994	55
204.976	205.39	50
205.39	206.145	47
206.134	206.541	50
206.542	207.287	55
206.727	206.771	86
206.905	206.95	86
207.091	207.136	86
207.272	207.325	86
207.272	207.672	59
207.472	207.521	86
207.672	207.871	87
207.673	208.042	62
207.857	208.049	86
208.043	208.242	84
208.228	208.424	83
208.413	208.613	80
208.606	208.798	79
208.799	208.844	79
208.799	209.569	55
208.845	208.897	80
208.9	208.99	79
208.991	209.18	77
209.183	209.555	77
209.555	209.964	50
209.964	210.727	47
210.706	211.112	50
211.115	211.868	55
211.3	211.346	77
211.487	211.532	77
211.665	211.71	77
211.851	211.902	77
211.854	212.246	59
212.05	212.102	77
212.246	212.442	79
212.246	212.616	62
212.431	212.631	77
212.617	212.817	75
212.81	213.002	74
212.995	213.19	72
213.181	213.39	71
213.39	214.154	72
214.14	214.548	67
214.549	215.312	63
215.294	215.701	67
215.701	216.45	72
215.886	215.931	55
216.065	216.114	55
216.25	216.295	55
216.436	216.831	75
216.439	216.484	55
216.635	216.681	55
216.832	217.202	79
216.834	217.024	56
217.017	217.216	55
217.205	217.402	53
217.388	217.587	51
217.58	217.775	50
217.765	217.958	48
217.958	218.732	76
217.961	218.154	48
218.157	218.34	46
218.343	218.714	46
218.714	219.13	72
219.131	219.886	67
219.865	220.275	72
220.275	221.027	76
220.46	220.506	58
220.646	220.692	58
220.831	220.87	58
221.01	221.405	79
221.014	221.063	58
221.21	221.262	58
221.406	221.783	82
221.409	221.602	60
221.595	221.79	58
221.784	221.976	56
221.969	222.161	55
222.147	222.347	53
222.336	222.543	52
222.543	223.299	53
222.728	222.774	80
222.914	222.963	80
223.096	223.141	80
223.281	223.33	80
223.478	223.527	80
223.677	223.873	82
223.678	224.801	58
223.678	224.048	62
223.681	224.048	65
223.863	224.058	80
224.049	224.243	79
224.051	224.419	63
224.052	224.42	67
224.234	224.429	77
224.42	224.618	75
224.422	224.801	65
224.423	224.804	69
224.611	224.804	74
224.808	225.172	63
224.809	225.175	67
224.986	225.035	79
225.175	225.214	79
225.353	225.399	79
225.539	225.584	79
225.738	225.784	79
225.934	226.131	80
225.935	227.062	56
225.938	226.305	60
225.939	226.309	63
226.12	226.316	79
226.309	226.502	77
226.31	226.676	62
226.312	226.676	65
226.491	226.69	75
226.677	226.876	74
226.68	227.062	63
226.681	227.063	67
226.862	227.063	72
227.065	227.426	62
227.065	227.426	65
227.247	227.292	77
227.429	227.474	77
227.614	227.66	77
227.79	227.845	77
227.996	228.042	77
228.192	228.381	79
228.193	229.312	55
228.196	228.566	59
228.196	228.567	62
228.378	228.571	77
228.567	228.756	75
228.567	228.934	60
228.57	228.934	63
228.749	228.941	74
228.937	229.134	72
228.938	229.312	62
228.941	229.316	65
229.119	229.316	71
229.319	229.511	77
229.319	229.69	60
229.32	229.69	63
229.497	229.694	75
229.694	229.882	74
229.875	230.065	72
230.061	230.253	70
230.061	230.439	53
230.065	230.44	63
230.246	230.44	69
230.442	230.635	84
230.443	230.81	55
230.443	230.811	62
230.625	230.824	82
230.813	231.006	81
230.996	231.195	79
231.181	231.377	77
231.185	231.566	63
231.185	231.566	67
231.374	231.567	76
231.57	231.944	77
231.755	231.804	65
231.944	231.99	65
232.122	232.168	65
232.308	232.704	69
232.308	232.704	75
232.312	232.354	65
232.507	232.557	65
232.704	233.074	70
232.708	233.075	73
232.708	232.9	66
232.889	233.085	65
233.075	233.271	63
233.26	233.459	61
233.445	233.841	73
233.449	233.841	82
233.45	233.642	60
233.631	233.842	58
233.845	234.212	72
233.846	234.212	81
234.033	234.079	53
234.216	234.258	53
234.397	234.443	53
234.583	234.978	63
234.583	234.979	69
234.587	234.632	53
234.779	234.828	53
234.979	235.349	61
234.983	235.35	70
234.983	235.175	54
235.164	235.363	53
235.354	235.546	51
235.535	235.731	49
235.724	236.116	58
235.725	236.116	61
235.725	235.92	48
235.906	236.117	46
236.12	236.319	57
236.121	236.32	60
236.121	236.505	41
236.32	236.368	65
236.505	236.55	65
236.69	236.732	65
236.872	236.921	65
237.068	237.121	65
237.265	237.45	64
237.265	240.047	53
237.268	240.047	63
237.268	240.048	57
237.453	237.649	65
237.65	237.835	67
237.835	238.034	65
238.035	238.224	70
238.224	238.416	69
238.416	238.608	74
238.609	238.808	72
238.808	239	75
239.001	239.217	74
239.218	239.413	79
239.417	239.623	77
239.624	240.26	77
240.261	240.481	76
240.481	240.701	75
240.705	240.921	72
240.922	241.688	70
240.925	241.688	58
241.675	242.094	65
241.675	242.094	53
242.086	242.85	62
242.087	242.85	50
242.83	243.246	65
242.83	243.246	53
243.235	244.002	70
243.236	244.002	58
243.978	244.377	74
243.981	244.377	62
244.373	245.167	77
244.374	245.167	65
245.122	245.497	82
245.307	245.497	74
245.493	245.682	77
245.494	247.68	63
245.496	247.681	53
245.497	247.681	60
245.675	245.864	75
245.85	246.043	74
246.035	246.221	72
246.217	246.409	70
246.395	246.581	69
246.581	246.773	67
246.763	246.956	65
246.949	247.141	64
247.127	247.32	65
247.309	247.502	67
247.495	247.683	69
247.684	247.725	70
247.684	248.047	58
247.687	248.048	62
247.817	247.859	72
247.862	247.954	70
247.954	248.048	69
248.049	248.086	70
248.226	248.272	72
248.404	248.454	74
248.594	248.64	75
248.783	248.976	76
248.962	249.161	77
249.147	249.339	79
249.328	249.514	77
249.514	249.893	82
249.696	249.893	74
249.889	250.081	77
249.889	252.104	53
249.889	252.104	60
249.89	252.105	63
250.071	250.266	75
250.257	250.456	74
250.442	250.634	72
250.623	250.82	70
250.809	250.994	69
250.995	251.191	67
251.181	251.38	65
251.366	251.555	64
251.551	251.744	65
251.737	251.929	67
251.915	252.105	69
252.108	252.195	70
252.109	252.199	58
252.111	252.199	62
252.476	252.573	70
252.476	252.574	62
252.477	252.576	58
252.863	252.969	74
252.864	252.97	58
252.867	252.97	65
253.287	253.665	70
253.288	253.666	58
253.291	253.666	62
253.949	253.994	70
254.043	254.142	72
254.135	254.232	70
254.221	254.32	69
254.313	254.425	70
254.422	254.786	79
254.786	255.163	58
254.789	255.164	51
254.789	255.164	55
255.066	255.11	70
255.166	255.261	72
255.251	255.349	70
255.342	255.444	69
255.437	255.545	70
255.541	255.898	77
255.903	256.269	50
255.903	256.269	53
255.904	256.273	58
256.178	256.224	70
256.273	256.375	72
256.371	256.468	70
256.465	256.567	69
256.556	256.672	70
256.661	257.026	72
256.661	257.784	57
256.662	258.163	65
257.026	257.396	77
257.4	257.789	75
257.789	258.166	73
257.789	258.167	58
258.167	258.362	74
258.467	258.513	70
258.558	258.657	72
258.653	258.751	70
258.736	258.842	69
258.831	258.947	70
258.937	259.301	79
259.304	259.679	51
259.305	259.682	55
259.305	259.682	58
259.588	259.626	70
259.682	259.776	72
259.766	259.871	70
259.857	259.959	69
259.951	260.063	70
260.056	260.417	77
260.418	260.791	50
260.418	260.791	53
260.42	260.795	58
260.696	260.742	70
260.795	260.893	72
260.886	260.988	70
260.98	261.085	69
261.071	261.187	70
261.176	262.315	72
261.176	262.315	53
261.177	262.315	57
261.544	262.315	75
261.548	262.315	60
261.922	262.315	69
261.925	262.315	63
262.312	262.674	70
262.314	262.675	62
262.314	262.675	58
263.406	263.598	74
263.407	263.598	70
263.409	263.598	79
263.41	263.598	55
263.787	263.98	67
263.787	263.98	43
264.544	264.694	69
264.544	264.694	66
264.547	264.694	74
264.547	264.694	50
264.932	265.163	62
264.933	265.163	38
265.684	266.448	63
265.688	266.826	51
265.689	266.066	55
265.874	266.252	58
266.066	266.441	55
266.252	266.448	58
266.438	266.527	65
266.441	266.826	55
266.532	266.721	63
266.623	266.826	62
266.626	266.826	58
266.721	266.826	63
266.823	267.196	72
266.823	267.957	50
266.826	267.195	56
267.007	267.194	70
267.008	267.196	58
267.194	267.565	70
267.195	267.565	56
267.375	267.753	58
267.565	267.953	70
267.565	267.957	56
267.753	267.957	58
267.953	268.328	70
267.956	269.073	51
267.957	268.327	55
268.138	268.328	75
268.142	268.328	58
268.327	268.691	74
268.327	268.691	55
268.506	268.691	73
268.507	268.691	58
268.689	269.073	72
268.691	269.073	55
268.87	269.073	71
268.873	269.073	58
269.069	270.192	70
269.069	270.192	50
269.073	269.445	56
269.258	269.63	58
269.445	269.815	56
269.63	270	58
269.815	270.192	56
270	270.192	58
270.186	270.938	63
270.19	271.323	51
270.19	270.56	55
270.371	270.746	58
270.56	270.931	55
270.746	270.938	58
270.931	271.022	65
270.931	271.323	55
271.022	271.215	63
271.117	271.323	62
271.118	271.323	58
271.215	271.323	63
271.316	271.694	72
271.316	272.457	50
271.317	271.687	53
271.499	271.685	71
271.501	271.694	56
271.685	272.059	71
271.687	272.059	53
271.87	272.254	56
272.059	272.457	71
272.059	272.457	53
272.254	272.457	56
272.447	272.828	72
272.45	273.577	51
272.451	272.821	55
272.632	272.828	79
272.633	272.828	60
272.818	273.199	75
272.821	273.19	55
273.004	273.199	74
273.007	273.199	60
273.19	273.577	72
273.19	273.577	55
273.371	273.577	70
273.371	273.575	60
273.574	274.691	69
273.574	274.691	54
273.575	273.755	60
273.756	274.13	63
273.945	274.312	60
274.13	274.501	63
274.312	274.691	60
274.501	274.691	63
274.687	275.068	70
274.688	275.81	55
274.69	275.061	58
274.872	275.068	86
274.876	275.068	62
275.058	275.432	82
275.061	275.425	58
275.244	275.432	81
275.247	275.432	62
275.422	275.81	79
275.425	275.81	58
275.61	275.81	77
275.611	275.81	62
275.808	276.924	76
275.81	276.924	60
275.81	275.992	67
275.993	276.364	70
276.181	276.549	67
276.364	276.734	70
276.549	276.924	67
276.734	276.924	70
276.92	277.304	65
276.924	277.305	69
277.021	277.112	77
277.112	277.21	76
277.21	277.305	77
277.306	277.403	79
277.404	277.494	77
277.494	277.588	76
277.589	277.686	77
277.687	278.064	75
277.774	277.967	77
277.872	278.064	81
277.967	278.064	77
278.057	278.435	74
278.148	278.338	77
278.247	278.435	82
278.338	278.435	77
278.432	278.806	69
278.523	278.709	77
278.618	278.806	87
278.709	278.806	77
278.799	279.187	70
278.887	279.079	77
278.988	279.187	86
279.079	279.187	77
279.185	279.565	84
279.185	279.565	65
279.279	279.565	81
279.37	279.565	79
279.461	279.565	77
279.558	279.649	76
279.65	279.741	77
279.741	279.831	79
279.836	279.926	77
279.929	280.315	75
280.024	280.217	77
280.122	280.315	81
280.217	280.315	77
280.311	280.7	74
280.402	280.595	77
280.504	280.7	82
280.595	280.7	77
280.689	281.071	69
280.783	280.973	77
280.882	281.071	87
280.973	281.071	77
281.067	281.446	70
281.158	281.351	77
281.252	281.446	86
281.351	281.446	77
281.442	281.628	84
281.443	282.286	65
281.544	282.584	89
281.628	281.908	84
281.729	282.002	81
281.816	282.1	77
281.908	282.584	84
282.002	282.584	81
282.1	282.285	77
282.191	282.38	72
282.285	282.584	77
282.286	282.58	65
282.38	282.584	72
282.38	282.584	60
282.478	282.584	69
282.478	282.584	57
282.58	282.785	65
282.583	282.785	53
282.982	283.422	72
282.982	283.423	69
282.983	283.423	77
282.983	283.426	41
283.871	284.634	58
284.616	285.03	53
285.03	285.788	50
285.774	286.181	53
286.182	286.933	58
286.362	286.411	77
286.552	286.597	77
286.73	286.775	77
286.916	286.965	77
286.919	287.311	62
287.112	287.164	77
287.312	287.511	79
287.312	287.682	65
287.497	287.692	77
287.683	287.878	75
287.875	288.063	74
288.06	288.256	72
288.245	288.438	70
288.438	288.491	70
288.439	289.216	51
288.491	288.536	72
288.536	288.634	70
288.635	288.82	69
288.823	289.191	69
289.191	289.61	48
289.611	290.363	45
290.353	290.759	48
290.759	291.508	51
290.944	290.986	75
291.126	291.172	75
291.311	291.357	75
291.498	291.542	75
291.498	291.885	57
291.686	291.739	75
291.886	292.082	77
291.886	292.26	60
292.078	292.267	75
292.261	292.46	74
292.449	292.645	72
292.631	292.83	70
292.82	293.03	69
293.03	293.773	70
293.031	293.402	62
293.216	293.59	65
293.402	293.77	62
293.587	293.773	74
293.59	293.773	65
293.769	294.147	72
293.77	294.147	62
293.954	294.147	70
293.955	294.147	65
294.144	294.885	69
294.147	294.511	63
294.329	294.697	65
294.511	294.884	63
294.696	294.885	79
294.697	294.885	65
294.883	295.257	77
294.884	295.257	63
295.064	295.257	69
295.064	295.257	65
295.256	295.995	70
295.257	295.625	62
295.439	295.806	65
295.625	295.992	62
295.803	295.995	74
295.806	295.995	65
295.991	296.366	72
295.992	296.366	62
296.17	296.366	70
296.173	296.366	65
296.364	297.104	69
296.366	296.734	63
296.549	296.915	65
296.734	297.102	63
296.915	297.104	78
296.915	297.104	65
297.101	297.475	77
297.102	297.475	63
297.28	297.475	69
297.283	297.475	65
297.473	298.217	70
297.474	297.844	61
297.658	298.03	65
297.844	298.21	61
298.029	298.217	77
298.03	298.217	65
298.208	298.589	73
298.21	298.589	61
298.396	298.589	72
298.396	298.589	65
298.586	299.326	71
298.588	299.699	55
298.589	298.953	62
298.766	299.138	65
298.953	299.32	62
299.135	299.326	80
299.138	299.326	65
299.32	299.699	79
299.32	299.699	62
299.505	299.699	71
299.506	299.699	65
299.697	300.072	74
299.698	300.072	60
299.698	300.072	63
299.88	300.072	72
300.062	300.436	77
300.062	300.808	65
300.062	300.436	57
300.248	300.436	76
300.434	300.808	75
300.434	300.808	58
300.612	300.808	74
300.804	301.186	72
300.807	301.186	51
300.808	301.186	63
301.077	301.186	74
301.182	301.623	70
301.185	301.969	53
301.185	301.969	62
301.56	301.687	69
301.56	301.969	60
301.623	301.75	70
301.687	301.795	69
301.75	301.944	70
301.795	301.893	69
301.843	301.969	67
301.893	301.969	69
301.944	302.032	70
301.945	302.34	58
302.033	302.222	65
302.127	302.34	64
302.222	302.34	65
302.313	302.403	67
302.404	302.509	65
302.498	302.69	64
302.499	302.69	50
302.593	302.69	65
302.68	302.869	63
302.681	302.869	48
302.771	302.869	65
302.866	303.082	62
302.866	303.082	46
302.957	303.082	65
303.058	303.146	60
303.059	303.453	45
303.149	303.335	65
303.24	303.453	64
303.335	303.453	65
303.429	303.621	67
303.52	303.621	65
303.615	303.804	64
303.615	303.804	55
303.705	303.804	65
303.793	303.979	75
303.797	303.982	53
303.884	303.982	65
303.979	304.195	75
303.982	304.195	45
304.069	304.195	65
304.171	304.261	74
304.172	304.569	46
304.262	304.448	77
304.357	304.569	76
304.448	304.569	77
304.542	304.633	79
304.634	304.738	77
304.724	304.919	76
304.727	304.919	62
304.819	304.919	77
304.909	305.096	75
304.91	305.096	60
305	305.096	77
305.095	305.312	74
305.095	305.312	58
305.186	305.312	77
305.287	305.375	72
305.288	305.683	57
305.378	305.564	77
305.47	305.683	76
305.564	305.683	77
305.656	305.746	79
305.746	305.85	77
305.841	306.033	76
305.843	306.033	67
305.935	306.033	77
306.023	306.208	87
306.026	306.211	65
306.114	306.211	77
306.208	306.425	87
306.209	306.425	57
306.3	306.425	77
306.401	306.491	86
306.401	306.799	58
306.492	306.677	77
306.587	306.799	76
306.677	306.799	77
306.772	306.967	79
306.863	306.967	77
306.957	307.145	76
306.958	307.145	65
307.048	307.145	77
307.136	307.324	80
307.138	307.324	62
307.231	307.324	77
307.322	307.541	75
307.324	307.541	60
307.419	307.541	77
307.514	307.608	74
307.517	307.919	59
307.608	307.79	79
307.699	307.919	78
307.79	307.919	79
307.885	307.982	81
307.982	308.087	79
308.081	308.266	78
308.083	308.266	68
308.169	308.266	79
308.263	308.448	89
308.266	308.452	67
308.357	308.452	79
308.448	308.644	89
308.451	308.644	59
308.543	308.644	79
308.641	309.014	88
308.644	309.014	60
308.732	308.914	67
308.82	309.014	64
308.914	309.014	67
309.005	309.386	87
309.008	309.386	57
309.098	309.284	66
309.191	309.386	60
309.284	309.386	66
309.379	309.754	86
309.38	309.795	58
309.471	309.663	65
309.564	309.795	62
309.663	309.795	65
309.754	310.136	86
309.756	310.136	51
309.757	310.136	63
309.849	310.03	84
309.939	310.136	87
310.03	310.132	84
310.132	310.507	84
310.135	310.507	53
310.136	310.507	62
310.226	310.408	82
310.317	310.507	86
310.408	310.503	82
310.503	310.884	82
310.506	310.885	51
310.507	310.885	60
310.597	310.787	81
310.688	310.885	84
310.787	310.885	81
310.884	311.269	82
310.885	311.269	50
310.885	311.269	58
310.979	311.262	86
311.072	311.269	89
311.164	311.269	87
311.262	311.64	86
311.35	311.64	84
311.445	311.64	82
311.538	311.64	81
311.637	312.038	79
311.638	312.038	65
311.638	312.038	62
311.728	312.038	77
311.816	312.038	75
311.913	312.038	74
312.008	312.389	72
312.011	312.389	63
312.011	312.389	67
312.106	312.386	75
312.196	312.389	79
312.291	312.389	77
312.386	312.761	75
312.477	312.761	74
312.571	312.761	72
312.662	312.761	70
312.756	313.132	69
312.757	313.132	55
312.76	313.132	58
312.761	313.132	60
312.851	313.132	67
312.935	313.131	65
313.027	313.132	64
313.131	314.268	65
313.132	313.507	53
313.22	313.412	62
313.313	314.268	70
313.314	313.692	58
313.412	313.597	62
313.506	314.268	74
313.507	313.877	53
313.597	313.785	62
313.691	314.268	77
313.692	314.063	58
313.785	313.963	62
313.877	314.268	82
313.877	314.249	53
313.963	314.15	62
314.063	314.268	86
314.063	314.268	58
314.15	314.268	62
314.248	314.346	72
314.249	314.639	53
314.3	314.399	74
314.346	314.447	72
314.349	314.546	63
314.399	314.493	74
314.447	314.545	72
314.448	314.64	57
314.493	314.591	74
314.545	314.636	72
314.546	314.64	63
314.591	314.64	74
314.636	314.737	72
314.639	315.022	53
314.689	314.779	74
314.737	314.829	72
314.738	314.93	63
314.779	314.881	74
314.829	314.93	72
314.832	315.031	57
314.881	314.973	74
314.93	315.021	72
314.93	315.031	63
314.973	315.031	74
315.021	315.063	72
315.022	315.423	53
315.066	315.175	74
315.115	315.238	72
315.115	315.308	63
315.175	315.423	74
315.21	315.423	57
315.238	315.351	72
315.305	315.406	70
315.308	315.423	63
315.351	315.423	72
315.406	315.833	70
315.407	315.64	58
315.63	315.837	62
315.833	316.032	65
316.022	316.224	70
316.222	316.425	69
316.41	316.62	68
316.613	317.009	75
316.614	317.009	67
316.806	317.009	70
316.999	317.391	77
317.002	317.391	65
317.188	317.391	70
317.383	317.776	79
317.383	317.776	63
317.58	317.776	70
317.772	318.356	77
317.776	318.356	62
317.968	318.354	70
318.161	318.356	69
318.353	318.552	79
318.354	318.552	70
318.451	318.552	77
318.545	318.941	75
318.546	318.941	55
318.641	318.938	74
318.743	318.941	72
318.743	318.941	63
318.84	318.941	70
318.938	319.712	74
318.941	319.711	53
319.13	319.516	62
319.322	319.712	58
319.515	319.712	75
319.516	319.712	62
319.711	320.102	72
319.711	320.102	53
319.901	320.102	63
320.1	320.484	70
320.101	320.295	62
320.295	320.489	58
320.489	320.684	57
320.684	320.876	56
320.877	321.069	55
321.069	321.265	54
321.265	321.661	63
321.266	321.661	55
321.458	321.661	75
321.461	321.661	58
321.65	322.042	65
321.651	322.042	53
321.849	322.042	77
321.85	322.042	57
322.039	322.424	67
322.04	322.424	52
322.231	322.424	79
322.231	322.424	61
322.421	323.005	77
322.424	323.005	50
322.621	323.002	79
322.621	323.005	62
322.711	322.91	81
322.809	323.005	82
322.812	323.005	58
322.91	323.005	81
323.002	323.204	79
323.005	323.204	62
323.1	323.204	77
323.194	323.59	75
323.197	323.59	53
323.292	323.589	74
323.393	323.59	72
323.394	323.59	62
323.488	323.59	70
323.589	324.364	74
323.59	324.363	53
323.779	324.166	62
323.971	324.364	58
324.163	324.364	75
324.166	324.364	62
324.363	324.752	72
324.363	324.752	53
324.552	324.752	63
324.751	325.139	70
324.846	325.146	58
324.947	325.146	62
325.042	325.146	65
325.139	325.532	70
325.238	325.427	77
325.336	325.532	79
325.427	325.532	77
325.528	325.721	75
325.528	325.941	53
325.529	325.941	57
325.619	325.941	74
325.721	325.941	75
325.829	325.941	72
325.938	326.336	70
326.035	326.336	46
326.133	326.336	50
326.235	326.336	53
326.334	326.721	58
326.424	326.619	65
326.527	326.721	67
326.619	326.721	65
326.715	326.911	63
326.718	327.132	41
326.718	327.132	45
326.81	327.132	62
326.911	327.132	63
327.016	327.132	60
327.128	327.849	58
327.131	327.849	46
327.579	328.023	74
327.579	328.024	77
327.579	328.024	82
327.58	328.024	34
328.468	329.252	66
328.468	329.252	51
328.959	329.445	68
328.959	329.445	72
328.962	329.446	78
328.962	329.448	39
329.927	330.68	61
329.928	331.063	49
329.928	330.296	53
330.113	330.484	56
330.296	330.678	53
330.484	330.68	56
330.677	330.761	63
330.678	331.063	53
330.764	330.954	61
330.856	331.063	60
330.858	331.063	56
330.954	331.063	61
331.062	331.436	70
331.062	332.195	48
331.063	331.427	54
331.241	331.426	68
331.241	331.436	56
331.426	331.797	68
331.427	331.798	54
331.608	331.993	56
331.797	332.188	68
331.798	332.195	54
331.993	332.195	56
332.188	332.566	68
332.189	333.317	49
332.189	332.559	53
332.372	332.566	73
332.372	332.566	56
332.557	332.938	72
332.559	332.931	53
332.742	332.938	71
332.745	332.938	56
332.93	333.317	70
332.931	333.317	53
333.113	333.317	69
333.116	333.317	56
333.313	334.435	68
333.316	334.435	48
333.317	333.684	54
333.498	333.869	56
333.684	334.054	54
333.869	334.241	56
334.054	334.435	54
334.241	334.435	56
334.427	335.181	61
334.429	335.563	49
334.429	334.797	53
334.611	334.982	56
334.797	335.171	53
334.982	335.181	56
335.17	335.258	63
335.171	335.563	53
335.262	335.458	61
335.361	335.563	60
335.363	335.563	56
335.458	335.563	61
335.556	335.934	70
335.557	336.696	48
335.557	335.927	51
335.745	335.924	69
335.745	335.934	54
335.924	336.295	69
335.927	336.298	51
336.109	336.493	54
336.295	336.696	69
336.298	336.696	51
336.493	336.696	54
336.694	337.064	70
336.694	337.814	49
336.694	337.058	53
336.876	337.064	77
336.879	337.064	58
337.054	337.438	73
337.058	337.429	53
337.243	337.438	72
337.243	337.438	58
337.429	337.814	70
337.429	337.814	53
337.614	337.814	68
337.617	337.814	58
337.813	338.936	67
337.814	338.936	52
337.814	337.996	58
337.996	338.367	61
338.184	338.552	58
338.367	338.737	61
338.552	338.936	58
338.737	338.936	61
338.926	339.304	68
338.926	340.056	53
338.93	339.299	56
339.119	339.304	80
339.12	339.304	60
339.298	339.678	77
339.299	339.672	56
339.484	339.678	75
339.484	339.678	60
339.669	340.056	74
339.672	340.056	56
339.857	340.056	72
339.857	340.056	62
340.053	341.177	71
340.054	341.177	55
340.056	340.236	62
340.236	340.61	65
340.424	340.795	62
340.61	340.978	65
340.795	341.177	62
340.978	341.177	65
341.166	341.548	72
341.17	342.297	56
341.17	341.541	60
341.358	341.548	87
341.359	341.548	63
341.538	341.918	84
341.541	341.911	60
341.724	341.918	82
341.726	341.918	63
341.909	342.297	80
341.911	342.297	60
342.095	342.297	79
342.097	342.297	63
342.294	343.417	78
342.296	343.417	57
342.297	342.475	60
342.475	342.85	62
342.664	343.032	60
342.85	343.221	62
343.032	343.417	60
343.221	343.417	62
343.414	343.784	79
343.414	344.538	58
343.417	343.788	62
343.598	343.788	82
343.599	343.788	67
343.784	344.158	79
343.788	344.151	62
343.966	344.158	77
343.967	344.158	67
344.15	344.538	75
344.151	344.538	62
344.335	344.538	74
344.337	344.537	67
344.536	345.657	73
344.537	345.657	63
344.537	344.719	67
344.719	345.09	69
344.905	345.275	67
345.09	345.461	69
345.275	345.657	67
345.461	345.657	69
345.654	346.035	62
345.657	346.035	66
345.748	345.842	74
345.845	345.94	73
345.944	346.038	74
346.038	346.125	76
346.13	346.223	74
346.227	346.318	73
346.322	346.413	74
346.413	346.79	72
346.503	346.696	74
346.599	346.79	78
346.696	346.79	74
346.784	347.168	70
346.882	347.068	74
346.977	347.168	79
347.068	347.168	74
347.162	347.536	66
347.253	347.435	74
347.351	347.536	84
347.435	347.536	74
347.53	347.914	67
347.62	347.813	74
347.714	347.914	82
347.813	347.914	74
347.912	348.292	81
347.912	348.292	62
348.006	348.292	78
348.097	348.292	76
348.195	348.292	74
348.29	348.379	73
348.38	348.474	74
348.475	348.565	76
348.565	348.66	74
348.66	349.048	72
348.757	348.943	74
348.852	349.048	78
348.943	349.048	74
349.042	349.426	70
349.136	349.325	74
349.235	349.426	79
349.325	349.426	74
349.42	349.801	66
349.51	349.703	74
349.613	349.801	84
349.703	349.801	74
349.798	350.179	67
349.888	350.081	74
349.987	350.179	82
350.081	350.179	74
350.175	350.361	81
350.176	351.017	62
350.27	351.31	86
350.361	350.641	81
350.453	350.732	78
350.547	350.823	74
350.641	351.31	81
350.732	351.31	78
350.823	351.016	74
350.918	351.111	69
351.016	351.31	74
351.017	351.306	62
351.111	351.31	69
351.113	351.31	57
351.209	351.31	66
351.211	351.31	54
351.306	351.523	62
351.31	351.523	50
351.711	352.153	69
351.712	352.153	66
351.715	352.156	74
351.716	352.156	38
352.601	353.367	55
353.35	353.763	50
353.763	354.523	47
354.505	354.91	50
354.911	355.66	55
355.096	355.142	86
355.274	355.324	86
355.464	355.509	86
355.646	355.691	86
355.649	356.041	59
355.846	355.89	86
356.045	356.237	87
356.046	356.416	62
356.231	356.427	86
356.416	356.612	84
356.598	356.797	83
356.783	356.983	80
356.976	357.168	79
357.169	357.213	79
357.172	357.945	55
357.217	357.266	80
357.267	357.361	79
357.361	357.549	77
357.553	357.928	77
357.931	358.341	50
358.341	359.1	47
359.087	359.492	50
359.493	360.245	55
359.678	359.724	77
359.86	359.909	77
360.042	360.087	77
360.227	360.276	77
360.227	360.623	59
360.423	360.472	77
360.623	360.819	79
360.624	360.994	62
360.808	361.005	77
360.994	361.19	75
361.179	361.376	74
361.372	361.568	72
361.557	361.767	71
361.768	362.527	72
362.509	362.926	67
362.93	363.688	63
363.671	364.077	67
364.078	364.826	72
364.263	364.301	55
364.441	364.49	55
364.631	364.675	55
364.809	365.208	75
364.809	364.862	55
365.005	365.057	55
365.208	365.583	79
365.212	365.4	56
365.393	365.593	55
365.583	365.778	53
365.764	365.963	51
365.953	366.15	50
366.143	366.335	48
366.336	367.105	76
366.336	366.528	48
366.528	366.72	46
366.721	367.087	46
367.091	367.501	72
367.501	368.263	67
368.246	368.652	72
368.653	369.405	76
368.837	368.882	58
369.023	369.069	58
369.201	369.247	58
369.387	369.783	79
369.391	369.436	58
369.586	369.632	58
369.783	370.161	82
369.784	369.982	60
369.968	370.167	58
370.161	370.35	56
370.339	370.538	55
370.528	370.724	53
370.71	370.92	52
370.92	371.669	53
371.106	371.15	80
371.287	371.333	80
371.473	371.518	80
371.655	371.704	80
371.858	371.903	80
372.054	372.243	82
372.054	373.177	58
372.055	372.425	62
372.058	372.425	65
372.239	372.435	80
372.425	372.621	79
372.428	372.796	63
372.429	372.797	67
372.61	372.81	77
372.799	372.992	75
372.8	373.178	65
372.8	373.181	69
372.985	373.182	74
373.184	373.545	63
373.185	373.545	67
373.363	373.412	79
373.546	373.594	79
373.73	373.776	79
373.916	373.962	79
374.115	374.161	79
374.312	374.504	80
374.312	375.431	56
374.313	374.683	60
374.315	374.683	63
374.497	374.687	79
374.683	374.875	77
374.686	375.053	62
374.686	375.054	65
374.868	375.06	75
375.058	375.25	74
375.058	375.432	63
375.059	375.436	67
375.239	375.436	72
375.436	375.802	62
375.438	375.803	65
375.624	375.662	77
375.803	375.851	77
375.987	376.033	77
376.17	376.219	77
376.367	376.418	77
376.562	376.761	79
376.562	377.689	55
376.566	376.94	59
376.566	376.94	62
376.754	376.947	77
376.94	377.132	75
376.944	377.311	60
376.944	377.314	63
377.125	377.319	74
377.315	377.504	72
377.318	377.692	62
377.319	377.693	65
377.5	377.693	71
377.696	377.885	77
377.697	378.06	60
377.697	378.06	63
377.875	378.074	75
378.061	378.259	74
378.246	378.445	72
378.431	378.63	70
378.434	378.816	53
378.435	378.816	63
378.623	378.817	69
378.82	379.012	84
378.821	379.187	55
378.821	379.187	62
379.001	379.198	82
379.191	379.383	81
379.372	379.568	79
379.558	379.758	77
379.558	379.943	63
379.562	379.944	67
379.744	379.944	76
379.944	380.314	77
380.136	380.178	65
380.315	380.359	65
380.5	380.544	65
380.685	381.081	69
380.686	381.081	75
380.686	380.731	65
380.881	380.926	65
381.082	381.452	70
381.084	381.452	73
381.084	381.276	66
381.266	381.462	65
381.455	381.647	63
381.637	381.833	61
381.822	382.211	73
381.823	382.212	82
381.823	382.019	60
382.008	382.214	58
382.215	382.589	72
382.215	382.589	81
382.411	382.456	53
382.59	382.634	53
382.775	382.82	53
382.96	383.356	63
382.961	383.356	69
382.961	383.006	53
383.159	383.205	53
383.359	383.727	61
383.359	383.727	70
383.36	383.544	54
383.541	383.737	53
383.727	383.922	51
383.912	384.105	49
384.097	384.486	58
384.098	384.487	61
384.101	384.29	48
384.283	384.489	46
384.49	384.696	57
384.493	384.696	60
384.494	384.881	41
384.697	384.745	65
384.881	384.927	65
385.063	385.109	65
385.249	385.295	65
385.445	385.497	65
385.641	385.826	64
385.645	388.423	53
385.645	388.424	63
385.646	388.427	57
385.83	386.025	65
386.026	386.211	67
386.212	386.401	65
386.405	386.593	70
386.597	386.792	69
386.793	386.985	74
386.985	387.184	72
387.188	387.378	75
387.381	387.587	74
387.591	387.79	79
387.791	388.001	77
388.001	388.637	77
388.641	388.858	76
388.858	389.071	75
389.074	389.296	72
389.296	390.061	70
389.297	390.061	58
390.047	390.468	65
390.048	390.468	53
390.457	391.224	62
390.458	391.224	50
391.2	391.615	65
391.2	391.615	53
391.606	392.368	70
391.608	392.368	58
392.35	392.746	74
392.351	392.746	62
392.744	393.531	77
392.746	393.531	65
393.492	393.867	82
393.678	393.867	74
393.863	394.055	77
393.864	396.05	63
393.866	396.05	53
393.867	396.054	60
394.041	394.233	75
394.226	394.419	74
394.409	394.601	72
394.587	394.78	70
394.773	394.958	69
394.962	395.15	67
395.141	395.329	65
395.319	395.511	64
395.5	395.69	65
395.679	395.871	67
395.864	396.054	69
396.054	396.1	70
396.057	396.414	58
396.057	396.418	62
396.19	396.235	72
396.236	396.323	70
396.323	396.418	69
396.422	396.463	70
396.596	396.642	72
396.782	396.83	74
396.96	397.013	75
397.159	397.352	76
397.338	397.53	77
397.527	397.716	79
397.706	397.884	77
397.884	398.269	82
398.074	398.269	74
398.263	398.454	77
398.266	400.481	53
398.266	400.482	60
398.267	400.482	63
398.447	398.64	75
398.633	398.825	74
398.815	399.012	72
399.001	399.193	70
399.179	399.372	69
399.372	399.561	67
399.557	399.75	65
399.739	399.935	64
399.921	400.113	65
400.11	400.299	67
400.292	400.485	69
400.486	400.572	70
400.486	400.572	58
400.486	400.576	62
400.852	400.943	70
400.853	400.943	62
400.853	400.947	58
401.234	401.339	74
401.234	401.343	58
401.237	401.343	65
401.665	402.042	70
401.665	402.043	58
401.665	402.043	62
402.318	402.367	70
402.413	402.518	72
402.504	402.606	70
402.596	402.696	69
402.686	402.802	70
402.791	403.155	79
403.156	403.533	58
403.159	403.533	51
403.159	403.534	55
403.442	403.488	70
403.537	403.631	72
403.625	403.726	70
403.715	403.817	69
403.806	403.922	70
403.912	404.271	77
404.272	404.646	50
404.272	404.649	53
404.276	404.65	58
404.556	404.6	70
404.653	404.755	72
404.741	404.846	70
404.832	404.936	69
404.926	405.045	70
405.038	405.399	72
405.039	406.161	57
405.039	406.537	65
405.4	405.773	77
405.773	406.166	75
406.166	406.537	73
406.167	406.537	58
406.538	406.739	74
406.834	406.882	70
406.935	407.033	72
407.023	407.121	70
407.114	407.211	69
407.201	407.32	70
407.306	407.674	79
407.675	408.048	51
407.675	408.048	55
407.677	408.052	58
407.957	408.003	70
408.052	408.147	72
408.143	408.241	70
408.23	408.335	69
408.325	408.437	70
408.427	408.787	77
408.787	409.164	50
408.791	409.165	53
408.791	409.168	58
409.071	409.116	70
409.169	409.27	72
409.256	409.361	70
409.35	409.452	69
409.444	409.56	70
409.553	410.692	72
409.554	410.692	53
409.554	410.692	57
409.915	410.692	75
409.917	410.692	60
410.293	410.692	69
410.295	410.692	63
410.691	411.052	70
410.691	411.052	62
410.692	411.052	58
411.782	411.976	74
411.783	411.976	70
411.786	411.976	79
411.787	411.976	55
412.164	412.35	67
412.168	412.35	43
412.92	413.063	69
412.924	413.063	66
412.924	413.063	74
412.925	413.063	50
413.309	413.536	62
413.309	413.536	38
414.064	414.821	63
414.065	415.196	51
414.065	414.437	55
414.251	414.622	58
414.437	414.811	55
414.622	414.821	58
414.81	414.902	65
414.811	415.196	55
414.902	415.094	63
414.996	415.196	62
414.997	415.196	58
415.094	415.196	63
415.193	415.574	72
415.195	416.332	50
415.196	415.567	56
415.378	415.564	70
415.381	415.574	58
415.564	415.934	70
415.567	415.937	56
415.749	416.127	58
415.934	416.325	70
415.937	416.332	56
416.127	416.332	58
416.325	416.698	70
416.326	417.454	51
416.326	416.697	55
416.509	416.698	75
416.512	416.698	58
416.694	417.078	74
416.697	417.069	55
416.883	417.078	73
416.883	417.078	58
417.068	417.454	72
417.069	417.454	55
417.247	417.454	71
417.25	417.454	58
417.453	418.569	70
417.453	418.569	50
417.454	417.822	56
417.636	418.007	58
417.822	418.192	56
418.007	418.378	58
418.192	418.569	56
418.378	418.569	58
418.566	419.318	63
418.566	419.7	51
418.566	418.934	55
418.751	419.123	58
418.934	419.309	55
419.123	419.318	58
419.308	419.399	65
419.309	419.7	55
419.399	419.592	63
419.494	419.7	62
419.495	419.7	58
419.592	419.7	63
419.693	420.075	72
419.693	420.833	50
419.696	420.064	53
419.878	420.064	71
419.879	420.075	56
420.064	420.435	71
420.064	420.436	53
420.247	420.631	56
420.435	420.833	71
420.436	420.833	53
420.631	420.833	56
420.824	421.201	72
420.825	421.955	51
420.827	421.196	55
421.016	421.201	79
421.017	421.201	60
421.195	421.576	75
421.196	421.57	55
421.381	421.576	74
421.381	421.576	60
421.566	421.955	72
421.57	421.955	55
421.755	421.955	70
421.755	421.954	60
421.95	423.074	69
421.951	423.074	54
421.954	422.133	60
422.133	422.508	63
422.321	422.693	60
422.508	422.874	63
422.693	423.074	60
422.874	423.074	63
423.064	423.444	70
423.067	424.195	55
423.067	423.437	58
423.25	423.444	86
423.252	423.444	62
423.435	423.816	82
423.437	423.809	58
423.621	423.816	81
423.623	423.816	62
423.806	424.195	79
423.809	424.195	58
423.988	424.195	77
423.989	424.195	62
424.19	425.307	76
424.191	425.307	60
424.194	424.376	67
424.376	424.747	70
424.561	424.933	67
424.747	425.119	70
424.933	425.307	67
425.119	425.307	70
425.305	425.685	65
425.307	425.685	69
425.394	425.492	77
425.493	425.587	76
425.587	425.686	77
425.689	425.776	79
425.779	425.87	77
425.871	425.972	76
425.972	426.063	77
426.064	426.441	75
426.154	426.347	77
426.252	426.441	81
426.347	426.441	77
426.437	426.815	74
426.532	426.722	77
426.63	426.815	82
426.722	426.815	77
426.813	427.183	69
426.9	427.086	77
426.994	427.183	87
427.086	427.183	77
427.179	427.568	70
427.271	427.463	77
427.366	427.568	86
427.463	427.568	77
427.561	427.943	84
427.562	427.943	65
427.655	427.943	81
427.747	427.943	79
427.841	427.943	77
427.936	428.027	76
428.027	428.117	77
428.118	428.216	79
428.219	428.309	77
428.31	428.691	75
428.401	428.597	77
428.504	428.691	81
428.597	428.691	77
428.689	429.076	74
428.786	428.972	77
428.882	429.076	82
428.972	429.076	77
429.07	429.447	69
429.164	429.35	77
429.259	429.447	87
429.35	429.447	77
429.44	429.822	70
429.535	429.725	77
429.63	429.822	86
429.725	429.822	77
429.819	430.005	84
429.822	430.663	65
429.913	430.957	89
430.005	430.285	84
430.099	430.376	81
430.193	430.471	77
430.285	430.957	84
430.376	430.957	81
430.471	430.663	77
430.561	430.757	72
430.663	430.957	77
430.663	430.953	65
430.757	430.957	72
430.757	430.957	60
430.849	430.957	69
430.851	430.957	57
430.953	431.166	65
430.956	431.166	53
431.355	431.8	72
431.358	431.8	69
431.359	431.801	77
431.362	431.801	41
432.251	433.01	58
433	433.413	53
433.414	434.172	50
434.155	434.561	53
434.565	435.31	58
434.747	434.795	77
434.928	434.974	77
435.114	435.159	77
435.293	435.345	77
435.294	435.692	62
435.492	435.541	77
435.692	435.884	79
435.695	436.066	65
435.88	436.077	77
436.066	436.262	75
436.251	436.447	74
436.437	436.633	72
436.63	436.822	70
436.823	436.867	70
436.823	437.592	51
436.868	436.92	72
436.92	437.011	70
437.011	437.203	69
437.204	437.575	69
437.576	437.988	48
437.988	438.747	45
438.729	439.135	48
439.139	439.892	51
439.321	439.37	75
439.51	439.552	75
439.686	439.734	75
439.874	439.92	75
439.874	440.27	57
440.07	440.122	75
440.27	440.465	77
440.271	440.644	60
440.455	440.652	75
440.645	440.837	74
440.826	441.022	72
441.015	441.215	70
441.204	441.414	69
441.415	442.153	70
441.415	441.779	62
441.596	441.965	65
441.779	442.153	62
441.964	442.153	74
441.965	442.153	65
442.15	442.527	72
442.153	442.527	62
442.331	442.527	70
442.332	442.527	65
442.524	443.27	69
442.524	442.895	63
442.709	443.081	65
442.895	443.263	63
443.081	443.27	79
443.081	443.27	65
443.259	443.64	77
443.263	443.64	63
443.448	443.64	69
443.448	443.64	65
443.637	444.379	70
443.637	444.001	62
443.815	444.19	65
444.001	444.372	62
444.186	444.379	74
444.19	444.379	65
444.369	444.75	72
444.372	444.75	62
444.555	444.75	70
444.555	444.75	65
444.747	445.484	69
444.747	445.114	63
444.924	445.299	65
445.114	445.478	63
445.296	445.484	78
445.299	445.484	65
445.478	445.856	77
445.478	445.856	63
445.663	445.856	69
445.664	445.856	65
445.853	446.601	70
445.856	446.22	61
446.034	446.413	65
446.22	446.594	61
446.412	446.601	77
446.413	446.601	65
446.591	446.966	73
446.594	446.966	61
446.773	446.966	72
446.773	446.966	65
446.965	447.711	71
446.966	448.076	55
446.966	447.334	62
447.148	447.515	65
447.334	447.704	62
447.514	447.711	80
447.515	447.711	65
447.7	448.076	79
447.704	448.076	62
447.879	448.076	71
447.882	448.076	65
448.072	448.449	74
448.075	448.449	60
448.075	448.449	63
448.258	448.449	72
448.446	448.816	77
448.446	449.185	65
448.447	448.816	57
448.624	448.816	76
448.809	449.185	75
448.81	449.185	58
448.988	449.185	74
449.181	449.569	72
449.185	449.569	51
449.185	449.569	63
449.458	449.569	74
449.56	450.007	70
449.56	450.354	53
449.562	450.354	62
449.941	450.067	69
449.944	450.354	60
450.007	450.126	70
450.067	450.179	69
450.126	450.322	70
450.179	450.273	69
450.225	450.354	67
450.273	450.354	69
450.322	450.409	70
450.322	450.721	58
450.41	450.595	65
450.504	450.721	64
450.595	450.721	65
450.69	450.787	67
450.788	450.885	65
450.875	451.064	64
450.876	451.064	50
450.966	451.064	65
451.063	451.246	63
451.064	451.246	48
451.154	451.246	65
451.242	451.466	62
451.243	451.466	46
451.341	451.466	65
451.432	451.526	60
451.434	451.837	45
451.526	451.715	65
451.617	451.837	64
451.715	451.837	65
451.803	452.002	67
451.905	452.002	65
451.995	452.18	64
451.996	452.18	55
452.083	452.18	65
452.177	452.363	75
452.178	452.366	53
452.268	452.366	65
452.363	452.579	75
452.364	452.579	45
452.454	452.579	65
452.549	452.639	74
452.549	452.954	46
452.639	452.825	77
452.73	452.954	76
452.825	452.954	77
452.926	453.016	79
453.017	453.115	77
453.109	453.294	76
453.111	453.294	62
453.199	453.294	77
453.291	453.473	75
453.294	453.473	60
453.381	453.473	77
453.469	453.688	74
453.472	453.688	58
453.57	453.688	77
453.661	453.752	72
453.664	454.066	57
453.753	453.945	77
453.846	454.066	76
453.945	454.066	77
454.035	454.123	79
454.126	454.235	77
454.224	454.407	76
454.225	454.407	67
454.312	454.407	77
454.406	454.586	87
454.407	454.592	65
454.498	454.592	77
454.586	454.809	87
454.589	454.809	57
454.683	454.809	77
454.777	454.868	86
454.778	455.183	58
454.868	455.061	77
454.96	455.183	76
455.061	455.183	77
455.155	455.344	79
455.247	455.344	77
455.34	455.523	76
455.341	455.523	65
455.426	455.523	77
455.52	455.709	80
455.52	455.709	62
455.611	455.709	77
455.706	455.926	75
455.708	455.926	60
455.796	455.926	77
455.892	455.988	74
455.894	456.297	59
455.989	456.174	79
456.08	456.297	78
456.174	456.297	79
456.269	456.359	81
456.36	456.471	79
456.457	456.649	78
456.461	456.649	68
456.552	456.649	79
456.64	456.826	89
456.642	456.829	67
456.731	456.829	79
456.826	457.026	89
456.829	457.026	59
456.923	457.026	79
457.025	457.393	88
457.025	457.393	60
457.108	457.294	67
457.203	457.393	64
457.294	457.393	67
457.389	457.77	87
457.392	457.77	57
457.48	457.668	66
457.574	457.77	60
457.668	457.77	66
457.76	458.132	86
457.763	458.169	58
457.854	458.039	65
457.945	458.169	62
458.039	458.169	65
458.132	458.519	86
458.134	458.519	51
458.134	458.519	63
458.225	458.41	84
458.317	458.519	87
458.41	458.509	84
458.509	458.893	84
458.511	458.893	53
458.512	458.893	62
458.6	458.789	82
458.694	458.893	86
458.789	458.882	82
458.882	459.265	82
458.883	459.269	51
458.883	459.269	60
458.974	459.167	81
459.065	459.269	84
459.167	459.269	81
459.265	459.642	82
459.268	459.642	50
459.269	459.642	58
459.356	459.636	86
459.454	459.642	89
459.548	459.642	87
459.636	460.02	86
459.726	460.02	84
459.821	460.02	82
459.913	460.02	81
460.01	460.42	79
460.013	460.42	65
460.014	460.42	62
460.105	460.42	77
460.199	460.42	75
460.291	460.42	74
460.392	460.773	72
460.392	460.773	63
460.395	460.773	67
460.483	460.763	75
460.574	460.773	79
460.668	460.773	77
460.763	461.137	75
460.854	461.137	74
460.948	461.137	72
461.039	461.137	70
461.134	461.515	69
461.134	461.515	55
461.135	461.515	58
461.136	461.515	60
461.225	461.515	67
461.315	461.512	65
461.41	461.515	64
461.512	462.652	65
461.514	461.883	53
461.603	461.788	62
461.694	462.652	70
461.697	462.068	58
461.788	461.977	62
461.882	462.652	74
461.883	462.254	53
461.977	462.163	62
462.068	462.652	77
462.068	462.439	58
462.163	462.346	62
462.254	462.652	82
462.254	462.631	53
462.346	462.531	62
462.439	462.652	86
462.439	462.652	58
462.531	462.652	62
462.628	462.73	72
462.631	463.024	53
462.677	462.775	74
462.73	462.825	72
462.731	462.923	63
462.775	462.874	74
462.825	462.923	72
462.825	463.024	57
462.874	462.974	74
462.923	463.02	72
462.923	463.024	63
462.974	463.024	74
463.02	463.115	72
463.024	463.399	53
463.066	463.164	74
463.115	463.212	72
463.115	463.307	63
463.164	463.258	74
463.212	463.305	72
463.213	463.411	57
463.258	463.352	74
463.305	463.398	72
463.307	463.411	63
463.352	463.411	74
463.398	463.446	72
463.399	463.799	53
463.45	463.559	74
463.496	463.621	72
463.499	463.689	63
463.559	463.799	74
463.586	463.799	57
463.621	463.733	72
463.688	463.779	70
463.689	463.799	63
463.733	463.799	72
463.779	464.205	70
463.781	464.017	58
464.01	464.219	62
464.209	464.415	65
464.404	464.612	70
464.601	464.804	69
464.793	465.003	68
464.997	465.392	75
464.997	465.392	67
465.189	465.392	70
465.382	465.773	77
465.382	465.773	65
465.571	465.773	70
465.764	466.162	79
465.767	466.162	63
465.963	466.162	70
466.159	466.739	77
466.162	466.739	62
466.351	466.737	70
466.544	466.739	69
466.736	466.936	79
466.737	466.936	70
466.83	466.936	77
466.929	467.324	75
466.929	467.324	55
467.023	467.321	74
467.122	467.324	72
467.124	467.324	63
467.219	467.324	70
467.321	468.095	74
467.323	468.095	53
467.509	467.902	62
467.703	468.095	58
467.902	468.095	75
467.902	468.095	62
468.094	468.482	72
468.095	468.482	53
468.283	468.482	63
468.48	468.875	70
468.482	468.682	62
468.683	468.875	58
468.878	469.067	57
469.068	469.255	56
469.256	469.448	55
469.448	469.648	54
469.649	470.04	63
469.649	470.04	55
469.841	470.04	75
469.841	470.04	58
470.033	470.429	65
470.034	470.429	53
470.229	470.429	77
470.23	470.429	57
470.421	470.81	67
470.422	470.81	52
470.611	470.81	79
470.615	470.81	61
470.808	471.387	77
470.81	471.387	50
471	471.384	79
471.002	471.384	62
471.097	471.29	81
471.192	471.387	82
471.194	471.387	58
471.29	471.387	81
471.384	471.583	79
471.384	471.583	62
471.482	471.583	77
471.574	471.975	75
471.577	471.973	53
471.675	471.972	74
471.773	471.975	72
471.776	471.975	62
471.871	471.975	70
471.972	472.753	74
471.973	472.746	53
472.161	472.553	62
472.35	472.753	58
472.55	472.753	75
472.553	472.753	62
472.743	473.133	72
472.746	473.133	53
472.935	473.133	63
473.131	473.527	70
473.228	473.529	58
473.334	473.529	62
473.425	473.529	65
473.527	473.911	70
473.617	473.81	77
473.719	473.911	79
473.81	473.911	77
473.908	474.104	75
473.908	474.324	53
473.911	474.324	57
474.002	474.324	74
474.104	474.324	75
474.209	474.324	72
474.321	474.722	70
474.419	474.722	46
474.517	474.722	50
474.619	474.722	53
474.716	475.121	58
474.814	475.01	65
474.915	475.121	67
475.01	475.121	65
475.108	475.322	63
475.112	475.56	41
475.112	475.56	45
475.216	475.56	62
475.322	475.56	63
475.441	475.56	60
475.557	476.333	58
475.559	476.333	46
476.039	476.522	74
476.043	476.523	77
476.043	476.523	82
476.044	476.523	34
