OnsetTime	OffsetTime	MidiPitch
0.524989	0.62399	71
0.624982	0.721984	69
0.725981	0.818986	68
0.823989	0.931974	69
0.93298	1.14097	72
0.93298	1.14097	57
1.13498	1.23297	64
1.13498	1.23396	60
1.34097	1.75897	74
1.34497	1.54997	60
1.34596	1.54997	64
1.44697	1.64897	72
1.54898	1.75897	71
1.54997	1.75897	60
1.54997	1.75897	64
1.64897	1.75897	72
1.75796	1.96395	76
1.75897	1.96395	57
1.95396	2.05595	64
1.95496	2.05896	60
2.16696	2.57295	77
2.16795	2.36796	64
2.16995	2.37097	60
2.26997	2.46896	76
2.36696	2.57295	75
2.36796	2.57295	64
2.37097	2.57295	60
2.46896	2.57295	76
2.57095	2.96496	83
2.57295	2.96595	57
2.66896	2.86795	81
2.76996	2.96595	80
2.76996	2.96595	64
2.76996	2.96595	60
2.86795	2.96595	81
2.96496	3.39296	83
2.96595	3.38896	57
3.07096	3.27396	81
3.16896	3.39296	80
3.16896	3.39296	64
3.16996	3.39296	60
3.27396	3.39296	81
3.38896	3.81197	84
3.38896	3.59497	57
3.59198	3.69397	64
3.59198	3.69697	60
3.81298	3.90997	81
3.81298	3.91097	64
3.81597	3.91097	60
4.00897	4.11997	84
4.00897	4.12096	64
4.01197	4.12096	60
4.18696	4.21096	79
4.21197	4.23598	81
4.23697	4.33397	83
4.23697	4.33397	52
4.43796	4.53296	78
4.43896	4.53696	81
4.43896	4.53996	64
4.44296	4.53996	59
4.64195	4.73896	76
4.64195	4.73996	79
4.64296	4.73996	64
4.64296	4.74295	59
4.83796	4.94295	78
4.83896	4.94295	81
4.84096	4.94396	64
4.84195	4.94695	59
5.01995	5.04095	79
5.04095	5.06495	81
5.06596	5.16296	83
5.06895	5.16395	52
5.26195	5.36694	78
5.26495	5.36995	81
5.26596	5.36995	64
5.26596	5.37095	59
5.46394	5.56195	76
5.46495	5.56295	79
5.46794	5.56595	64
5.46895	5.56694	59
5.66794	5.77194	78
5.67094	5.77294	81
5.67094	5.77594	64
5.67194	5.77693	59
5.84194	5.86294	79
5.86693	5.91295	81
5.88795	5.98594	83
5.88795	5.98594	52
6.08394	6.19194	78
6.08694	6.19294	81
6.08793	6.19294	64
6.09094	6.19294	59
6.29094	6.40193	76
6.29094	6.40293	79
6.29193	6.40293	47
6.50692	6.62691	75
6.51092	6.62691	78
6.51392	6.62992	59
6.74192	7.20092	76
6.74492	7.20092	52
7.22892	7.32992	71
7.32992	7.42791	69
7.42892	7.52591	68
7.52591	7.64191	69
7.64492	7.84492	72
7.64591	7.84492	57
7.83691	7.93891	64
7.84092	7.93891	60
8.04691	8.47191	74
8.0519	8.25391	60
8.0519	8.25391	64
8.15592	8.35392	72
8.25092	8.47191	71
8.25391	8.47191	60
8.25391	8.47191	64
8.35392	8.47191	72
8.4679	8.6699	76
8.4709	8.6699	57
8.66291	8.76091	64
8.6679	8.7649	60
8.87389	9.27888	77
8.87389	9.07289	64
8.8749	9.07389	60
8.9739	9.17489	76
9.0699	9.27888	75
9.07289	9.27888	64
9.07389	9.27888	60
9.17489	9.27888	76
9.27289	9.67587	83
9.27589	9.67789	57
9.37388	9.58088	81
9.47888	9.67888	80
9.47989	9.67888	64
9.48288	9.67888	60
9.58088	9.67888	81
9.67587	10.0949	83
9.67789	10.0949	57
9.77388	9.97988	81
9.87787	10.0949	80
9.87888	10.0949	64
9.88187	10.0949	60
9.97988	10.0949	81
10.0919	10.5149	84
10.0949	10.3019	57
10.2939	10.3989	64
10.2949	10.3999	60
10.5149	10.6199	81
10.5189	10.6209	64
10.5189	10.6239	60
10.7179	10.8229	84
10.7189	10.8229	64
10.7209	10.8239	60
10.8998	10.9169	79
10.9179	10.9379	81
10.9389	11.0428	83
10.9429	11.0439	52
11.1418	11.2459	78
11.1449	11.2468	81
11.1449	11.2509	64
11.1458	11.2509	59
11.3438	11.4459	76
11.3449	11.4459	79
11.3478	11.4468	64
11.3488	11.4468	59
11.5438	11.6518	78
11.5438	11.6528	81
11.5438	11.6558	64
11.5478	11.6568	59
11.7218	11.7468	79
11.7468	11.7679	81
11.7679	11.8698	83
11.7718	11.8698	52
11.9708	12.0688	78
11.9748	12.0728	81
11.9748	12.0738	64
11.9778	12.0758	59
12.1738	12.2748	76
12.1738	12.2758	79
12.1778	12.2758	64
12.1808	12.2788	59
12.3728	12.4748	78
12.3728	12.4788	81
12.3738	12.4818	64
12.3768	12.4818	59
12.5478	12.5688	79
12.5738	12.6148	81
12.5938	12.6918	83
12.5948	12.6918	52
12.7898	12.8948	78
12.7898	12.8988	81
12.7938	12.8988	64
12.7938	12.8998	59
12.9928	13.1048	76
12.9938	13.1048	79
12.9958	13.1048	47
13.2098	13.3288	75
13.2108	13.3318	78
13.2108	13.3328	59
13.4588	13.8888	76
13.4588	13.8898	52
13.9168	14.0258	72
13.9178	14.0288	76
14.1378	14.2418	74
14.1408	14.2428	77
14.3478	14.4488	76
14.3488	14.4528	79
14.3488	14.4528	48
14.5568	14.6588	76
14.5578	14.6628	79
14.5578	14.6638	60
14.7638	14.8688	81
14.7638	14.8698	52
14.8698	15.1948	79
14.9668	15.1948	77
14.9708	15.1948	64
15.0798	15.1948	76
15.1908	15.6298	74
15.1918	15.6298	71
15.1918	15.6298	55
15.4078	15.6298	67
15.6288	15.7338	72
15.6298	15.7368	76
15.8448	15.9467	74
15.8458	15.9507	77
16.0517	16.1567	76
16.0517	16.1607	79
16.0557	16.1607	48
16.2617	16.3667	76
16.2617	16.3667	79
16.2657	16.3677	60
16.4717	16.5767	81
16.4727	16.5777	52
16.5777	16.9017	79
16.6747	16.9017	77
16.6757	16.9017	64
16.7877	16.9017	76
16.8987	17.3367	74
16.8997	17.3367	71
16.8997	17.3367	55
17.3327	17.4447	69
17.3367	17.4487	72
17.5567	17.6617	71
17.5577	17.6617	74
17.7737	17.8747	72
17.7747	17.8787	76
17.7747	17.8787	45
17.9807	18.0847	72
17.9807	18.0857	76
17.9817	18.0857	57
18.1897	18.2887	77
18.1907	18.2887	48
18.2897	18.6177	76
18.3937	18.6177	74
18.3947	18.6177	60
18.5057	18.6177	72
18.6137	19.0487	71
18.6177	19.0487	68
18.6177	19.0487	52
18.8306	19.0487	64
19.0477	19.1526	69
19.0487	19.1557	72
19.2616	19.3686	71
19.2646	19.3696	74
19.4706	19.5766	72
19.4746	19.5766	76
19.4746	19.5776	45
19.6806	19.7856	72
19.6846	19.7866	76
19.6856	19.7866	57
19.8916	19.9926	77
19.8916	19.9966	48
19.9966	20.3246	76
20.0946	20.3246	74
20.0976	20.3246	60
20.2066	20.3246	72
20.3226	20.7526	71
20.3226	20.7556	68
20.3236	20.7556	52
20.7526	20.8466	71
20.8506	20.9446	69
20.9486	21.0456	68
21.0466	21.1616	69
21.1616	21.3646	72
21.1656	21.3646	57
21.3576	21.4596	64
21.3586	21.4606	60
21.5676	21.9906	74
21.5676	21.7756	60
21.5716	21.7756	64
21.6756	21.8736	72
21.7746	21.9906	71
21.7756	21.9906	60
21.7756	21.9906	64
21.8736	21.9906	72
21.9886	22.1876	76
21.9886	22.1876	57
22.1836	22.2826	64
22.1836	22.2826	60
22.3936	22.7976	77
22.3946	22.5936	64
22.3946	22.5936	60
22.4956	22.6916	76
22.5906	22.7976	75
22.5936	22.7976	64
22.5936	22.7976	60
22.6916	22.7976	76
22.7966	23.1916	83
22.7976	23.1956	57
22.9016	23.0986	81
22.9966	23.1956	80
22.9986	23.1956	64
22.9996	23.1956	60
23.0986	23.1956	81
23.1916	23.6406	83
23.1956	23.6406	57
23.3006	23.5106	81
23.4026	23.6406	80
23.4056	23.6406	64
23.4056	23.6406	60
23.5106	23.6406	81
23.6356	24.0596	84
23.6396	23.8496	53
23.8396	23.9406	63
23.8396	23.9436	57
24.0596	24.1616	81
24.0606	24.1646	63
24.0636	24.1646	57
24.2656	24.3716	83
24.2706	24.3726	63
24.2706	24.3746	57
24.4836	24.5806	84
24.4836	24.5816	52
24.6856	24.7846	83
24.6866	24.7846	64
24.6866	24.7856	57
24.8816	24.9866	81
24.8826	24.9876	50
25.0856	25.1905	80
25.0856	25.1905	59
25.0886	25.1905	53
25.2985	25.4005	81
25.3015	25.4005	48
25.4985	25.6025	76
25.4985	25.6035	57
25.4985	25.6035	52
25.7015	25.7995	50
25.7085	25.8065	77
25.9035	26.0095	74
25.9045	26.0105	59
25.9045	26.0105	53
26.1175	26.5345	72
26.1175	26.3245	52
26.1215	26.3205	57
26.3205	26.5375	57
26.3245	26.5265	52
26.5265	26.7445	52
26.5345	26.5825	72
26.5345	26.7475	56
26.5755	26.6885	71
26.6365	26.7515	72
26.6885	26.7975	71
26.7445	27.0045	52
26.7475	27.0045	56
26.7515	27.0045	72
26.7975	26.9095	71
26.8415	27.0035	69
26.9095	27.0045	71
27.0035	27.4475	69
27.0035	27.4785	45
27.0045	27.4485	57
27.4795	27.5875	72
27.4795	27.5885	76
27.6925	27.7945	74
27.6925	27.7985	77
27.9055	28.0115	76
27.9105	28.0115	79
27.9105	28.0145	48
28.1165	28.2205	76
28.1165	28.2215	79
28.1165	28.2215	60
28.3265	28.4245	81
28.3265	28.4245	52
28.4255	28.7535	79
28.5295	28.7535	77
28.5295	28.7535	64
28.6345	28.7535	76
28.7505	29.1905	74
28.7535	29.1905	71
28.7535	29.1905	55
28.9635	29.1905	67
29.1865	29.2885	72
29.1875	29.2925	76
29.3965	29.5015	74
29.3975	29.5065	77
29.6144	29.7184	76
29.6154	29.7194	79
29.6154	29.7194	48
29.8204	29.9294	76
29.8234	29.9294	79
29.8244	29.9304	60
30.0274	30.1284	81
30.0274	30.1324	52
30.1324	30.4604	79
30.2374	30.4604	77
30.2384	30.4604	64
30.3424	30.4604	76
30.4584	30.8964	74
30.4584	30.8964	71
30.4594	30.8964	55
30.8954	31.0004	69
30.8964	31.0044	72
31.1184	31.2204	71
31.1194	31.2244	74
31.3264	31.4304	72
31.3264	31.4314	76
31.3264	31.4314	45
31.5354	31.6404	72
31.5354	31.6404	76
31.5364	31.6404	57
31.7414	31.8474	77
31.7464	31.8484	48
31.8504	32.1724	76
31.9554	32.1724	74
31.9564	32.1724	60
32.0604	32.1724	72
32.1704	32.6074	71
32.1704	32.6074	68
32.1724	32.6074	52
32.3904	32.6074	64
32.6064	32.7144	69
32.6074	32.7154	72
32.8164	32.9284	71
32.8204	32.9284	74
33.0294	33.1384	72
33.0343	33.1393	76
33.0363	33.1393	45
33.2403	33.3443	72
33.2433	33.3453	76
33.2443	33.3483	57
33.4503	33.5553	77
33.4513	33.5553	48
33.5583	33.8783	76
33.6533	33.8783	74
33.6573	33.8783	60
33.7663	33.8783	72
33.8743	34.3073	71
33.8773	34.3083	68
33.8773	34.3083	52
34.3073	34.4093	71
34.4103	34.5073	69
34.5083	34.6053	68
34.6053	34.7163	69
34.7173	34.9273	72
34.7173	34.9273	57
34.9133	35.0173	64
34.9133	35.0183	60
35.1263	35.5443	74
35.1303	35.3273	60
35.1303	35.3303	64
35.2293	35.4343	72
35.3263	35.5443	71
35.3273	35.5443	60
35.3303	35.5443	64
35.4343	35.5443	72
35.5433	35.7493	76
35.5443	35.7493	57
35.7393	35.8443	64
35.7403	35.8443	60
35.9553	36.3573	77
35.9563	36.1523	64
35.9563	36.1533	60
36.0573	36.2513	76
36.1523	36.3573	75
36.1523	36.3573	64
36.1533	36.3573	60
36.2513	36.3573	76
36.3563	36.7543	83
36.3563	36.7553	57
36.4543	36.6563	81
36.5513	36.7573	80
36.5553	36.7573	64
36.5553	36.7573	60
36.6563	36.7573	81
36.7543	37.1933	83
36.7553	37.1933	57
36.8633	37.0653	81
36.9573	37.1933	80
36.9603	37.1933	64
36.9613	37.1933	60
37.0653	37.1933	81
37.1923	37.6182	84
37.1923	37.4012	53
37.3913	37.5032	63
37.3922	37.5032	57
37.6193	37.7162	81
37.6213	37.7172	63
37.6222	37.7203	57
37.8222	37.9332	83
37.8222	37.9342	63
37.8232	37.9342	57
38.0382	38.1442	84
38.0392	38.1442	52
38.2372	38.3362	83
38.2422	38.3392	64
38.2422	38.3402	57
38.4442	38.5422	81
38.4442	38.5432	50
38.6402	38.7522	80
38.6412	38.7522	59
38.6442	38.7532	53
38.8532	38.9592	81
38.8572	38.9622	48
39.0602	39.1622	76
39.0602	39.1662	57
39.0612	39.1662	52
39.2602	39.3582	50
39.2632	39.3652	77
39.4602	39.5672	74
39.4602	39.5712	59
39.4612	39.5722	53
39.6732	40.0862	72
39.6732	39.8832	52
39.6762	39.8792	57
39.8792	40.0972	57
39.8832	40.0792	52
40.0792	40.3062	52
40.0862	40.1412	72
40.0872	40.3072	56
40.1392	40.2482	71
40.1912	40.3102	72
40.2482	40.3592	71
40.3062	40.5652	52
40.3072	40.5652	56
40.3102	40.5652	72
40.3592	40.4712	71
40.4052	40.5622	69
40.4712	40.5652	71
40.5622	41.0032	69
40.5632	41.0312	45
40.5632	41.0032	57
41.0312	41.1352	69
41.0322	41.1402	81
41.2482	41.3491	71
41.2492	41.3532	83
41.3532	41.3852	45
41.3852	41.4192	49
41.4232	41.4611	52
41.4622	41.8741	73
41.4622	41.8741	85
41.4651	41.6641	57
41.6641	41.7691	57
41.8751	41.9761	69
41.8781	41.9791	81
41.8791	41.9791	57
42.0851	42.1861	71
42.0851	42.1891	83
42.0851	42.1901	57
42.1901	42.2211	45
42.2221	42.2561	49
42.2591	42.2911	52
42.2911	42.5081	73
42.2941	42.5081	85
42.2941	42.5021	57
42.5011	42.5991	71
42.5021	42.6001	83
42.5021	42.6021	57
42.7031	42.8081	69
42.7041	42.8091	81
42.7041	42.8091	57
42.9071	43.0231	68
42.9081	43.0231	80
42.9081	43.0261	57
43.0261	43.0581	38
43.0611	43.0991	42
43.1001	43.1341	45
43.1351	43.3471	66
43.1351	43.3471	78
43.1371	43.3391	50
43.3381	43.4451	68
43.3381	43.4491	80
43.3391	43.4501	50
43.4501	43.4771	39
43.4781	43.5121	42
43.5131	43.5511	45
43.5521	43.7671	69
43.5541	43.7671	81
43.5541	43.7581	51
43.7531	43.8661	71
43.7571	43.8671	83
43.7581	43.8671	51
43.8691	43.9041	40
43.9041	43.9391	44
43.9431	43.9821	47
43.9821	44.2901	68
43.9831	44.2901	80
43.9851	44.1961	52
44.1951	44.304	64
44.1961	44.3071	76
44.1961	44.311	52
44.415	44.52	69
44.419	44.52	81
44.626	44.73	71
44.626	44.731	83
44.733	44.765	45
44.766	44.8	49
44.801	44.832	52
44.835	45.252	73
44.836	45.252	85
44.839	45.038	57
45.038	45.147	57
45.256	45.349	69
45.256	45.354	81
45.257	45.354	57
45.455	45.56	71
45.456	45.56	83
45.456	45.563	57
45.563	45.595	45
45.595	45.63	49
45.63	45.665	52
45.665	45.878	73
45.668	45.878	85
45.669	45.869	57
45.868	45.97	71
45.868	45.973	83
45.869	45.973	57
46.078	46.179	69
46.079	46.183	81
46.079	46.183	57
46.285	46.396	68
46.285	46.397	80
46.288	46.397	57
46.4	46.431	38
46.432	46.466	42
46.467	46.501	45
46.502	46.722	66
46.502	46.722	78
46.505	46.712	50
46.707	46.82	71
46.711	46.82	83
46.712	46.823	50
46.823	46.855	40
46.855	46.89	44
46.89	46.929	47
46.929	47.1659	68
46.932	47.1659	80
46.932	47.1529	52
47.1519	47.2679	64
47.1529	47.2679	76
47.1529	47.2679	52
47.3899	47.8069	69
47.3909	47.8079	81
47.3909	47.8079	45
47.8349	47.9399	69
47.8349	47.9439	81
48.0519	48.1529	71
48.0529	48.1569	83
48.1569	48.1889	45
48.1889	48.2309	49
48.2309	48.2659	52
48.2659	48.6779	73
48.2669	48.6789	85
48.2689	48.4679	57
48.4679	48.5739	57
48.6789	48.7799	69
48.6819	48.7829	81
48.6829	48.7829	57
48.8889	48.9899	71
48.8889	48.9909	83
48.8899	48.9929	57
48.9939	49.0249	45
49.0259	49.0599	49
49.0609	49.1019	52
49.1019	49.3119	73
49.1029	49.3119	85
49.1049	49.3059	57
49.3049	49.4099	71
49.3059	49.4099	83
49.3059	49.4109	57
49.5119	49.6159	69
49.5149	49.6169	81
49.5149	49.6189	57
49.7139	49.8269	68
49.7149	49.8269	80
49.7179	49.8299	57
49.8299	49.8619	38
49.8619	49.8969	42
49.8969	49.9309	45
49.9319	50.1519	66
49.9319	50.1519	78
49.9339	50.1429	50
50.1419	50.2459	68
50.1419	50.2469	80
50.1429	50.2469	50
50.2479	50.2779	39
50.2789	50.3199	42
50.3229	50.3549	45
50.3559	50.5748	69
50.3559	50.5748	81
50.3578	50.5648	51
50.5638	50.6728	71
50.5648	50.6768	83
50.5648	50.6778	51
50.6778	50.7078	40
50.7088	50.7428	44
50.7438	50.7858	47
50.7858	51.0898	68
50.7868	51.0898	80
50.7888	50.9998	52
50.9958	51.1038	64
50.9988	51.1038	76
50.9998	51.1048	52
51.2118	51.3168	69
51.2128	51.3208	81
51.4298	51.5338	71
51.4298	51.5348	83
51.5348	51.5688	45
51.5698	51.6008	49
51.6038	51.6388	52
51.6398	52.0488	73
51.6398	52.0488	85
51.6408	51.8378	57
51.8378	51.9438	57
52.0518	52.1538	69
52.0518	52.1538	81
52.0558	52.1578	57
52.2518	52.3638	71
52.2528	52.3648	83
52.2548	52.3648	57
52.3668	52.3988	45
52.3988	52.4338	49
52.4338	52.4718	52
52.4728	52.6888	73
52.4758	52.6888	85
52.4758	52.6788	57
52.6748	52.7808	71
52.6788	52.7808	83
52.6788	52.7808	57
52.8848	52.9868	69
52.8898	52.9898	81
52.8898	52.9938	57
53.0888	53.1968	68
53.0888	53.2008	80
53.0898	53.2008	57
53.2038	53.2348	38
53.2358	53.2738	42
53.2748	53.3088	45
53.3118	53.5288	66
53.3128	53.5288	78
53.3128	53.5198	50
53.5198	53.6268	71
53.5198	53.6308	83
53.5198	53.6308	50
53.6318	53.6687	40
53.6687	53.7048	44
53.7077	53.7427	47
53.7467	53.9808	68
53.7477	53.9808	80
53.7497	53.9708	52
53.9698	54.0857	64
53.9708	54.0857	76
53.9708	54.0897	52
54.2007	54.6207	69
54.2047	54.6247	81
54.2047	54.6247	45
54.6497	54.7707	85
54.7607	54.8697	86
54.8587	54.9747	85
54.9607	55.0857	83
55.0727	55.1947	81
55.0767	55.1847	54
55.1857	55.3007	83
55.2897	55.4057	81
55.2897	55.3907	61
55.2907	55.3917	57
55.3947	55.5067	80
55.4997	55.6157	78
55.5007	55.6007	61
55.5007	55.6007	57
55.6047	55.7167	81
55.7067	55.8217	80
55.7067	55.8147	61
55.7067	55.8177	57
55.8187	55.9267	78
55.9227	56.0347	77
55.9237	56.0247	56
56.0287	56.1437	78
56.1297	56.2417	80
56.1307	56.2347	61
56.1327	56.2347	59
56.2357	56.3507	77
56.3397	56.4547	73
56.3397	56.4447	61
56.3437	56.4457	59
56.4457	56.5597	75
56.5497	56.6657	77
56.5497	56.6517	61
56.5507	56.6517	59
56.6547	56.7667	73
56.7597	56.8747	78
56.7607	56.8607	54
56.8607	56.9836	77
56.9737	57.0887	78
56.9737	57.0747	61
56.9747	57.0787	57
57.0787	57.1937	80
57.1827	57.2956	81
57.1836	57.2846	61
57.1836	57.2846	57
57.2886	57.4036	80
57.3886	57.5046	81
57.3896	57.4946	61
57.3936	57.4946	57
57.4956	57.6106	83
57.5996	57.7146	85
57.5996	57.7036	53
57.7046	57.8196	84
57.8096	57.9256	85
57.8106	57.9116	61
57.8106	57.9116	56
57.9146	58.0156	84
58.0166	58.1276	85
58.0166	58.1176	61
58.0196	58.1186	56
58.1186	58.2336	86
58.2196	58.3416	85
58.2226	58.3306	61
58.2226	58.3316	56
58.3316	58.4536	83
58.4396	58.5556	81
58.4406	58.5446	54
58.5486	58.6596	83
58.6486	58.7646	81
58.6496	58.7546	61
58.6526	58.7546	57
58.7556	58.8706	80
58.8596	58.9746	78
58.8596	58.9616	61
58.8606	58.9616	57
58.9646	59.0796	81
59.0696	59.1856	80
59.0706	59.1706	61
59.0706	59.1706	57
59.1746	59.2866	78
59.2836	59.3986	76
59.2836	59.3846	56
59.3876	59.5036	78
59.4926	59.6086	80
59.4936	59.5946	64
59.4936	59.5986	61
59.5986	59.7135	76
59.6996	59.8145	73
59.7006	59.8046	64
59.7026	59.8076	61
59.8076	59.9205	75
59.9096	60.0315	76
59.9096	60.0215	64
59.9135	60.0225	61
60.0225	60.1365	73
60.1225	60.2385	75
60.1265	60.2285	56
60.2285	60.3435	76
60.3325	60.4485	78
60.3365	60.4375	66
60.3375	60.4375	63
60.4385	60.5535	75
60.5465	60.6585	72
60.5505	60.6515	63
60.5505	60.6525	66
60.6525	60.7665	73
60.7565	60.8795	75
60.7595	60.8655	63
60.7605	60.8655	66
60.8685	60.9945	72
60.9835	61.3895	73
60.9845	61.3905	64
60.9845	61.3905	61
61.4175	61.5405	85
61.5305	61.6385	86
61.6345	61.7505	85
61.7365	61.8555	83
61.8415	61.9635	81
61.8415	61.9535	54
61.9545	62.0685	83
62.0655	62.1775	81
62.0665	62.1675	61
62.0665	62.1675	57
62.1705	62.2825	80
62.2715	62.3875	78
62.2725	62.3765	61
62.2725	62.3765	57
62.3775	62.4925	81
62.4825	62.5985	80
62.4825	62.5905	61
62.4835	62.5935	57
62.5945	62.7094	78
62.6955	62.8114	77
62.6964	62.8044	56
62.8075	62.9224	78
62.9084	63.0244	80
62.9094	63.0174	61
62.9134	63.0174	59
63.0184	63.1334	77
63.1194	63.2344	73
63.1194	63.2234	61
63.1224	63.2244	59
63.2244	63.3394	75
63.3284	63.4444	77
63.3294	63.4414	61
63.3294	63.4414	59
63.4424	63.5524	73
63.5414	63.6574	78
63.5424	63.6474	54
63.6474	63.7634	77
63.7524	63.8684	78
63.7524	63.8564	61
63.7534	63.8574	57
63.8614	63.9724	80
63.9624	64.0784	81
63.9634	64.0644	61
63.9634	64.0674	57
64.0674	64.1834	80
64.1764	64.2914	81
64.1764	64.2804	61
64.1764	64.2814	57
64.2814	64.3964	83
64.3864	64.4974	85
64.3874	64.4904	53
64.4914	64.6064	84
64.5994	64.7084	85
64.6004	64.6974	61
64.6024	64.6974	56
64.6984	64.8014	84
64.8064	64.9174	85
64.8064	64.9074	61
64.8064	64.9084	56
64.9104	65.0234	86
65.0124	65.1273	85
65.0124	65.1174	61
65.0134	65.1174	56
65.1174	65.2323	83
65.2254	65.3383	81
65.2263	65.3304	54
65.3304	65.4433	83
65.4353	65.5443	81
65.4363	65.5333	61
65.4363	65.5343	57
65.5343	65.6493	80
65.6383	65.7533	78
65.6393	65.7443	61
65.6423	65.7443	57
65.7443	65.8593	81
65.8483	65.9643	80
65.8493	65.9503	61
65.8493	65.9533	57
65.9533	66.0693	78
66.0623	66.1773	76
66.0663	66.1673	56
66.1683	66.2823	78
66.2723	66.3813	80
66.2733	66.3743	64
66.2733	66.3773	61
66.3773	66.4853	76
66.4713	66.5903	73
66.4763	66.5803	64
66.4793	66.5803	61
66.5813	66.6963	75
66.6823	66.8043	76
66.6853	66.7933	64
66.6853	66.7943	61
66.7943	66.9093	73
66.8983	67.0213	75
66.8993	67.0113	56
67.0113	67.1263	76
67.1123	67.2273	78
67.1133	67.2173	66
67.1153	67.2183	63
67.2183	67.3333	75
67.3223	67.4373	72
67.3223	67.4313	63
67.3233	67.4313	66
67.4333	67.5463	73
67.5353	67.6583	75
67.5403	67.6483	63
67.5403	67.6483	66
67.6493	67.7732	72
67.7633	68.1692	73
67.7643	68.1702	64
67.7643	68.1702	61
68.1972	68.3092	76
68.3022	68.4142	74
68.4062	68.5152	73
68.5122	68.6282	71
68.6172	68.7392	69
68.6172	68.7262	57
68.7292	68.8442	71
68.8302	68.9462	73
68.8312	68.9362	64
68.8342	68.9362	61
68.9372	69.0502	74
69.0482	69.1592	76
69.0482	69.1492	64
69.0482	69.1502	61
69.1522	69.2682	78
69.2542	69.3702	80
69.2582	69.3592	64
69.2582	69.3592	61
69.3592	69.4642	81
69.4672	69.5802	81
69.4722	69.5692	59
69.5692	69.6842	80
69.6742	69.7892	78
69.6742	69.7752	64
69.6752	69.7802	62
69.7802	69.8812	76
69.8812	70.0002	76
69.8842	69.9862	56
69.9892	70.1012	74
70.0902	70.2062	73
70.0912	70.2032	64
70.0942	70.2032	62
70.2042	70.3112	71
70.3042	70.4162	69
70.3082	70.4022	57
70.4032	70.5212	71
70.5102	70.6261	73
70.5102	70.6121	64
70.5112	70.6121	61
70.6162	70.7271	74
70.7201	70.8321	76
70.7212	70.8222	64
70.7212	70.8222	61
70.8251	70.9381	78
70.9271	71.0561	80
70.9271	71.0421	64
70.9281	71.0431	61
71.0431	71.1651	81
71.1651	71.3921	82
71.1661	71.3931	52
71.3931	71.5081	83
71.3961	71.4941	62
71.3971	71.4981	56
71.6031	71.7211	76
71.6031	71.7071	56
71.6041	71.7121	62
71.7141	71.8201	74
71.8161	71.9251	73
71.8171	71.9181	56
71.8171	71.9211	62
71.9211	72.0361	71
72.0221	72.1451	69
72.0231	72.1351	57
72.1351	72.2501	71
72.2401	72.3551	73
72.2401	72.3441	64
72.2401	72.3451	61
72.3451	72.4641	74
72.4531	72.5691	76
72.4541	72.5581	64
72.4541	72.5581	61
72.5621	72.6731	78
72.6631	72.7781	80
72.6641	72.7681	64
72.6641	72.7681	61
72.7691	72.8701	81
72.8771	72.9881	81
72.8771	72.9781	59
72.9791	73.0901	80
73.0791	73.1991	78
73.0831	73.1851	64
73.0841	73.1851	62
73.1861	73.2831	76
73.2901	73.4051	76
73.2901	73.3941	56
73.395	73.51	74
73.5001	73.615	73
73.5001	73.609	64
73.5011	73.609	62
73.612	73.723	71
73.713	73.822	73
73.714	73.811	57
73.811	73.93	76
73.917	74.031	69
73.92	74.021	54
74.022	74.137	73
74.126	74.234	71
74.127	74.228	50
74.231	74.339	74
74.325	74.452	68
74.33	74.438	52
74.441	74.55	71
74.55	74.875	69
74.551	74.77	45
74.77	74.875	57
74.98	75.103	85
75.096	75.204	86
75.194	75.309	85
75.298	75.418	83
75.407	75.526	81
75.411	75.512	52
75.512	75.627	83
75.624	75.74	81
75.625	75.726	61
75.625	75.729	57
75.729	75.844	80
75.834	75.949	78
75.834	75.935	61
75.835	75.939	57
75.94	76.051	81
76.041	76.163	80
76.042	76.153	61
76.044	76.153	57
76.153	76.268	78
76.257	76.37	77
76.258	76.359	56
76.363	76.478	78
76.464	76.579	80
76.464	76.5689	61
76.468	76.57	59
76.57	76.6849	77
76.678	76.7899	73
76.6809	76.7859	61
76.682	76.7859	59
76.7859	76.8939	75
76.8869	77.0029	77
76.8919	76.9929	61
76.8919	76.9929	59
76.9939	77.1079	73
77.0979	77.2199	78
77.0979	77.2089	54
77.2099	77.3219	77
77.3109	77.4299	78
77.3119	77.4159	61
77.3149	77.4159	57
77.4199	77.5319	80
77.5209	77.6359	81
77.5219	77.6289	61
77.5219	77.6329	57
77.6329	77.7379	80
77.7349	77.8539	81
77.7349	77.8389	61
77.7379	77.8399	57
77.8439	77.9549	83
77.9439	78.0599	85
77.9449	78.0499	49
78.0499	78.1609	84
78.1479	78.2629	85
78.1519	78.2519	61
78.1519	78.2529	56
78.2529	78.3579	84
78.3579	78.4739	85
78.3589	78.4599	61
78.3609	78.4629	55
78.4659	78.5779	86
78.5669	78.6829	85
78.5679	78.6689	61
78.5679	78.6729	54
78.6729	78.7919	82
78.7819	78.8959	86
78.7819	78.8859	47
78.8869	79.0019	85
78.9949	79.1059	86
78.9949	79.0999	59
78.9959	79.0999	54
79.1039	79.2108	85
79.2039	79.3129	86
79.2049	79.3098	59
79.2049	79.3098	54
79.3109	79.4178	85
79.4078	79.5298	86
79.4108	79.5188	59
79.4108	79.5198	54
79.5198	79.6318	85
79.6208	79.7398	86
79.6248	79.7258	47
79.7258	79.8478	85
79.8378	79.9538	83
79.8388	79.9398	59
79.8408	79.9398	56
79.9428	80.0518	81
80.0478	80.1558	80
80.0478	80.1488	59
80.0488	80.1498	56
80.1538	80.2648	81
80.2548	80.3698	83
80.2558	80.3598	59
80.2578	80.3598	56
80.3628	80.4748	80
80.4638	80.5798	81
80.4648	80.5698	49
80.5698	80.6848	83
80.6708	80.7898	85
80.6748	80.7788	57
80.6748	80.7798	54
80.7798	80.8918	81
80.8878	81.0038	77
80.8888	80.9928	49
80.9928	81.1078	78
81.0978	81.2168	80
81.0988	81.2098	56
81.0988	81.2098	59
81.2108	81.3468	77
81.3358	81.7418	78
81.3358	81.7428	57
81.3358	81.7428	54
81.7698	81.8858	76
81.8748	81.9838	74
81.9798	82.0948	73
82.0848	82.1968	71
82.1938	82.3088	69
82.1948	82.2988	57
82.2988	82.4138	71
82.4068	82.5188	73
82.4108	82.5157	64
82.4108	82.5157	61
82.5168	82.6277	74
82.6167	82.7357	76
82.6167	82.7217	64
82.6207	82.7227	61
82.7247	82.8447	78
82.8337	82.9497	80
82.8347	82.9357	64
82.8347	82.9357	61
82.9387	83.0437	81
83.0467	83.1627	81
83.0517	83.1527	59
83.1537	83.2677	80
83.2577	83.3737	78
83.2577	83.3587	64
83.2587	83.3617	62
83.3627	83.4597	76
83.4677	83.5797	76
83.4687	83.5687	56
83.5727	83.6877	74
83.6737	83.7887	73
83.6747	83.7787	64
83.6767	83.7787	62
83.7797	83.9017	71
83.8877	83.9987	69
83.8907	83.9897	57
83.9897	84.1037	71
84.0937	84.2097	73
84.0947	84.1957	64
84.0947	84.1957	61
84.1987	84.3117	74
84.2997	84.4187	76
84.3007	84.4047	64
84.3047	84.4057	61
84.4087	84.5207	78
84.5107	84.6407	80
84.5107	84.6257	64
84.5117	84.6267	61
84.6267	84.7547	81
84.7547	84.9867	82
84.7557	84.9867	52
84.9867	85.1017	83
84.9907	85.0917	62
84.9907	85.0927	56
85.1927	85.3117	76
85.1967	85.3017	56
85.1997	85.3017	62
85.3027	85.4167	74
85.4027	85.5216	73
85.4057	85.5077	56
85.4067	85.5077	62
85.5077	85.6296	71
85.6206	85.7356	69
85.6206	85.7246	57
85.7256	85.8436	71
85.8336	85.9496	73
85.8336	85.9386	64
85.8366	85.9386	61
85.9386	86.0536	74
86.0426	86.1586	76
86.0436	86.1446	64
86.0436	86.1486	61
86.1516	86.2676	78
86.2576	86.3756	80
86.2576	86.3616	64
86.2606	86.3626	61
86.3626	86.4666	81
86.4736	86.5826	81
86.4736	86.5756	59
86.5796	86.6846	80
86.6796	86.7896	78
86.6806	86.7856	64
86.6836	86.7856	62
86.7886	86.8836	76
86.8906	87.0056	76
86.8906	86.9946	56
86.9956	87.1106	74
87.1006	87.2166	73
87.1016	87.2056	64
87.1016	87.2056	62
87.2056	87.3206	71
87.3066	87.4256	73
87.3106	87.4116	57
87.4116	87.5246	76
87.5176	87.6286	69
87.5176	87.6146	54
87.6176	87.7336	73
87.7196	87.8356	71
87.7206	87.8246	50
87.8246	87.9396	74
87.9256	88.0526	68
87.9306	88.0386	52
88.0416	88.1505	71
88.1505	88.4756	69
88.1516	88.3706	45
88.3715	88.4756	57
88.5835	88.7065	85
88.7036	88.8125	86
88.8015	88.9165	85
88.9025	89.0255	83
89.0145	89.1305	81
89.0155	89.1195	52
89.1195	89.2345	83
89.2245	89.3475	81
89.2255	89.3335	61
89.2255	89.3335	57
89.3365	89.4485	80
89.4385	89.5535	78
89.4385	89.5425	61
89.4395	89.5435	57
89.5465	89.6585	81
89.6485	89.7635	80
89.6495	89.7565	61
89.6495	89.7605	57
89.7605	89.8715	78
89.8615	89.9775	77
89.8625	89.9665	56
89.9665	90.0825	78
90.0685	90.1865	80
90.0715	90.1775	61
90.0755	90.1775	59
90.1775	90.2925	77
90.2855	90.3975	73
90.2865	90.3905	61
90.2885	90.3905	59
90.3905	90.4995	75
90.4955	90.6105	77
90.4955	90.6005	61
90.4995	90.6005	59
90.6015	90.7155	73
90.7055	90.8245	78
90.7055	90.8145	54
90.8145	90.9295	77
90.9185	91.0344	78
90.9195	91.0235	61
90.9225	91.0235	57
91.0245	91.1394	80
91.1284	91.2444	81
91.1295	91.2294	61
91.1295	91.2335	57
91.2344	91.3494	80
91.3384	91.4514	81
91.3394	91.4464	61
91.3394	91.4474	57
91.4514	91.5624	83
91.5514	91.6674	85
91.5524	91.6574	49
91.6574	91.7734	84
91.7594	91.8734	85
91.7624	91.8664	61
91.7624	91.8664	56
91.8674	91.9684	84
91.9684	92.0814	85
91.9724	92.0744	61
91.9734	92.0744	55
92.0744	92.1814	86
92.1784	92.2944	85
92.1794	92.2834	61
92.1794	92.2834	54
92.2844	92.3994	82
92.3854	92.5104	86
92.3854	92.4964	47
92.4974	92.6124	85
92.6024	92.7184	86
92.6034	92.7074	59
92.6034	92.7074	54
92.7074	92.8224	85
92.8114	92.9274	86
92.8124	92.9174	59
92.8124	92.9174	54
92.9184	93.0334	85
93.0184	93.1404	86
93.0224	93.1304	59
93.0224	93.1314	54
93.1314	93.2464	85
93.2354	93.3514	86
93.2364	93.3404	47
93.3404	93.4624	85
93.4484	93.5614	83
93.4494	93.5544	59
93.4534	93.5544	56
93.5554	93.6664	81
93.6594	93.7743	80
93.6594	93.7604	59
93.6624	93.7613	56
93.7643	93.8723	81
93.8623	93.9843	83
93.8633	93.9703	59
93.8633	93.9703	56
93.9743	94.0853	80
94.0823	94.1913	81
94.0833	94.1803	49
94.1813	94.2963	83
94.2853	94.4003	85
94.2853	94.3903	57
94.2863	94.3913	54
94.3913	94.5063	81
94.4923	94.6143	77
94.4963	94.6043	49
94.6073	94.7203	78
94.7093	94.8313	80
94.7093	94.8213	56
94.7133	94.8223	59
94.8223	94.9613	77
94.9473	95.4123	78
94.9473	95.4133	57
94.9503	95.4133	54
95.4403	95.5523	69
95.4433	95.5523	81
95.6543	95.7653	71
95.6583	95.7663	83
95.7663	95.8013	45
95.8023	95.8363	49
95.8373	95.8713	52
95.8713	96.2913	73
95.8723	96.2913	85
95.8743	96.0733	57
96.0733	96.1823	57
96.2913	96.3923	69
96.2923	96.3933	81
96.2923	96.3953	57
96.4973	96.6033	71
96.4983	96.6033	83
96.4983	96.6043	57
96.6063	96.6343	45
96.6383	96.6723	49
96.6732	96.7033	52
96.7073	96.9212	73
96.7082	96.9212	85
96.7102	96.9113	57
96.9113	97.0112	71
96.9113	97.0162	83
96.9113	97.0162	57
97.1172	97.2182	69
97.1182	97.2182	81
97.1202	97.2192	57
97.3192	97.4322	68
97.3242	97.4332	80
97.3242	97.4332	57
97.4352	97.4702	38
97.4742	97.5092	42
97.5092	97.5472	45
97.5472	97.7612	66
97.5482	97.7612	78
97.5512	97.7542	50
97.7502	97.8552	68
97.7542	97.8552	80
97.7542	97.8562	50
97.8592	97.8912	39
97.8942	97.9262	42
97.9262	97.9602	45
97.9612	98.1882	69
97.9612	98.1882	81
97.9632	98.1772	51
98.1742	98.2852	71
98.1772	98.2862	83
98.1772	98.2862	51
98.2872	98.3202	40
98.3212	98.3592	44
98.3602	98.3942	47
98.3982	98.7092	68
98.3992	98.7092	80
98.3992	98.6152	52
98.6142	98.7272	64
98.6152	98.7282	76
98.6152	98.7302	52
98.8392	98.9402	69
98.8392	98.9432	81
99.0522	99.1541	71
99.0531	99.1571	83
99.1571	99.1931	45
99.1931	99.2241	49
99.2281	99.2621	52
99.2631	99.6721	73
99.2641	99.6731	85
99.2641	99.4621	57
99.4621	99.5671	57
99.6751	99.7771	69
99.6761	99.7781	81
99.6761	99.7801	57
99.8751	99.9871	71
99.8751	99.9881	83
99.8791	99.9881	57
99.9901	100.022	45
100.023	100.053	49
100.058	100.088	52
100.092	100.305	73
100.093	100.305	85
100.093	100.295	57
100.294	100.396	71
100.295	100.397	83
100.295	100.4	57
100.502	100.606	69
100.505	100.607	81
100.505	100.61	57
100.711	100.817	68
100.712	100.82	80
100.712	100.82	57
100.821	100.859	38
100.859	100.889	42
100.894	100.924	45
100.925	101.149	66
100.929	101.149	78
100.929	101.139	50
101.135	101.239	71
101.135	101.24	83
101.139	101.24	50
101.243	101.278	40
101.279	101.313	44
101.318	101.348	47
101.349	101.586	68
101.353	101.586	80
101.355	101.579	52
101.575	101.695	64
101.576	101.696	76
101.579	101.696	52
101.811	102.23	69
101.811	102.231	81
101.811	102.233	45
102.262	102.363	69
102.263	102.367	81
102.472	102.573	71
102.472	102.578	83
102.58	102.615	45
102.616	102.65	49
102.651	102.685	52
102.685	103.102	73
102.686	103.102	85
102.689	102.888	57
102.888	102.993	57
103.106	103.206	69
103.106	103.207	81
103.109	103.207	57
103.308	103.417	71
103.309	103.417	83
103.309	103.418	57
103.421	103.452	45
103.452	103.486	49
103.487	103.522	52
103.522	103.736	73
103.523	103.736	85
103.525	103.729	57
103.725	103.829	71
103.725	103.83	83
103.729	103.83	57
103.931	104.036	69
103.935	104.037	81
103.936	104.04	57
104.142	104.246	68
104.145	104.247	80
104.145	104.25	57
104.251	104.281	38
104.282	104.316	42
104.316	104.359	45
104.359	104.572	66
104.36	104.572	78
104.362	104.562	50
104.558	104.67	68
104.561	104.673	80
104.562	104.673	50
104.674	104.705	39
104.705	104.74	42
104.744	104.774	45
104.775	105.002	69
104.778	105.002	81
104.779	104.992	51
104.988	105.1	71
104.989	105.101	83
104.992	105.104	51
105.104	105.142	40
105.143	105.174	44
105.177	105.216	47
105.217	105.527	68
105.219	105.527	80
105.219	105.43	52
105.43	105.541	64
105.43	105.542	76
105.43	105.545	52
105.657	105.762	69
105.657	105.762	81
105.863	105.972	71
105.867	105.972	83
105.973	106.004	45
106.007	106.042	49
106.042	106.074	52
106.077	106.486	73
106.078	106.487	85
106.081	106.28	57
106.28	106.382	57
106.49	106.591	69
106.491	106.591	81
106.491	106.595	57
106.69	106.801	71
106.693	106.802	83
106.693	106.802	57
106.805	106.836	45
106.837	106.871	49
106.872	106.906	52
106.907	107.12	73
106.907	107.12	85
106.91	107.117	57
107.116	107.218	71
107.117	107.221	83
107.117	107.221	57
107.316	107.424	69
107.32	107.425	81
107.32	107.425	57
107.526	107.638	68
107.529	107.638	80
107.529	107.639	57
107.639	107.67	38
107.673	107.708	42
107.708	107.746	45
107.747	107.967	66
107.75	107.967	78
107.75	107.953	50
107.95	108.068	71
107.953	108.069	83
107.953	108.069	50
108.07	108.107	40
108.108	108.142	44
108.143	108.184	47
108.185	108.415	68
108.185	108.415	80
108.185	108.405	52
108.404	108.52	64
108.405	108.521	76
108.405	108.521	52
108.636	109.192	69
108.636	109.195	81
108.637	109.195	45
109.234	109.332	71
109.336	109.43	69
109.433	109.528	68
109.531	109.644	69
109.647	109.85	72
109.647	109.85	57
109.843	109.941	64
109.844	109.941	60
110.053	110.473	74
110.054	110.257	60
110.054	110.257	64
110.154	110.357	72
110.256	110.473	71
110.257	110.473	60
110.257	110.473	64
110.357	110.473	72
110.47	110.672	76
110.473	110.672	57
110.665	110.763	64
110.669	110.767	60
110.879	111.282	77
110.879	111.076	64
110.88	111.078	60
110.98	111.177	76
111.076	111.282	75
111.076	111.282	64
111.078	111.282	60
111.177	111.282	76
111.278	111.678	83
111.282	111.68	57
111.377	111.576	81
111.475	111.681	80
111.477	111.681	64
111.477	111.681	60
111.576	111.681	81
111.678	112.1	83
111.68	112.098	57
111.778	111.982	81
111.884	112.1	80
111.884	112.1	64
111.885	112.1	60
111.982	112.1	81
112.097	112.521	84
112.098	112.303	57
112.3	112.401	64
112.301	112.405	60
112.521	112.618	81
112.522	112.619	64
112.522	112.622	60
112.716	112.825	84
112.717	112.829	64
112.72	112.83	60
112.902	112.919	79
112.92	112.944	81
112.945	113.045	83
112.945	113.05	52
113.144	113.245	78
113.147	113.245	81
113.151	113.245	64
113.151	113.248	59
113.35	113.448	76
113.351	113.449	79
113.351	113.449	64
113.353	113.452	59
113.546	113.658	78
113.546	113.659	81
113.55	113.659	64
113.55	113.659	59
113.728	113.749	79
113.749	113.774	81
113.775	113.872	83
113.775	113.872	52
113.976	114.075	78
113.977	114.078	81
113.98	114.079	64
113.981	114.079	59
114.173	114.277	76
114.173	114.282	79
114.175	114.282	64
114.176	114.282	59
114.375	114.481	78
114.379	114.481	81
114.38	114.484	64
114.38	114.484	59
114.551	114.575	79
114.576	114.62	81
114.596	114.694	83
114.597	114.694	52
114.799	114.897	78
114.803	114.901	81
114.803	114.901	64
114.804	114.904	59
114.995	115.107	76
114.998	115.107	79
114.999	115.111	47
115.219	115.334	75
115.22	115.334	78
115.22	115.338	59
115.45	115.908	76
115.45	115.909	52
115.94	116.038	71
116.038	116.136	69
116.136	116.234	68
116.235	116.35	69
116.35	116.552	72
116.353	116.552	57
116.545	116.647	64
116.549	116.648	60
116.763	117.18	74
116.763	116.963	60
116.764	116.963	64
116.865	117.061	72
116.963	117.18	71
116.963	117.18	60
116.963	117.18	64
117.061	117.18	72
117.176	117.375	76
117.177	117.375	57
117.372	117.47	64
117.372	117.472	60
117.581	117.984	77
117.582	117.781	64
117.582	117.781	60
117.683	117.887	76
117.78	117.984	75
117.781	117.984	64
117.781	117.984	60
117.887	117.984	76
117.981	118.383	83
117.984	118.384	57
118.089	118.286	81
118.187	118.387	80
118.188	118.387	64
118.19	118.387	60
118.286	118.387	81
118.383	118.804	83
118.384	118.804	57
118.482	118.688	81
118.587	118.804	80
118.587	118.804	64
118.589	118.804	60
118.688	118.804	81
118.803	119.223	84
118.804	119.013	57
119.003	119.107	64
119.003	119.108	60
119.226	119.328	81
119.227	119.328	64
119.227	119.332	60
119.426	119.531	84
119.427	119.532	64
119.43	119.534	60
119.608	119.626	79
119.626	119.647	81
119.647	119.751	83
119.65	119.755	52
119.849	119.955	78
119.853	119.955	81
119.854	119.958	64
119.854	119.958	59
120.053	120.154	76
120.053	120.155	79
120.056	120.155	64
120.056	120.157	59
120.256	120.361	78
120.259	120.361	81
120.259	120.364	64
120.26	120.364	59
120.43	120.455	79
120.456	120.476	81
120.477	120.578	83
120.479	120.579	52
120.678	120.78	78
120.683	120.784	81
120.683	120.785	64
120.686	120.785	59
120.886	120.984	76
120.887	120.984	79
120.887	120.984	64
120.887	120.987	59
121.081	121.193	78
121.082	121.194	81
121.082	121.194	64
121.085	121.194	59
121.253	121.278	79
121.281	121.323	81
121.302	121.4	83
121.302	121.401	52
121.498	121.603	78
121.499	121.603	81
121.501	121.607	64
121.501	121.607	59
121.701	121.813	76
121.705	121.814	79
121.705	121.814	47
121.922	122.044	75
121.925	122.045	78
121.925	122.047	59
122.166	122.597	76
122.167	122.597	52
122.625	122.737	72
122.625	122.738	76
122.846	122.951	74
122.849	122.951	77
123.055	123.161	76
123.056	123.162	79
123.056	123.162	48
123.265	123.367	76
123.266	123.371	79
123.266	123.371	60
123.472	123.577	81
123.472	123.577	52
123.581	123.903	79
123.683	123.903	77
123.685	123.903	64
123.788	123.903	76
123.899	124.337	74
123.899	124.337	71
123.9	124.337	55
124.12	124.337	67
124.336	124.442	72
124.337	124.442	76
124.554	124.655	74
124.554	124.659	77
124.764	124.865	76
124.764	124.869	79
124.765	124.869	48
124.97	125.075	76
124.971	125.076	79
124.973	125.078	60
125.18	125.285	81
125.18	125.286	52
125.286	125.608	79
125.391	125.608	77
125.391	125.608	64
125.496	125.608	76
125.604	126.045	74
125.608	126.045	71
125.608	126.045	55
126.042	126.153	69
126.044	126.157	72
126.265	126.377	71
126.266	126.378	74
126.482	126.583	72
126.482	126.584	76
126.483	126.588	45
126.688	126.794	72
126.689	126.794	76
126.689	126.797	57
126.899	126.996	77
126.899	126.997	48
126.997	127.328	76
127.102	127.328	74
127.102	127.328	60
127.213	127.328	72
127.322	127.756	71
127.324	127.756	68
127.325	127.756	52
127.535	127.756	64
127.755	127.861	69
127.755	127.861	72
127.972	128.074	71
127.973	128.077	74
128.186	128.283	72
128.186	128.288	76
128.187	128.288	45
128.396	128.501	72
128.396	128.501	76
128.397	128.501	57
128.598	128.704	77
128.599	128.704	48
128.705	129.033	76
128.805	129.033	74
128.809	129.033	60
128.914	129.033	72
129.029	129.524	71
129.03	129.526	68
129.033	129.526	52
129.524	129.554	71
129.557	129.656	69
129.657	129.761	68
129.761	129.869	69
129.87	130.079	72
129.872	130.079	57
130.069	130.166	64
130.069	130.167	60
130.282	130.699	74
130.283	130.482	60
130.283	130.482	64
130.385	130.58	72
130.481	130.699	71
130.482	130.699	60
130.482	130.699	64
130.58	130.699	72
130.695	130.901	76
130.696	130.901	57
130.891	130.989	64
130.892	130.989	60
131.098	131.504	77
131.102	131.308	64
131.102	131.308	60
131.202	131.406	76
131.305	131.504	75
131.308	131.504	64
131.308	131.504	60
131.406	131.504	76
131.501	131.904	83
131.503	131.904	57
131.606	131.804	81
131.703	131.904	80
131.707	131.904	64
131.707	131.904	60
131.804	131.904	81
131.904	132.347	83
131.904	132.347	57
132.008	132.219	81
132.11	132.347	80
132.113	132.347	64
132.113	132.347	60
132.219	132.347	81
132.344	132.77	84
132.347	132.557	53
132.547	132.648	63
132.548	132.652	57
132.771	132.869	81
132.775	132.87	63
132.775	132.872	57
132.974	133.078	83
132.977	133.079	63
132.977	133.083	57
133.191	133.289	84
133.192	133.289	52
133.393	133.491	83
133.394	133.492	64
133.394	133.492	57
133.597	133.695	81
133.597	133.695	50
133.799	133.908	80
133.8	133.912	59
133.8	133.912	53
134.017	134.114	81
134.017	134.115	48
134.216	134.314	76
134.22	134.317	57
134.22	134.318	52
134.419	134.524	50
134.42	134.528	77
134.622	134.734	74
134.626	134.735	59
134.626	134.737	53
134.843	135.252	72
134.843	135.049	52
134.846	135.045	57
135.045	135.263	57
135.049	135.245	52
135.245	135.473	52
135.252	135.309	72
135.253	135.474	56
135.305	135.414	71
135.361	135.476	72
135.414	135.522	71
135.473	135.73	52
135.474	135.73	56
135.476	135.73	72
135.522	135.634	71
135.571	135.728	69
135.634	135.73	71
135.728	136.166	69
135.729	136.204	45
135.729	136.169	57
136.204	136.305	72
136.205	136.31	76
136.417	136.523	74
136.418	136.523	77
136.635	136.736	76
136.635	136.737	79
136.635	136.739	48
136.834	136.94	76
136.838	136.94	79
136.838	136.94	60
137.044	137.149	81
137.045	137.149	52
137.15	137.478	79
137.255	137.478	77
137.256	137.478	64
137.366	137.478	76
137.476	137.916	74
137.476	137.916	71
137.478	137.916	55
137.689	137.916	67
137.913	138.013	72
137.914	138.014	76
138.122	138.228	74
138.122	138.231	77
138.332	138.437	76
138.339	138.438	79
138.34	138.438	48
138.543	138.643	76
138.543	138.647	79
138.546	138.648	60
138.752	138.854	81
138.753	138.858	52
138.858	139.187	79
138.959	139.187	77
138.963	139.187	64
139.067	139.187	76
139.183	139.616	74
139.184	139.616	71
139.184	139.616	55
139.614	139.729	69
139.614	139.73	72
139.838	139.945	71
139.838	139.949	74
140.051	140.156	72
140.052	140.156	76
140.054	140.157	45
140.257	140.366	72
140.261	140.367	76
140.264	140.367	57
140.467	140.575	77
140.471	140.576	48
140.576	140.898	76
140.675	140.898	74
140.675	140.898	60
140.786	140.898	72
140.895	141.333	71
140.896	141.333	68
140.897	141.333	52
141.108	141.333	64
141.332	141.433	69
141.333	141.433	72
141.541	141.647	71
141.546	141.648	74
141.755	141.863	72
141.759	141.864	76
141.76	141.864	45
141.965	142.07	72
141.969	142.07	76
141.97	142.074	57
142.171	142.273	77
142.172	142.278	48
142.278	142.603	76
142.378	142.603	74
142.382	142.603	60
142.485	142.603	72
142.6	143.033	71
142.602	143.033	68
142.602	143.033	52
143.033	143.128	71
143.131	143.225	69
143.23	143.33	68
143.33	143.443	69
143.443	143.652	72
143.444	143.652	57
143.638	143.737	64
143.638	143.737	60
143.851	144.268	74
143.855	144.053	60
143.856	144.055	64
143.957	144.153	72
144.052	144.268	71
144.053	144.268	60
144.055	144.268	64
144.153	144.268	72
144.266	144.474	76
144.268	144.474	57
144.464	144.562	64
144.465	144.563	60
144.674	145.084	77
144.674	144.878	64
144.674	144.879	60
144.781	144.979	76
144.878	145.084	75
144.878	145.084	64
144.879	145.084	60
144.979	145.084	76
145.081	145.48	83
145.082	145.48	57
145.179	145.378	81
145.277	145.482	80
145.28	145.482	64
145.28	145.482	60
145.378	145.482	81
145.48	145.918	83
145.48	145.918	57
145.578	145.789	81
145.683	145.918	80
145.686	145.918	64
145.686	145.918	60
145.789	145.918	81
145.917	146.344	84
145.918	146.117	57
146.116	146.228	63
146.117	146.229	57
146.344	146.441	81
146.348	146.445	63
146.348	146.446	57
146.547	146.652	83
146.547	146.652	63
146.548	146.656	57
146.763	146.862	84
146.764	146.863	52
146.964	147.061	83
146.967	147.065	64
146.967	147.068	57
147.166	147.271	81
147.167	147.275	50
147.376	147.481	80
147.377	147.485	59
147.379	147.486	53
147.586	147.691	81
147.586	147.692	48
147.789	147.894	76
147.793	147.894	57
147.794	147.898	52
147.993	148.097	50
147.999	148.104	77
148.202	148.311	74
148.202	148.311	59
148.206	148.315	53
148.416	148.83	72
148.419	148.626	52
148.42	148.625	57
148.625	148.839	57
148.626	148.822	52
148.822	149.043	52
148.83	148.881	72
148.832	149.045	56
148.881	148.987	71
148.934	149.056	72
148.987	149.102	71
149.043	149.308	52
149.045	149.308	56
149.056	149.308	72
149.102	149.21	71
149.147	149.304	69
149.21	149.308	71
149.304	149.746	69
149.305	149.774	45
149.305	149.749	57
149.774	150.205	69
149.879	150.205	81
149.987	150.205	71
150.09	150.205	83
150.09	150.205	45
150.131	150.205	49
150.162	150.205	52
150.201	151.037	73
150.202	150.405	57
150.305	151.041	85
150.405	150.618	57
150.617	151.041	69
150.618	150.821	57
150.716	151.041	81
150.82	151.041	71
150.821	151.038	57
150.926	151.041	83
150.928	151.041	45
150.961	151.041	49
151	151.041	52
151.037	151.875	73
151.038	151.238	57
151.135	151.875	85
151.237	151.875	71
151.238	151.443	57
151.345	151.875	83
151.44	151.875	69
151.443	151.654	57
151.545	151.875	81
151.651	151.875	68
151.654	151.875	57
151.762	151.875	80
151.763	151.875	38
151.797	151.875	42
151.836	151.875	45
151.874	152.294	66
151.874	152.081	50
151.976	152.294	78
152.081	152.294	68
152.081	152.294	50
152.186	152.294	80
152.189	152.294	39
152.221	152.294	42
152.252	152.294	45
152.291	152.729	69
152.292	152.505	51
152.395	152.729	81
152.504	152.729	71
152.505	152.729	51
152.615	152.729	83
152.616	152.729	40
152.655	152.729	44
152.69	152.729	47
152.728	153.182	68
152.729	152.942	52
152.837	153.182	80
152.941	153.182	64
152.942	153.182	52
153.058	153.182	76
153.166	153.582	69
153.264	153.582	81
153.365	153.582	71
153.467	153.582	83
153.47	153.582	45
153.502	153.582	49
153.537	153.582	52
153.579	154.402	73
153.581	153.782	57
153.677	154.405	85
153.782	153.989	57
153.988	154.405	69
153.989	154.196	57
154.09	154.405	81
154.195	154.405	71
154.196	154.405	57
154.299	154.405	83
154.3	154.405	45
154.334	154.405	49
154.367	154.405	52
154.402	155.249	73
154.405	154.612	57
154.509	155.249	85
154.612	155.249	71
154.612	154.815	57
154.717	155.249	83
154.814	155.249	69
154.815	155.025	57
154.92	155.249	81
155.024	155.249	68
155.025	155.249	57
155.136	155.249	80
155.136	155.249	38
155.168	155.249	42
155.21	155.249	45
155.245	155.671	66
155.248	155.456	50
155.349	155.671	78
155.455	155.671	71
155.456	155.671	50
155.559	155.671	83
155.56	155.671	40
155.592	155.671	44
155.634	155.671	47
155.669	156.13	68
155.671	155.896	52
155.778	156.13	80
155.893	156.13	64
155.896	156.13	52
156.011	156.13	76
156.127	156.55	69
156.13	156.551	81
156.13	156.551	45
156.571	157.002	69
156.676	157.002	81
156.774	157.002	71
156.887	157.002	83
156.89	157.002	45
156.922	157.002	49
156.956	157.002	52
156.999	157.828	73
156.999	157.201	57
157.097	157.831	85
157.201	157.411	57
157.408	157.831	69
157.411	157.622	57
157.513	157.831	81
157.621	157.831	71
157.622	157.829	57
157.726	157.831	83
157.726	157.831	45
157.758	157.831	49
157.793	157.831	52
157.828	158.672	73
157.829	158.034	57
157.933	158.672	85
158.031	158.672	71
158.034	158.241	57
158.136	158.672	83
158.24	158.672	69
158.241	158.444	57
158.346	158.672	81
158.444	158.672	68
158.444	158.672	57
158.555	158.672	80
158.556	158.672	38
158.594	158.672	42
158.629	158.672	45
158.671	159.087	66
158.672	158.874	50
158.769	159.087	78
158.871	159.087	68
158.874	159.087	50
158.979	159.087	80
158.979	159.087	39
159.011	159.087	42
159.046	159.087	45
159.081	159.526	69
159.084	159.298	51
159.193	159.526	81
159.294	159.526	71
159.298	159.526	51
159.413	159.526	83
159.413	159.526	40
159.449	159.526	44
159.487	159.526	47
159.525	159.973	68
159.526	159.739	52
159.627	159.973	80
159.739	159.973	64
159.739	159.973	52
159.848	159.973	76
159.952	160.369	69
160.056	160.369	81
160.156	160.369	71
160.26	160.369	83
160.261	160.369	45
160.295	160.369	49
160.33	160.369	52
160.365	161.198	73
160.365	160.568	57
160.471	161.199	85
160.568	160.775	57
160.774	161.199	69
160.775	160.981	57
160.883	161.199	81
160.981	161.199	71
160.981	161.198	57
161.09	161.199	83
161.093	161.199	45
161.125	161.199	49
161.159	161.199	52
161.198	162.041	73
161.198	161.399	57
161.3	162.041	85
161.398	162.041	71
161.399	161.608	57
161.503	162.041	83
161.604	162.041	69
161.608	161.817	57
161.713	162.041	81
161.815	162.041	68
161.817	162.041	57
161.926	162.041	80
161.93	162.041	38
161.961	162.041	42
161.996	162.041	45
162.032	162.465	66
162.032	162.241	50
162.137	162.465	78
162.241	162.465	71
162.241	162.465	50
162.35	162.465	83
162.353	162.465	40
162.384	162.465	44
162.42	162.465	47
162.455	162.909	68
162.458	162.682	52
162.571	162.909	80
162.679	162.909	64
162.682	162.868	52
162.798	162.909	76
162.798	162.909	45
162.833	162.909	49
162.868	162.909	52
162.903	163.655	69
162.904	163.655	81
162.905	163.109	57
163.109	163.323	57
163.32	163.631	85
163.321	163.711	73
163.323	163.522	57
163.522	163.655	57
163.631	163.714	85
163.635	163.665	45
163.669	163.7	49
163.701	163.735	52
163.715	164.492	73
163.718	164.492	76
163.732	164.492	81
163.736	164.571	85
163.739	163.945	57
163.945	164.152	57
164.152	164.355	57
164.355	164.492	57
164.471	164.502	45
164.502	164.537	49
164.541	164.572	52
164.548	165.307	73
164.555	165.307	76
164.564	165.307	81
164.575	165.408	85
164.576	164.779	57
164.779	164.986	57
164.986	165.192	57
165.192	165.307	57
165.304	165.338	45
165.339	165.373	49
165.374	165.408	52
165.409	165.822	86
165.412	165.612	57
165.515	165.716	85
165.612	166.029	83
165.612	165.822	57
165.716	165.927	85
165.822	166.196	86
165.822	166.031	57
165.927	166.14	85
166.029	166.196	83
166.031	166.196	57
166.14	166.196	85
166.144	166.196	38
166.175	166.214	42
166.214	166.255	45
166.256	167.092	78
166.256	167.092	81
166.259	167.061	86
166.26	166.459	50
166.459	166.665	50
166.665	166.871	50
166.871	167.004	50
166.98	167.015	45
167.018	167.05	49
167.05	167.093	52
167.064	167.096	86
167.096	167.155	76
167.097	167.155	81
167.099	167.155	85
167.099	167.155	57
167.27	167.298	86
167.302	167.351	76
167.303	167.355	81
167.305	167.355	85
167.306	167.356	57
167.48	167.502	86
167.502	167.554	76
167.505	167.555	81
167.509	167.557	85
167.509	167.558	57
167.687	167.712	86
167.713	167.771	76
167.715	167.771	81
167.716	167.772	85
167.716	167.775	57
167.824	167.855	40
167.858	168.695	44
167.894	168.695	47
167.928	168.793	76
167.929	168.813	80
167.932	168.695	83
167.933	168.134	52
168.134	168.338	52
168.338	168.548	52
168.548	168.695	52
168.661	168.775	88
168.664	168.708	45
168.712	168.764	49
168.764	168.814	52
168.775	169.569	73
168.793	169.569	76
168.802	169.569	81
168.816	169.65	85
168.817	169.023	57
169.023	169.23	57
169.23	169.436	57
169.436	169.569	57
169.545	169.579	45
169.583	169.614	49
169.615	169.65	52
169.629	170.385	73
169.632	170.385	76
169.646	170.385	81
169.653	170.486	85
169.653	169.859	57
169.859	170.066	57
170.066	170.273	57
170.273	170.385	57
170.381	170.416	45
170.42	170.451	49
170.452	170.487	52
170.489	170.899	86
170.49	170.693	57
170.592	170.795	85
170.689	171.11	83
170.693	170.9	57
170.795	171.005	85
170.899	171.224	86
170.9	171.11	57
171.005	171.217	85
171.11	171.224	83
171.11	171.224	57
171.217	171.274	85
171.218	171.253	38
171.253	171.295	42
171.295	171.333	45
171.333	172.162	78
171.337	172.163	81
171.337	172.141	86
171.337	171.536	50
171.536	171.746	50
171.746	171.942	50
171.942	172.082	50
172.057	172.092	45
172.093	172.127	49
172.131	172.166	52
172.142	172.167	86
172.167	173.005	76
172.169	173.006	81
172.17	172.982	85
172.17	172.379	57
172.379	172.583	57
172.583	172.792	57
172.792	172.905	57
172.901	172.936	40
172.936	172.971	44
172.975	173.006	47
172.985	173.009	85
173.01	173.216	76
173.01	173.217	80
173.011	173.217	83
173.013	173.22	52
173.185	173.394	85
173.216	173.419	76
173.217	173.42	80
173.217	173.422	83
173.22	173.423	52
173.394	173.605	85
173.419	173.629	76
173.42	173.629	80
173.422	173.63	83
173.423	173.633	52
173.605	173.751	85
173.629	173.751	76
173.629	173.751	80
173.63	173.751	83
173.633	173.751	52
173.846	174.256	81
173.85	174.287	57
173.951	174.175	64
174.063	174.487	61
174.175	174.382	64
174.228	174.62	76
174.256	174.62	81
174.284	174.599	85
174.287	174.62	57
174.382	174.6	64
174.487	174.62	61
174.599	174.647	85
174.6	174.7	64
174.652	174.676	76
174.679	174.703	81
174.704	175.484	85
174.704	175.114	57
174.805	175.011	64
174.91	175.324	61
175.011	175.218	64
175.114	175.456	57
175.218	175.432	64
175.324	175.456	61
175.432	175.537	64
175.484	175.512	76
175.516	175.537	81
175.54	176.377	85
175.54	175.95	57
175.642	175.845	64
175.747	176.16	61
175.845	176.055	64
175.95	176.377	57
176.055	176.269	64
176.16	176.377	61
176.269	176.377	64
176.374	176.786	86
176.377	176.787	57
176.479	176.681	85
176.482	176.684	64
176.577	176.997	83
176.579	176.998	61
176.681	176.891	85
176.684	176.894	64
176.786	177.22	86
176.787	177.224	57
176.891	177.105	85
176.894	177.108	64
176.997	177.224	83
176.998	177.224	61
177.105	177.224	85
177.108	177.224	64
177.22	178.029	86
177.224	177.318	57
177.319	177.528	66
177.424	177.843	62
177.528	177.739	66
177.634	178.061	57
177.739	177.949	66
177.843	178.092	62
177.949	178.092	66
178.029	178.092	86
178.06	178.106	85
178.061	178.473	57
178.162	178.368	64
178.236	178.445	86
178.267	178.47	85
178.27	178.68	61
178.368	178.575	64
178.445	178.655	86
178.47	178.679	85
178.473	178.897	57
178.575	178.788	64
178.655	178.897	86
178.679	178.897	85
178.68	178.897	61
178.788	178.897	64
178.894	179.773	83
178.894	179.307	52
178.995	179.205	64
179.103	179.513	59
179.205	179.411	64
179.307	179.741	52
179.411	179.628	64
179.513	179.773	59
179.625	179.773	88
179.628	179.773	64
179.696	179.773	45
179.717	179.773	49
179.727	180.517	73
179.74	180.517	76
179.741	179.773	52
179.758	180.517	81
179.768	180.604	85
179.772	179.971	57
179.971	180.184	57
180.184	180.388	57
180.388	180.517	57
180.497	180.527	45
180.531	180.566	49
180.567	180.605	52
180.573	181.336	73
180.587	181.336	76
180.594	181.336	81
180.605	181.434	85
180.609	180.808	57
180.808	181.019	57
181.019	181.224	57
181.224	181.336	57
181.329	181.364	45
181.364	181.399	49
181.399	181.434	52
181.438	181.847	86
181.438	181.645	57
181.54	181.746	85
181.645	182.057	83
181.645	181.848	57
181.746	181.953	85
181.847	182.226	86
181.848	182.057	57
181.953	182.166	85
182.057	182.226	83
182.057	182.226	57
182.166	182.226	85
182.17	182.226	38
182.208	182.239	42
182.243	182.281	45
182.282	183.117	78
182.285	183.121	81
182.285	183.09	86
182.286	182.484	50
182.484	182.694	50
182.694	182.897	50
182.897	183.03	50
183.013	183.048	45
183.051	183.083	49
183.083	183.122	52
183.09	183.122	86
183.122	183.958	76
183.125	183.961	81
183.125	183.93	85
183.126	183.328	57
183.328	183.537	57
183.537	183.744	57
183.744	183.85	57
183.85	183.891	40
183.892	183.926	44
183.926	183.961	47
183.933	183.965	85
183.965	184.165	76
183.966	184.165	80
183.968	184.167	83
183.968	184.168	52
184.139	184.343	85
184.165	184.371	76
184.165	184.374	80
184.167	184.375	83
184.168	184.375	52
184.343	184.549	85
184.371	184.581	76
184.374	184.584	80
184.375	184.584	83
184.375	184.585	52
184.549	184.704	85
184.581	184.704	76
184.584	184.704	80
184.584	184.704	83
184.585	184.704	52
184.686	184.72	45
184.721	184.759	49
184.763	184.794	52
184.795	185.656	69
184.798	185.432	73
184.798	188.249	76
184.798	185.657	81
184.801	185.005	57
185.005	185.214	57
185.214	185.435	57
185.432	186.292	73
185.434	186.296	85
185.435	185.658	57
185.547	186.408	45
185.578	186.453	49
185.62	186.486	52
185.656	186.527	69
185.657	186.528	81
185.658	185.872	57
185.872	186.078	57
186.078	186.296	57
186.292	187.161	73
186.296	187.161	85
186.296	186.53	57
186.408	187.276	45
186.453	187.315	49
186.486	187.35	52
186.527	187.392	69
186.528	187.392	81
186.53	186.733	57
186.733	186.95	57
186.95	187.164	57
187.161	187.598	73
187.161	187.601	85
187.164	187.394	57
187.276	187.708	45
187.315	187.741	49
187.35	187.774	52
187.392	187.811	69
187.392	187.811	81
187.394	187.601	57
187.598	188.017	73
187.601	188.018	85
187.601	187.812	57
187.708	188.246	45
187.741	188.249	49
187.774	188.249	52
187.811	188.242	69
187.811	188.246	81
187.812	188.018	57
188.017	188.249	73
188.018	188.249	85
188.018	188.249	57
188.242	188.708	69
188.246	188.711	81
188.246	189.212	45
188.708	189.208	69
188.71	189.211	73
188.711	189.211	76
188.711	189.211	81
188.714	189.215	57
189.208	190.202	69
189.211	190.202	73
189.211	190.202	76
189.211	190.202	81
189.212	190.202	45
189.215	190.202	49
189.215	190.202	52
189.215	190.202	57
