OnsetTime	OffsetTime	MidiPitch
0.517989	2.79999	67
0.521985	2.80098	79
0.521985	2.80098	43
0.521985	2.80298	31
2.80398	3.21298	71
3.21399	3.35197	72
3.35298	3.74897	74
3.91697	4.29797	74
4.46196	4.84397	74
5.00497	5.42496	72
5.42596	5.55796	74
5.55796	6.38696	75
6.38797	6.66095	74
6.66395	7.20996	72
7.21395	7.62396	74
7.62396	7.76295	72
7.76394	8.31594	71
8.31695	8.72495	69
8.72895	8.86594	71
8.86594	9.43594	72
9.43594	9.85294	74
9.85294	10.0059	75
10.0069	11.781	74
11.781	12.0579	62
11.785	12.0609	67
11.785	12.0609	71
11.785	12.0539	55
12.1939	12.2639	63
12.1949	12.2649	67
12.1949	12.2649	72
12.1959	12.2649	55
12.3309	12.6079	65
12.3319	12.6079	67
12.3339	12.6079	74
12.3339	12.6029	55
12.8689	13.1489	65
12.8739	13.1499	67
12.8739	13.1529	74
12.8759	13.1459	55
13.4229	13.6989	65
13.4229	13.6989	67
13.4259	13.6999	74
13.4259	13.6959	55
13.9689	14.2489	63
13.9689	14.2489	67
13.9719	14.2499	72
13.9719	14.2419	55
14.3819	14.4509	65
14.3819	14.4519	67
14.3829	14.4519	74
14.3849	14.4549	55
14.5209	15.4659	67
14.5219	15.4669	75
14.5219	14.6619	55
15.0529	15.1899	57
15.4699	15.5289	65
15.4709	15.5329	67
15.4709	15.5339	74
15.4729	15.5339	59
15.5999	15.8729	63
15.6029	15.8738	67
15.6039	15.8758	72
15.6039	15.8769	60
16.1519	16.4258	65
16.1528	16.4258	68
16.1528	16.4288	74
16.1559	16.4248	53
16.5588	16.6288	63
16.5598	16.6288	68
16.5618	16.6318	72
16.5618	16.6318	53
16.6978	16.9788	62
16.6988	16.9788	67
16.7018	16.9798	71
16.7018	17.6688	55
17.2478	17.5278	60
17.2518	17.5278	67
17.2518	17.5288	69
17.6688	17.7308	62
17.6698	17.7318	67
17.6698	17.7318	71
17.6718	17.7338	55
17.6718	17.7348	53
17.8008	18.0838	63
17.8018	18.0848	67
17.8018	18.0878	72
17.8048	18.0888	51
17.8058	18.0888	55
18.3888	18.6718	67
18.3898	18.6728	75
18.3898	18.6648	43
18.3918	18.6658	55
18.8128	18.8858	65
18.8128	18.8898	67
18.8138	18.8898	74
18.8138	18.8908	55
18.8158	18.8908	43
18.9598	20.7378	63
18.9638	20.7388	67
18.9638	20.7408	72
18.9668	20.7408	48
18.9668	20.7418	55
20.7418	21.1508	74
21.1518	21.2898	75
21.2908	21.6748	77
21.8468	22.2328	77
22.3998	22.7818	77
22.9418	23.3558	75
23.3568	23.4958	74
23.4958	24.3178	79
24.3188	24.5978	77
24.5988	25.1578	75
25.1588	25.5598	74
25.5608	25.7078	72
25.7078	26.2568	71
26.2608	26.6698	69
26.6698	26.8098	71
26.8108	27.3848	72
27.3848	27.8038	77
27.8048	27.9508	75
27.9548	29.7288	74
29.7328	30.0098	65
29.7328	30.0098	70
29.7338	30.0098	74
29.7358	30.0028	58
30.1418	30.2118	67
30.1428	30.2118	70
30.1458	30.2158	75
30.1468	30.2158	58
30.2828	30.5588	68
30.2828	30.5618	70
30.2838	30.5618	77
30.2858	30.5588	58
30.8318	31.1148	68
30.8348	31.1148	70
30.8348	31.1158	77
30.8358	31.1118	58
31.3838	31.6578	68
31.3848	31.6578	70
31.3848	31.6618	77
31.3878	31.6578	58
31.9308	32.2108	67
31.9308	32.2108	70
31.9318	32.2138	75
31.9348	32.2068	58
32.3428	32.4138	65
32.3438	32.4148	70
32.3438	32.4148	74
32.3448	32.4148	58
32.4798	33.4288	70
32.4808	33.4298	79
32.4838	32.6648	58
33.0148	33.1558	60
33.4298	33.4948	68
33.4318	33.4988	70
33.4318	33.5018	77
33.4328	33.5018	62
33.5658	33.8418	67
33.5688	33.8418	70
33.5688	33.8428	75
33.5698	33.8428	63
34.1108	34.3887	65
34.1148	34.3887	68
34.1157	34.3887	74
34.1178	34.3878	53
34.5177	34.5867	63
34.5207	34.5907	68
34.5207	34.5907	72
34.5217	34.5917	53
34.6637	34.9367	62
34.6647	34.9377	67
34.6677	34.9377	71
34.6687	35.6267	55
35.2167	35.4907	60
35.2177	35.4907	67
35.2177	35.4917	69
35.6297	35.6967	62
35.6307	35.6997	67
35.6307	35.7007	71
35.6337	35.7007	53
35.6347	35.7037	55
35.7667	36.0467	63
35.7667	36.0477	67
35.7677	36.0477	72
35.7697	36.0497	51
35.7697	36.0497	55
36.3577	36.6387	67
36.3617	36.6417	75
36.3627	36.6377	55
36.3627	36.6387	43
36.7817	36.8507	65
36.7817	36.8517	67
36.7857	36.8557	74
36.7857	36.8557	55
36.7867	36.8587	43
36.9287	38.7037	63
36.9297	38.7067	67
36.9297	38.7067	72
36.9317	38.7077	48
36.9327	38.7107	55
38.7117	39.1167	71
39.1167	39.2557	72
39.2567	39.6447	74
39.8087	40.2257	68
39.8097	40.2257	71
39.8097	40.1977	74
39.8107	40.2267	65
40.3587	40.7707	69
40.3587	40.7717	72
40.3587	40.7437	74
40.3627	40.7747	66
40.9047	41.4577	69
40.9057	41.3217	72
40.9057	41.4587	66
40.9077	41.4587	62
41.3247	41.4597	74
41.4607	41.5277	72
41.4617	43.0987	69
41.4617	43.0997	66
41.4647	42.2737	60
41.5287	41.5907	74
41.5907	42.2767	75
42.2767	42.5497	74
42.2777	42.5507	62
42.5507	43.0997	72
42.5507	43.1027	63
43.1037	43.6447	69
43.1037	43.5047	74
43.1057	43.6457	54
43.1067	43.6457	62
43.5087	43.6487	72
43.6487	44.1947	67
43.6487	44.1977	71
43.6527	44.1977	55
43.6527	44.2017	62
44.2017	44.6147	67
44.2027	44.6147	69
44.2027	44.6147	53
44.2057	44.6157	62
44.2057	44.6187	55
44.6187	44.7477	67
44.6197	44.7486	71
44.6217	44.7507	55
44.6217	44.7517	53
44.6217	44.7517	62
44.7517	45.3116	67
44.7557	45.3116	72
44.7557	45.3116	55
44.7557	45.3136	51
44.7576	45.3146	60
45.3146	45.7346	67
45.3156	45.7356	74
45.3186	45.7356	59
45.3186	45.7376	55
45.3186	45.7376	50
45.7386	45.8857	67
45.7416	45.8857	75
45.7416	45.8886	48
45.7426	45.8886	60
45.7426	45.8896	55
45.8926	47.6627	67
45.8926	47.6636	74
45.8936	47.6636	59
45.8936	47.6647	55
47.6667	48.2176	62
47.6676	48.0756	67
47.6676	48.2176	71
47.6687	48.0766	55
47.6696	48.0766	43
48.0726	48.2176	63
48.0756	48.2126	67
48.0766	48.2176	72
48.0766	48.2166	55
48.0766	48.2166	43
48.2116	48.7626	65
48.2126	48.7656	67
48.2156	48.7666	74
48.2166	48.7696	55
48.2166	48.7696	43
48.7626	49.3146	65
48.7656	49.3156	67
48.7666	49.3186	74
48.7696	49.3196	55
48.7696	49.3216	43
49.3146	49.8786	65
49.3156	49.8616	67
49.3186	49.8786	74
49.3196	49.8646	55
49.3216	49.8646	43
49.8606	50.4176	63
49.8616	50.2746	67
49.8646	50.4176	72
49.8646	50.2786	55
49.8646	50.2776	43
50.2736	50.4176	65
50.2746	50.4146	67
50.2746	50.4176	74
50.2776	50.4176	43
50.2786	50.4156	55
50.4146	51.3596	67
50.4146	51.3596	75
50.4156	50.9636	55
50.4176	50.9636	43
50.9456	51.0866	57
50.9496	51.0866	45
51.3626	51.4986	65
51.3636	51.4996	67
51.3636	51.5026	74
51.3636	51.5036	47
51.3666	51.5036	59
51.5036	52.0556	63
51.5056	52.0556	67
51.5066	52.0556	72
51.5066	52.0556	48
51.5076	52.0556	60
52.0456	52.6026	65
52.0456	52.4516	68
52.0466	52.6026	74
52.0486	52.4546	53
52.0486	52.4546	41
52.4516	52.6026	63
52.4516	52.6026	68
52.4546	52.6026	72
52.4546	52.6026	53
52.4546	52.6026	41
52.5946	53.1506	62
52.5976	53.1436	67
52.5976	53.1506	71
52.5986	53.1506	43
52.6016	53.1446	55
53.1406	53.7145	60
53.1436	53.5616	67
53.1446	53.7145	69
53.1446	53.5616	55
53.5606	53.7145	62
53.5616	53.7006	67
53.5616	53.7145	71
53.5616	53.7046	55
53.5636	53.7145	53
53.7006	54.2925	63
53.7006	54.2815	67
53.7015	54.2925	72
53.7015	54.2925	51
53.7046	54.2925	55
54.2815	54.7055	67
54.2815	54.8595	75
54.2826	54.7075	31
54.2826	54.7065	43
54.7055	54.8595	65
54.7055	54.8555	67
54.7055	54.8595	74
54.7065	54.8585	43
54.7075	54.8595	31
54.8515	56.6305	63
54.8555	56.6305	67
54.8565	56.6315	72
54.8585	56.6335	43
54.8585	56.6335	36
56.6335	57.0425	74
57.0435	57.1835	75
57.1835	57.5685	77
57.7325	58.1455	71
57.7335	58.1455	68
57.7355	58.1465	74
57.7365	58.1205	77
57.7395	58.1495	65
58.2855	58.6665	68
58.2855	58.6675	70
58.2865	58.6455	77
58.2885	58.6675	62
58.2895	58.6705	65
58.8005	59.4055	70
58.8035	59.4065	68
58.8035	58.9265	75
58.8045	59.4065	58
58.8045	59.4085	65
58.8595	58.9355	77
58.9265	59.2375	75
59.2375	59.4085	74
59.4095	59.9445	70
59.4125	59.9455	67
59.4125	60.3535	79
59.4135	59.9485	63
59.9485	60.4945	74
59.9485	60.4975	68
59.9515	60.5015	59
59.9525	60.5015	65
59.9525	60.5025	62
60.3575	60.5025	77
60.5045	61.0475	67
60.5045	61.0475	75
60.5055	61.0505	60
60.5055	61.0505	63
61.0515	61.4605	65
61.0545	61.5995	68
61.0555	61.4605	74
61.0555	61.6005	53
61.4615	61.6005	63
61.4635	61.6015	72
61.6045	62.1495	62
61.6045	62.1535	67
61.6045	62.1535	71
61.6065	62.1545	55
62.1565	62.5625	60
62.1565	62.5635	67
62.1575	62.5655	69
62.1575	62.5665	55
62.5665	62.7025	62
62.5705	62.7035	67
62.5705	62.7065	71
62.5705	62.7065	53
62.5735	62.7075	55
62.7075	63.2655	63
62.7095	63.2665	67
62.7095	63.2665	72
62.7105	63.2695	51
62.7105	63.2705	55
63.2705	63.6895	67
63.2725	63.6905	77
63.2725	63.6905	50
63.2735	63.6935	55
63.2735	63.6935	59
63.6945	63.8325	67
63.6945	63.8335	75
63.6965	63.8375	60
63.6965	63.8375	55
63.6975	63.8395	48
63.8405	65.6145	67
63.8405	65.6154	74
63.8415	65.6184	55
63.8445	65.6184	59
65.6215	66.1714	65
65.6224	66.0274	70
65.6224	66.1714	74
65.6254	66.0314	34
65.6264	66.0314	46
66.0274	66.1714	67
66.0274	66.1684	70
66.0314	66.1714	75
66.0314	66.1704	46
66.0314	66.1714	34
66.1674	66.7204	68
66.1684	66.7214	70
66.1684	66.7214	77
66.1704	66.7244	46
66.1714	66.7244	34
66.7204	67.2704	68
66.7214	67.2734	70
66.7214	67.2734	77
66.7244	67.2744	34
66.7244	67.2744	46
67.2704	67.8294	68
67.2734	67.8194	70
67.2734	67.8294	77
67.2744	67.8204	46
67.2744	67.8204	34
67.8154	68.3734	67
67.8194	68.2294	70
67.8204	68.3734	75
67.8204	68.2334	46
67.8204	68.2324	34
68.2254	68.3734	65
68.2294	68.3654	70
68.2324	68.3734	74
68.2324	68.3694	34
68.2334	68.3724	46
68.3654	69.3134	70
68.3694	69.3144	79
68.3694	68.9114	34
68.3724	68.9114	46
68.9014	69.0334	36
68.9014	69.0374	48
69.3154	69.4464	68
69.3184	69.4474	70
69.3184	69.4504	77
69.3184	69.4514	38
69.3214	69.4514	50
69.4534	70.0104	67
69.4544	70.0104	70
69.4544	70.0104	75
69.4574	70.0104	39
69.4584	70.0104	51
69.9994	70.5494	65
70.0004	70.4064	68
70.0004	70.5494	74
70.0034	70.4094	41
70.0044	70.4104	53
70.4054	70.5494	63
70.4064	70.5494	68
70.4064	70.5494	72
70.4094	70.5494	41
70.4104	70.5494	53
70.5464	71.1094	62
70.5464	71.0994	67
70.5474	71.1094	71
70.5474	71.1004	55
70.5494	71.1094	43
71.0954	71.6694	60
71.0994	71.5124	67
71.1004	71.6694	69
71.1004	71.5194	55
71.5124	71.6694	62
71.5124	71.6494	67
71.5154	71.6694	71
71.5194	71.6524	55
71.5194	71.6694	53
71.6484	72.2644	63
71.6494	72.2514	67
71.6494	72.2644	72
71.6514	72.2644	51
71.6524	72.2644	55
72.2514	72.6744	67
72.2514	72.8313	75
72.2544	72.6783	43
72.2544	72.6803	31
72.6733	72.8313	65
72.6744	72.8243	67
72.6774	72.8313	74
72.6783	72.8283	43
72.6803	72.8313	31
72.8243	74.6123	63
72.8243	74.6123	67
72.8283	74.6123	72
72.8283	74.6123	43
72.8313	74.6123	36
74.6063	75.1803	75
75.0273	75.1803	74
75.1733	76.9473	63
75.1733	76.9513	68
75.1743	76.9523	72
75.1773	76.9523	44
75.1773	76.9523	51
75.1773	76.9543	56
76.9553	77.0283	72
77.0283	77.5463	75
77.3883	77.5463	74
77.5393	79.3273	67
77.5423	79.3273	72
77.5433	79.3213	48
77.5433	79.3273	39
77.5453	79.3273	51
79.3203	79.8753	74
79.3213	79.8753	48
79.3243	79.8753	60
79.7233	79.8753	75
79.8703	80.4293	68
79.8733	80.4203	72
79.8733	80.4293	77
79.8743	80.4293	53
79.8743	80.4293	41
80.4163	80.9903	67
80.4203	80.9733	72
80.4203	80.9903	75
80.4213	80.9743	43
80.4223	80.9733	55
80.8293	80.9903	65
80.8333	80.9903	74
80.8333	80.9903	44
80.8363	80.9903	56
80.9693	81.5643	63
80.9733	81.5643	72
80.9733	81.5643	55
80.9743	81.5583	43
81.5543	82.1313	67
81.5573	82.1383	62
81.5583	82.1393	71
81.5583	82.1343	43
81.5603	82.1353	31
82.1273	83.9163	63
82.1313	83.9163	67
82.1323	83.9163	72
82.1323	83.9163	48
82.1343	83.9163	43
82.1343	83.9163	36
83.9093	84.4973	75
84.3263	84.4973	74
84.4903	86.2643	63
84.4913	86.2653	68
84.4933	86.2653	72
84.4933	86.2673	44
84.4933	86.2683	51
84.4943	86.2683	56
86.2713	86.8632	75
86.6893	86.8632	74
86.8562	88.6512	67
86.8602	88.6512	72
86.8602	88.6512	39
86.8602	88.6512	48
86.8632	88.6512	51
88.6382	89.0362	73
89.0402	89.1832	75
89.1842	89.3162	73
89.1872	89.7232	68
89.1872	89.7262	49
89.2512	89.3162	75
89.3142	89.7272	77
89.7302	90.0032	68
89.7302	90.0062	75
89.7312	90.0022	51
90.1432	90.2052	68
90.1432	90.2062	73
90.1432	90.2102	53
90.2752	90.5592	68
90.2762	90.5622	72
90.2792	90.5632	51
90.8632	91.1462	63
90.8642	91.1472	67
90.8642	91.1512	61
90.8672	91.1512	70
90.8682	91.1472	51
90.8682	91.1502	39
91.4312	92.6132	60
91.4342	92.6132	63
91.4342	92.6132	68
91.4352	92.6132	44
91.6302	92.0262	48
91.8272	92.2152	51
92.0262	92.6132	48
92.2152	92.6132	51
92.4072	92.6132	56
92.6032	93.1772	47
92.7932	93.1772	50
92.9812	93.1772	56
93.1742	93.7402	68
93.1742	93.7402	48
93.3522	93.7402	51
93.5382	93.7402	56
93.5862	93.7402	72
93.7372	94.3042	75
93.7382	94.8572	44
93.9262	94.3042	48
94.1162	94.6652	56
94.3042	94.8502	75
94.3042	94.8572	48
94.4862	94.8572	51
94.6652	94.8572	56
94.8502	95.3972	75
94.8512	95.4032	47
95.0322	95.4032	50
95.2112	95.4032	56
95.3972	95.9742	75
95.3972	95.9742	48
95.5782	95.9742	51
95.7742	95.9742	56
95.9702	97.0792	77
95.9702	96.5162	49
96.1552	96.5272	53
96.3382	96.5272	56
96.5162	97.0792	49
96.6982	97.0792	55
96.8702	97.0792	58
97.0632	98.1652	75
97.0652	97.6152	48
97.2482	97.9762	56
97.4302	98.1652	60
97.6152	98.1652	48
97.7942	98.1652	51
97.9762	98.1652	56
98.1612	99.2742	73
98.1612	98.7142	46
98.3472	98.7152	51
98.5252	98.7152	56
98.7142	99.2742	46
98.8932	99.2742	51
99.0652	99.2742	55
99.2572	100.352	72
99.2592	99.8032	44
99.4352	99.8132	51
99.6182	99.8132	58
99.8032	100.352	44
99.9772	100.352	51
100.156	100.352	56
100.349	100.905	70
100.352	100.905	49
100.534	100.905	56
100.713	100.905	58
100.902	101.469	73
100.902	101.469	53
101.08	101.469	56
101.266	101.469	61
101.448	102.018	72
101.448	102.005	51
101.63	102.018	56
101.815	102.018	60
102.004	102.578	70
102.005	102.578	51
102.194	102.578	55
102.379	102.578	58
102.574	103.726	68
102.575	103.726	44
102.764	103.152	48
102.956	103.524	56
103.152	103.726	48
103.338	103.726	51
103.524	103.726	56
103.717	104.282	47
103.902	104.282	50
104.087	104.282	56
104.273	104.847	68
104.273	104.847	48
104.458	104.847	51
104.64	104.847	56
104.685	104.847	72
104.843	105.406	75
104.844	105.959	44
105.028	105.406	48
105.218	105.771	56
105.403	105.949	63
105.406	105.952	75
105.406	105.959	48
105.585	105.959	51
105.771	105.959	56
105.949	106.495	63
105.952	106.499	75
105.953	106.501	47
106.131	106.501	50
106.316	106.501	56
106.495	107.115	63
106.499	107.115	75
106.499	107.115	48
106.68	107.115	51
106.873	107.115	56
107.111	108.231	64
107.111	108.231	76
107.114	107.664	49
107.296	107.667	52
107.478	107.667	56
107.664	108.231	49
107.843	108.231	52
108.024	108.231	58
108.217	109.316	63
108.218	109.316	75
108.218	108.767	47
108.396	108.941	54
108.577	109.12	59
108.767	109.316	47
108.941	109.316	54
109.12	109.316	59
109.313	110.425	73
109.316	109.858	52
109.494	109.869	56
109.677	109.869	61
109.858	110.425	52
110.037	110.425	54
110.215	110.425	58
110.404	111.493	71
110.405	110.947	51
110.59	110.964	54
110.769	110.964	59
110.947	111.493	51
111.129	111.493	55
111.22	111.493	70
111.308	111.493	61
111.489	112.029	68
111.493	112.031	52
111.668	112.031	56
111.853	112.031	59
112.029	112.091	68
112.031	112.584	56
112.092	112.584	76
112.203	112.584	59
112.389	112.584	64
112.564	113.134	75
112.567	113.121	54
112.749	113.134	59
112.935	113.134	63
113.121	113.694	73
113.121	113.694	54
113.31	113.694	58
113.495	113.694	61
113.684	115.392	71
113.685	114.843	47
113.88	114.262	51
114.072	114.64	59
114.262	114.843	51
114.454	114.843	54
114.64	114.843	59
114.825	115.399	50
115.017	115.399	53
115.203	115.399	59
115.392	115.963	71
115.393	115.963	51
115.574	115.963	54
115.759	115.963	59
115.805	115.963	75
115.96	116.523	66
115.962	116.526	78
115.962	116.526	47
116.145	116.701	51
116.337	116.887	54
116.523	117.079	66
116.526	117.079	78
116.526	117.079	47
116.701	117.079	51
116.887	117.079	54
117.068	117.619	67
117.072	117.619	79
117.072	117.619	46
117.247	117.619	49
117.433	117.619	51
117.614	118.168	68
117.618	118.168	80
117.618	118.168	44
117.799	118.168	49
117.978	118.168	51
118.164	118.721	70
118.168	118.721	82
118.168	118.714	43
118.349	118.721	49
118.532	118.721	51
118.711	119.266	73
118.714	119.266	85
118.714	119.266	43
118.896	119.266	46
119.074	119.266	51
119.257	119.815	71
119.259	119.815	83
119.26	119.815	44
119.442	119.815	47
119.627	119.815	51
119.808	120.376	70
119.809	120.376	82
119.812	120.376	49
119.991	120.376	52
120.18	120.376	58
120.226	120.376	68
120.229	120.376	80
120.373	120.936	67
120.375	120.937	79
120.376	120.937	51
120.558	121.118	58
120.747	121.304	61
120.936	121.506	67
120.937	121.506	79
120.937	121.496	51
121.118	121.506	58
121.304	121.506	61
121.492	122.62	68
121.496	122.62	80
121.496	122.041	51
121.671	122.227	58
121.765	122.322	67
121.766	122.322	79
121.856	122.413	61
122.039	122.622	65
122.039	122.622	77
122.041	122.622	51
122.227	122.622	58
122.322	122.622	67
122.322	122.622	79
122.413	122.622	61
122.62	123.568	68
122.62	124.324	80
122.62	123.771	56
122.808	123.193	60
123.001	123.376	63
123.193	123.771	60
123.376	123.771	63
123.568	124.132	68
123.753	124.328	59
123.946	124.328	62
124.132	124.328	68
124.324	124.891	80
124.327	124.891	60
124.502	124.891	63
124.688	124.891	68
124.737	124.891	84
124.888	125.451	75
124.889	125.451	87
124.891	126.005	56
125.077	125.452	60
125.266	125.815	68
125.451	126	75
125.451	126.004	87
125.452	126.005	60
125.633	126.005	63
125.815	126.005	68
126	126.543	75
126.004	126.543	87
126.004	126.549	59
126.183	126.549	62
126.361	126.549	68
126.543	127.103	75
126.543	127.103	87
126.544	127.103	60
126.725	127.103	63
126.911	127.103	68
127.099	127.652	77
127.099	127.652	89
127.1	127.65	61
127.278	127.652	65
127.457	127.652	68
127.646	128.195	79
127.649	128.195	91
127.65	128.195	61
127.824	128.195	63
128.002	128.195	70
128.192	128.748	80
128.193	128.748	92
128.195	128.746	60
128.37	128.748	63
128.556	128.748	68
128.745	129.297	75
128.746	129.298	87
128.746	129.301	60
128.927	129.301	63
129.105	129.301	68
129.297	130.4	75
129.298	130.4	87
129.301	129.865	58
129.49	130.047	63
129.675	130.4	70
129.864	130.4	73
129.865	130.4	85
129.865	130.4	58
130.047	130.4	63
130.225	130.411	67
130.411	130.964	73
130.414	130.964	85
130.414	130.963	56
130.593	130.964	63
130.771	130.964	68
130.96	131.405	72
130.963	131.405	84
130.963	131.405	56
131.139	131.405	63
131.324	131.509	68
131.51	132.062	82
131.51	132.062	61
131.692	132.062	68
131.871	132.062	70
132.056	132.622	85
132.059	132.622	65
132.241	132.622	68
132.423	132.622	73
132.608	133.175	84
132.608	133.162	63
132.787	133.175	68
132.979	133.175	72
133.161	133.738	82
133.162	133.738	63
133.351	133.738	67
133.537	133.738	70
133.729	133.917	80
133.731	135.846	60
133.732	135.429	56
133.732	134.11	68
133.917	134.681	63
134.11	134.495	68
134.303	135.059	72
134.495	135.241	68
134.681	136	63
134.869	135.8	75
135.059	135.615	72
135.241	135.427	68
135.427	136	68
135.429	136	56
135.615	136	72
135.8	135.999	75
135.846	136	60
135.999	136.56	75
136	136.561	63
136.182	136.739	70
136.371	136.921	67
136.56	137.106	75
136.561	137.107	63
136.739	137.123	70
136.921	137.123	67
137.106	137.669	75
137.107	137.653	63
137.285	137.669	72
137.47	137.669	68
137.653	138.218	70
137.653	138.218	63
137.838	138.218	75
138.024	138.218	79
138.212	138.761	80
138.216	139.311	65
138.395	138.775	75
138.58	138.775	68
138.761	139.307	80
138.94	139.311	74
139.115	139.311	68
139.307	139.874	80
139.308	140.414	63
139.486	139.874	75
139.672	139.857	70
139.857	140.414	70
140.039	140.414	75
140.211	140.414	79
140.404	140.957	77
140.407	141.508	61
140.589	140.963	70
140.771	140.963	67
140.957	141.495	77
141.128	141.508	71
141.309	141.508	67
141.495	142.055	77
141.499	142.601	60
141.68	142.055	72
141.859	142.045	68
142.045	142.601	68
142.22	142.601	72
142.398	142.601	75
142.591	143.145	61
142.594	143.147	58
142.776	143.147	68
142.958	143.147	73
143.144	143.711	65
143.145	143.711	61
143.322	143.711	68
143.511	143.711	70
143.69	144.247	63
143.693	144.25	60
143.876	144.25	68
144.061	144.25	72
144.247	144.814	63
144.249	144.821	67
144.249	144.817	51
144.25	144.821	58
144.434	144.821	75
144.624	144.821	73
144.814	145.002	63
144.815	145.199	68
144.816	145.394	72
144.816	146.515	56
144.817	147.083	51
144.82	146.517	44
145.002	145.768	63
145.199	145.583	68
145.394	146.146	72
145.583	146.329	68
145.768	147.084	63
145.958	146.881	75
146.146	146.696	72
146.329	146.514	68
146.514	147.085	68
146.515	147.085	56
146.517	147.085	44
146.696	147.085	72
146.881	147.082	75
146.931	147.085	48
146.932	147.085	60
147.082	147.641	75
147.083	147.645	51
147.084	147.641	63
147.267	147.827	70
147.459	148.009	67
147.641	148.187	75
147.641	148.191	63
147.645	148.188	51
147.827	148.198	70
148.009	148.198	67
148.187	148.743	75
148.188	148.734	51
148.191	148.736	63
148.373	148.743	71
148.555	148.743	68
148.734	149.311	70
148.734	149.311	51
148.736	149.311	63
148.919	149.311	75
149.111	149.311	79
149.307	149.871	80
149.31	150.434	52
149.311	150.434	64
149.493	149.881	75
149.686	149.881	68
149.871	150.42	80
150.052	150.434	73
150.231	150.434	70
150.42	150.983	80
150.42	151.531	51
150.423	151.531	63
150.602	150.983	75
150.788	150.966	71
150.966	151.531	71
151.148	151.531	75
151.327	151.531	78
151.53	152.072	76
151.53	152.632	49
151.531	152.632	61
151.704	152.09	71
151.89	152.09	67
152.072	152.621	76
152.251	152.632	70
152.426	152.632	67
152.621	153.715	76
152.622	153.715	59
152.622	153.715	47
152.797	153.343	71
152.983	153.16	68
153.16	153.711	68
153.343	153.715	71
153.43	153.715	58
153.514	153.715	75
153.711	154.256	68
153.714	154.259	56
153.714	154.277	52
153.893	154.277	71
154.074	154.277	73
154.256	154.824	68
154.257	154.824	49
154.259	154.824	56
154.26	154.824	64
154.438	154.824	71
154.62	154.824	76
154.82	155.377	66
154.824	155.39	63
154.824	155.38	54
155.002	155.39	71
155.188	155.39	75
155.377	155.965	66
155.38	155.971	70
155.38	155.969	54
155.38	155.971	61
155.565	155.971	78
155.751	155.971	76
155.965	156.149	66
155.965	156.15	71
155.968	156.153	75
155.969	158.233	47
155.969	158.236	54
155.971	158.236	59
156.154	156.913	63
156.342	156.727	66
156.538	157.291	71
156.727	157.477	66
156.913	158.236	63
157.106	157.848	75
157.291	157.662	71
157.477	158.232	66
157.662	158.236	71
157.848	158.236	75
158.033	158.233	78
158.232	158.792	66
158.233	158.793	78
158.233	158.795	47
158.418	158.974	51
158.6	159.159	54
158.792	159.348	66
158.793	159.348	78
158.795	159.348	47
158.974	159.348	51
159.159	159.348	54
159.341	159.891	67
159.342	159.891	79
159.344	159.891	46
159.52	159.891	49
159.706	159.891	51
159.888	160.441	68
159.889	160.441	80
159.891	160.441	44
160.066	160.441	49
160.252	160.441	51
160.439	160.993	70
160.44	160.993	82
160.441	160.987	43
160.616	160.993	49
160.802	160.993	51
160.985	161.534	73
160.986	161.534	85
160.987	161.534	43
161.163	161.534	46
161.35	161.534	51
161.529	162.089	71
161.533	162.089	83
161.533	162.089	44
161.715	162.089	47
161.893	162.089	51
162.082	162.649	70
162.083	162.649	82
162.083	162.649	49
162.264	162.649	52
162.451	162.649	58
162.493	162.649	68
162.495	162.649	80
162.639	163.209	67
162.642	163.21	79
162.643	163.21	51
162.828	163.392	58
163.021	163.577	61
163.209	163.773	67
163.21	163.773	79
163.21	163.767	51
163.392	163.773	58
163.577	163.773	61
163.766	164.886	68
163.766	164.886	80
163.767	164.315	51
163.945	164.494	58
164.036	164.595	67
164.038	164.596	79
164.13	164.686	61
164.311	164.892	65
164.312	164.892	77
164.315	164.892	51
164.494	164.892	58
164.595	164.892	67
164.596	164.892	79
164.686	164.892	61
164.886	166.031	68
164.886	166.031	80
164.886	166.031	44
165.075	165.27	51
165.075	165.274	56
165.076	165.275	60
165.27	165.463	51
165.274	165.463	56
165.275	165.464	60
165.463	165.648	51
165.463	165.652	56
165.464	165.652	60
165.648	165.842	51
165.652	165.841	60
165.652	165.842	56
165.841	166.03	60
165.842	166.031	56
165.842	166.03	51
166.028	166.317	73
166.03	166.166	60
166.03	166.167	51
166.031	166.167	56
166.212	166.345	60
166.213	166.345	51
166.215	166.349	56
166.296	166.59	72
166.391	166.53	51
166.394	166.534	60
166.394	166.535	56
166.572	166.866	71
166.573	166.709	60
166.573	166.709	56
166.576	166.713	51
166.758	166.901	56
166.758	166.901	60
166.759	166.902	51
166.856	167.119	72
166.95	167.077	60
166.951	167.077	56
166.951	167.078	51
167.119	168.245	72
167.12	168.25	37
167.252	168.25	77
167.297	167.49	53
167.297	167.487	60
167.301	167.493	49
167.487	168.25	60
167.49	167.682	53
167.493	167.682	49
167.679	167.868	57
167.682	167.867	49
167.682	167.864	53
167.864	168.06	53
167.867	168.057	49
167.868	168.06	57
168.057	168.246	49
168.06	168.25	57
168.06	168.249	53
168.245	168.529	72
168.246	168.382	49
168.246	168.382	58
168.249	168.383	53
168.431	168.56	49
168.432	168.56	53
168.432	168.564	58
168.515	168.805	70
168.606	168.743	58
168.61	168.743	49
168.613	168.743	53
168.788	169.086	69
168.792	168.928	49
168.792	168.928	58
168.792	168.929	53
168.974	169.12	49
168.975	169.121	53
168.977	169.121	58
169.067	169.341	70
169.159	169.292	53
169.163	169.296	49
169.163	169.297	58
169.341	170.482	70
169.342	170.482	36
169.471	170.482	75
169.519	169.712	48
169.519	169.712	51
169.52	169.713	58
169.712	169.906	51
169.712	169.905	48
169.713	170.482	58
169.905	170.091	48
169.906	170.09	55
169.906	170.091	51
170.09	170.283	55
170.091	170.279	51
170.091	170.279	48
170.279	170.472	48
170.279	170.472	51
170.283	170.482	55
170.468	170.751	73
170.471	170.605	56
170.472	170.608	51
170.472	170.608	48
170.647	170.786	51
170.647	170.787	48
170.648	170.787	56
170.741	171.028	72
170.832	170.965	51
170.833	170.965	56
170.833	170.969	48
171.011	171.308	70
171.014	171.15	48
171.014	171.15	56
171.014	171.154	51
171.196	171.335	48
171.2	171.339	56
171.201	171.34	51
171.291	171.585	68
171.385	171.536	51
171.386	171.537	48
171.386	171.537	56
171.585	172.134	67
171.588	172.134	75
171.592	172.134	37
171.766	171.945	53
171.77	171.945	49
171.855	172.134	65
171.858	172.134	73
171.945	172.131	53
171.945	172.131	49
172.128	172.708	63
172.131	172.708	72
172.131	172.306	49
172.131	172.306	53
172.306	172.489	49
172.306	172.488	53
172.401	172.708	61
172.403	172.708	70
172.488	172.708	53
172.489	172.708	49
172.691	173.275	60
172.694	173.275	68
172.695	173.265	39
172.869	173.058	51
172.869	173.054	56
173.054	173.275	56
173.058	173.275	51
173.261	173.846	63
173.261	173.846	72
173.265	173.846	39
173.45	173.636	51
173.451	173.636	55
173.636	173.846	51
173.636	173.846	55
173.684	173.846	61
173.685	173.846	70
173.842	174.032	60
173.843	174.981	68
173.843	174.981	44
174.032	174.224	60
174.034	174.225	51
174.035	174.224	56
174.224	174.42	56
174.224	174.416	60
174.225	174.417	51
174.416	174.606	60
174.417	174.609	51
174.42	174.606	56
174.606	174.791	60
174.606	174.794	56
174.609	174.791	51
174.791	174.98	60
174.791	174.98	51
174.794	174.98	56
174.976	175.266	73
174.98	175.116	60
174.98	175.116	51
174.98	175.12	56
175.162	175.294	56
175.162	175.295	60
175.165	175.298	51
175.25	175.54	72
175.343	175.484	51
175.344	175.484	56
175.344	175.485	60
175.522	175.816	71
175.522	175.665	60
175.526	175.669	56
175.526	175.67	51
175.707	175.855	51
175.708	175.855	56
175.708	175.855	60
175.806	176.093	72
175.901	176.044	51
175.901	176.047	60
175.902	176.048	56
176.093	176.387	84
176.094	177.223	77
176.096	176.236	37
176.285	176.422	49
176.286	176.425	53
176.286	176.425	60
176.376	176.677	82
176.471	176.614	60
176.471	176.615	53
176.472	176.615	49
176.659	176.953	81
176.664	176.807	49
176.664	176.807	60
176.664	176.807	53
176.853	176.992	53
176.853	176.992	60
176.854	176.993	49
176.946	177.224	82
177.038	177.178	53
177.039	177.178	49
177.039	177.178	60
177.224	177.513	72
177.227	177.363	58
177.227	177.364	53
177.23	177.367	49
177.409	177.541	53
177.412	177.546	58
177.412	177.546	49
177.497	177.787	70
177.59	177.731	53
177.591	177.732	58
177.591	177.732	49
177.769	178.067	69
177.769	177.905	53
177.77	177.909	58
177.773	177.912	49
177.961	178.102	53
177.962	178.102	49
177.962	178.102	58
178.053	178.336	70
178.144	178.283	49
178.148	178.288	58
178.151	178.288	53
178.336	178.623	82
178.34	179.474	75
178.341	178.477	36
178.521	178.669	58
178.526	178.669	51
178.526	178.672	48
178.624	178.913	80
178.714	178.857	58
178.718	178.862	48
178.718	178.864	51
178.914	179.19	79
178.914	179.054	51
178.917	179.054	58
178.918	179.055	48
179.099	179.235	51
179.099	179.24	48
179.103	179.24	58
179.193	179.478	80
179.285	179.428	58
179.286	179.432	48
179.286	179.432	51
179.478	179.761	73
179.48	179.61	51
179.481	179.611	48
179.481	179.611	56
179.656	179.796	56
179.656	179.796	48
179.657	179.796	51
179.75	180.034	72
179.834	179.974	51
179.837	179.978	48
179.838	179.978	56
180.02	180.317	70
180.023	180.159	51
180.024	180.163	56
180.027	180.164	48
180.208	180.349	51
180.209	180.349	48
180.209	180.35	56
180.3	180.594	68
180.394	180.544	51
180.394	180.545	56
180.395	180.545	48
180.597	181.137	75
180.598	181.14	67
180.601	181.14	79
180.601	181.14	37
180.775	180.958	56
180.776	180.958	49
180.78	180.954	53
180.866	181.14	73
180.867	181.14	65
180.87	181.14	77
180.954	181.139	53
180.958	181.14	56
180.958	181.14	49
181.133	181.703	72
181.136	181.718	63
181.137	181.718	75
181.139	181.315	53
181.14	181.318	57
181.14	181.315	49
181.315	181.497	53
181.315	181.497	49
181.318	181.718	57
181.406	181.718	70
181.41	181.718	61
181.41	181.718	73
181.496	181.718	58
181.497	181.718	49
181.497	181.718	53
181.703	182.284	72
181.703	182.284	60
181.703	182.284	68
181.707	182.275	39
181.878	182.061	51
181.882	182.061	56
182.061	182.284	51
182.061	182.284	56
182.27	182.852	61
182.274	182.852	67
182.275	182.852	73
182.275	182.852	39
182.452	182.638	58
182.455	182.641	55
182.456	182.641	51
182.638	182.852	58
182.641	182.852	55
182.641	182.852	51
182.687	182.852	70
182.845	184.531	56
182.848	184.531	63
182.849	184.532	60
182.849	184.535	68
182.851	184.535	32
182.851	182.988	44
183.037	183.18	51
183.037	183.181	44
183.037	183.181	48
183.233	183.372	48
183.233	183.373	44
183.234	183.373	51
183.421	183.562	44
183.426	183.565	48
183.426	183.566	51
183.611	183.747	48
183.611	183.748	51
183.612	183.75	44
183.799	183.94	51
183.803	183.94	48
183.804	183.941	44
183.989	184.125	44
183.989	184.126	51
183.989	184.126	48
184.171	184.304	44
184.172	184.308	51
184.174	184.311	48
184.353	184.486	44
184.353	184.487	48
184.357	184.487	51
184.536	184.952	60
184.538	184.672	51
184.539	184.672	48
184.542	184.672	44
184.717	184.857	44
184.717	184.858	48
184.721	184.86	51
184.902	185.052	44
184.906	185.053	48
184.906	185.056	51
184.952	185.101	63
185.102	185.536	56
185.102	185.539	68
185.103	185.249	44
185.105	186.247	32
185.295	185.438	51
185.295	185.439	44
185.296	185.439	48
185.483	185.631	48
185.484	185.631	44
185.487	185.631	51
185.682	186.099	56
185.683	186.1	68
185.683	185.823	44
185.686	185.824	48
185.687	185.824	51
185.868	186.004	48
185.868	186.005	51
185.869	186.008	44
186.053	186.197	48
186.054	186.197	44
186.054	186.201	51
186.247	186.652	56
186.248	186.653	68
186.25	186.375	51
186.25	186.379	48
186.251	186.382	44
186.425	186.565	48
186.426	186.565	44
186.428	186.569	51
186.611	186.743	51
186.613	186.743	44
186.614	186.747	48
186.789	187.209	56
186.79	187.209	68
186.792	186.929	44
186.792	186.929	51
186.796	186.933	48
186.977	187.114	51
186.978	187.118	48
186.978	187.118	44
187.16	187.348	44
187.163	187.349	51
187.163	187.349	48
187.412	189.101	55
187.413	189.101	67
187.413	188.556	31
187.415	187.556	43
187.608	187.748	43
187.612	187.749	51
187.612	187.751	48
187.8	187.943	48
187.8	187.948	51
187.804	187.948	43
187.992	188.133	48
187.993	188.133	51
187.993	188.134	43
188.177	188.32	43
188.177	188.325	48
188.179	188.325	51
188.366	188.507	48
188.37	188.51	43
188.371	188.51	51
188.556	188.695	43
188.556	188.696	51
188.559	188.696	48
188.741	188.874	51
188.742	188.874	48
188.744	188.878	43
188.919	189.052	48
188.92	189.053	51
188.923	189.056	43
189.102	189.518	60
189.102	189.241	43
189.105	189.242	51
189.105	189.242	48
189.283	189.43	51
189.284	189.43	43
189.286	189.431	48
189.476	189.622	48
189.476	189.623	43
189.479	189.623	51
189.518	189.668	63
189.669	190.102	55
189.669	190.106	67
189.672	190.813	31
189.673	189.816	43
189.86	190.004	51
189.861	190.005	43
189.861	190.008	48
190.057	190.196	51
190.06	190.197	48
190.06	190.201	43
190.249	190.673	67
190.25	190.674	55
190.253	190.389	43
190.253	190.39	48
190.253	190.39	51
190.435	190.574	48
190.435	190.575	43
190.436	190.575	51
190.627	190.767	51
190.628	190.767	48
190.628	190.768	43
190.813	191.222	55
190.817	191.226	67
190.817	190.953	51
190.817	190.954	48
190.82	190.954	43
190.991	191.132	51
190.992	191.132	43
190.995	191.135	48
191.176	191.313	51
191.181	191.313	48
191.181	191.314	43
191.359	191.776	55
191.36	191.776	67
191.36	191.499	43
191.362	191.499	48
191.362	191.5	51
191.544	191.681	43
191.545	191.684	51
191.545	191.684	48
191.73	191.915	51
191.73	191.916	48
191.731	191.919	43
191.985	193.211	53
191.986	193.211	65
191.989	193.211	29
191.989	192.174	41
192.174	192.374	41
192.178	192.374	51
192.178	192.375	48
192.374	192.562	41
192.374	192.567	51
192.375	192.566	48
192.562	192.759	41
192.566	192.759	48
192.567	192.76	51
192.759	192.944	48
192.759	192.944	41
192.76	192.941	51
192.941	193.211	51
192.944	193.211	48
192.944	193.211	41
193.207	194.369	54
193.21	194.369	66
193.211	194.369	30
193.211	193.396	42
193.396	193.593	48
193.396	193.593	42
193.397	193.592	51
193.592	193.791	51
193.593	193.792	42
193.593	193.792	48
193.791	193.977	51
193.792	193.977	48
193.792	193.978	42
193.977	194.17	51
193.977	194.17	48
193.978	194.169	42
194.169	194.369	42
194.17	194.369	48
194.17	194.369	51
194.362	194.498	67
194.366	194.499	55
194.366	196.067	43
194.366	196.067	47
194.367	196.067	50
194.544	194.691	55
194.545	194.691	67
194.737	194.876	55
194.737	194.877	67
194.922	195.068	55
194.922	195.069	67
195.114	195.258	55
195.115	195.259	67
195.307	195.443	55
195.307	195.444	67
195.492	195.636	55
195.493	195.636	67
195.681	195.828	55
195.682	195.829	67
195.874	196.013	55
195.875	196.014	67
196.069	196.199	55
196.07	196.2	67
196.07	196.479	47
196.245	196.385	55
196.248	196.389	67
196.43	196.57	55
196.434	196.57	67
196.48	196.62	48
196.62	196.759	67
196.621	196.76	55
196.621	197.012	50
196.805	196.942	55
196.806	196.942	67
196.987	197.134	55
196.991	197.135	67
197.179	197.313	55
197.183	197.316	67
197.183	197.564	50
197.362	197.501	55
197.362	197.502	67
197.54	197.68	55
197.54	197.68	67
197.725	197.858	55
197.729	197.862	67
197.729	198.11	50
197.908	198.047	55
197.909	198.048	67
198.086	198.226	55
198.087	198.226	67
198.272	198.411	55
198.272	198.412	67
198.275	198.684	48
198.457	198.594	55
198.46	198.594	67
198.638	198.779	55
198.639	198.78	67
198.685	198.821	50
198.821	198.961	67
198.824	198.965	55
198.828	199.646	51
199.009	199.143	55
199.01	199.144	67
199.188	199.328	55
199.188	199.329	67
199.377	199.514	55
199.378	199.515	67
199.553	199.692	55
199.556	199.697	67
199.647	199.927	50
199.741	199.878	55
199.742	199.882	67
199.927	200.067	55
199.927	200.068	67
199.931	200.476	48
200.112	200.246	55
200.113	200.246	67
200.29	200.431	55
200.291	200.432	67
200.48	200.612	55
200.481	200.613	67
200.481	200.883	46
200.658	200.795	55
200.659	200.795	67
200.837	200.98	53
200.837	200.984	65
200.886	201.029	44
201.029	201.212	63
201.033	201.212	60
201.033	201.213	67
201.034	201.213	55
201.034	201.586	43
201.212	201.397	63
201.212	201.398	60
201.213	201.398	55
201.213	201.398	67
201.397	201.579	63
201.398	201.583	60
201.398	201.583	55
201.398	201.585	67
201.579	201.761	63
201.583	201.761	60
201.583	201.762	55
201.585	201.764	67
201.586	202.137	43
201.761	201.946	63
201.761	201.947	60
201.762	201.947	55
201.764	201.95	67
201.946	202.143	63
201.947	202.143	60
201.947	202.136	55
201.95	202.136	67
202.132	202.317	62
202.133	202.318	59
202.136	202.321	55
202.136	202.322	67
202.137	202.688	43
202.317	202.496	62
202.318	202.5	59
202.321	202.5	55
202.322	202.503	67
202.496	202.685	62
202.5	202.686	59
202.5	202.686	55
202.503	202.688	67
202.685	202.871	62
202.686	202.871	59
202.686	202.871	55
202.688	202.872	67
202.688	203.242	43
202.871	203.049	62
202.871	203.049	59
202.871	203.052	55
202.872	203.053	67
203.049	203.242	62
203.049	203.242	59
203.052	203.238	55
203.053	203.238	67
203.235	203.374	63
203.238	203.378	60
203.238	203.378	67
203.238	203.379	55
203.242	204.361	48
203.427	203.566	55
203.427	203.567	67
203.612	203.756	55
203.613	203.76	67
203.805	203.945	55
203.805	203.946	67
203.99	204.127	55
203.991	204.127	67
204.175	204.309	55
204.176	204.31	67
204.361	204.497	55
204.362	204.502	67
204.547	204.68	55
204.548	204.68	67
204.726	204.865	55
204.726	204.866	67
204.911	205.051	55
204.912	205.051	67
204.914	205.331	35
204.915	205.332	47
205.097	205.236	55
205.1	205.24	67
205.282	205.419	55
205.285	205.419	67
205.334	205.464	36
205.335	205.464	48
205.464	205.656	67
205.468	205.656	55
205.468	206.031	50
205.468	206.029	38
205.656	205.842	55
205.656	205.843	67
205.842	206.028	55
205.843	206.028	67
206.028	206.213	55
206.028	206.217	67
206.029	206.581	38
206.031	206.584	50
206.213	206.392	55
206.217	206.392	67
206.392	206.58	55
206.392	206.581	67
206.58	206.71	55
206.581	206.714	67
206.581	207.14	38
206.584	207.14	50
206.759	206.941	55
206.759	206.941	67
206.941	207.14	55
206.941	207.14	67
207.122	207.305	56
207.123	207.305	68
207.126	207.701	36
207.127	207.701	48
207.305	207.49	56
207.305	207.491	68
207.49	207.701	56
207.491	207.701	68
207.539	207.701	38
207.54	207.701	50
207.694	207.88	67
207.697	207.879	55
207.697	208.82	39
207.7	208.82	51
207.879	208.061	55
207.88	208.061	67
208.061	208.246	55
208.061	208.247	67
208.246	208.428	55
208.247	208.432	67
208.428	208.611	55
208.432	208.614	67
208.52	208.82	38
208.523	208.82	50
208.611	208.799	55
208.614	208.8	67
208.799	208.975	55
208.8	208.978	67
208.8	209.916	36
208.804	209.916	48
208.975	209.16	55
208.978	209.163	67
209.16	209.342	55
209.163	209.345	67
209.342	209.527	55
209.345	209.527	67
209.346	209.916	34
209.346	209.916	46
209.527	209.9	55
209.527	209.899	67
209.705	209.916	53
209.71	209.916	65
209.756	209.916	44
209.758	209.916	32
209.896	210.08	63
209.899	210.081	60
209.899	210.082	67
209.9	210.081	55
209.9	210.451	31
209.902	210.452	43
210.08	210.263	63
210.081	210.266	60
210.081	210.266	55
210.082	210.27	67
210.263	210.449	63
210.266	210.45	60
210.266	210.45	55
210.27	210.451	67
210.449	210.623	63
210.45	210.623	60
210.45	210.627	55
210.451	210.63	67
210.451	210.992	31
210.452	210.992	43
210.623	210.805	63
210.623	210.808	60
210.627	210.809	55
210.63	210.809	67
210.805	211.001	63
210.808	211.001	60
210.809	210.991	55
210.809	210.991	67
210.986	211.165	62
210.991	211.169	59
210.991	211.169	55
210.991	211.17	67
210.992	211.538	43
210.992	211.538	31
211.165	211.351	62
211.169	211.352	59
211.169	211.352	55
211.17	211.354	67
211.351	211.534	62
211.352	211.534	59
211.352	211.537	55
211.354	211.537	67
211.534	211.708	62
211.534	211.711	59
211.537	211.715	55
211.537	211.716	67
211.538	212.156	43
211.538	212.156	31
211.708	211.89	62
211.711	211.894	59
211.715	211.894	55
211.716	211.895	67
211.89	212.156	62
211.894	212.156	59
211.894	212.101	55
211.895	212.104	67
212.101	212.279	55
212.102	213.192	60
212.103	213.192	63
212.104	213.193	67
212.104	212.279	36
212.107	212.282	48
212.282	212.464	55
212.467	212.646	55
212.647	212.825	55
212.825	213.01	55
213.013	213.193	55
213.196	213.328	55
213.374	213.514	55
213.556	213.696	55
213.741	214.155	71
213.742	213.882	55
213.926	214.06	55
214.106	214.246	55
214.155	214.294	72
214.295	214.686	74
214.295	214.435	55
214.48	214.616	55
214.672	214.813	55
214.858	215.267	65
214.858	215.239	74
214.859	214.994	55
215.04	215.177	55
215.222	215.355	55
215.404	215.814	68
215.405	215.786	74
215.405	215.541	55
215.587	215.723	55
215.768	215.901	55
215.946	216.359	72
215.947	216.087	55
216.132	216.272	55
216.317	216.454	55
216.36	216.5	74
216.5	217.329	75
216.5	216.639	55
216.685	216.825	55
216.871	217.003	55
217.053	217.602	63
217.053	217.189	55
217.238	217.375	55
217.33	217.602	74
217.424	217.556	55
217.605	218.151	67
217.606	218.156	72
217.606	217.742	55
217.788	217.927	55
217.973	218.106	55
218.156	218.564	74
218.158	218.291	55
218.341	218.473	55
218.519	218.659	55
218.565	218.705	72
218.705	219.257	71
218.708	218.844	55
218.89	219.027	55
219.072	219.208	55
219.257	219.807	65
219.258	219.671	69
219.261	219.397	55
219.443	219.579	55
219.622	219.762	55
219.671	219.808	71
219.81	220.378	63
219.811	220.378	72
219.815	219.947	55
219.993	220.139	55
220.185	220.332	55
220.378	220.945	60
220.381	220.794	74
220.381	220.517	55
220.563	220.703	55
220.748	220.892	55
220.797	220.945	75
220.948	221.091	68
220.948	222.667	74
220.949	221.092	55
221.092	222.667	67
221.144	221.288	55
221.34	221.483	55
221.532	221.672	55
221.718	221.858	55
221.904	222.05	55
222.096	222.236	55
222.289	222.425	55
222.474	222.618	55
222.667	223.235	59
222.668	223.235	67
222.67	223.234	71
222.67	222.849	55
222.849	223.037	55
223.037	223.235	55
223.08	223.235	60
223.08	223.235	69
223.081	223.235	72
223.23	223.772	62
223.234	223.773	71
223.234	223.773	74
223.235	223.408	55
223.408	223.587	55
223.587	223.773	55
223.772	224.323	62
223.773	224.324	71
223.773	224.324	74
223.773	223.955	55
223.776	223.955	54
223.955	224.133	55
223.955	224.134	54
224.133	224.326	55
224.134	224.337	54
224.323	224.875	62
224.324	224.875	71
224.324	224.875	74
224.326	224.501	53
224.326	224.501	55
224.501	224.679	55
224.501	224.68	53
224.679	224.872	55
224.68	224.875	53
224.868	225.436	60
224.868	225.282	67
224.869	225.436	72
224.872	225.051	55
224.872	225.436	51
225.05	225.436	50
225.051	225.232	55
225.232	225.432	48
225.232	225.435	55
225.282	225.436	62
225.282	225.431	67
225.282	225.436	74
225.431	226.517	67
225.432	226.531	63
225.432	226.531	75
225.432	225.607	48
225.435	225.607	55
225.607	225.796	48
225.607	225.792	55
225.792	225.967	55
225.796	225.984	48
225.967	226.146	55
225.968	226.149	46
226.146	226.335	55
226.149	226.334	46
226.334	226.531	46
226.335	226.521	55
226.383	226.531	62
226.384	226.531	74
226.517	227.112	60
226.517	227.112	67
226.52	227.112	72
226.52	226.698	45
226.521	226.699	55
226.698	226.891	45
226.699	226.892	55
226.891	227.112	45
226.892	227.112	55
227.098	227.668	66
227.098	227.648	62
227.099	227.668	74
227.101	227.276	44
227.101	227.277	54
227.276	227.458	44
227.277	227.458	54
227.458	227.668	54
227.458	227.668	44
227.507	227.668	72
227.648	228.205	62
227.651	228.214	65
227.651	228.208	71
227.651	227.829	43
227.654	227.833	53
227.829	228.018	43
227.833	228.019	53
228.018	228.208	43
228.019	228.214	53
228.205	228.764	62
228.208	228.76	67
228.208	228.764	71
228.208	228.389	43
228.209	228.386	41
228.386	228.572	41
228.389	228.567	43
228.567	228.761	43
228.572	228.764	41
228.617	228.764	68
228.757	229.345	60
228.76	229.345	67
228.76	229.345	72
228.761	228.943	39
228.761	228.942	43
228.942	229.138	43
228.943	229.138	39
229.138	229.345	39
229.138	229.341	43
229.338	229.917	65
229.339	229.917	71
229.339	229.917	75
229.341	229.527	31
229.341	229.526	43
229.526	229.712	43
229.527	229.713	31
229.712	229.917	43
229.713	229.917	31
229.761	229.917	74
229.912	231.686	63
229.916	231.686	72
229.916	230.108	36
229.916	230.108	48
230.109	230.251	55
230.304	230.454	55
230.499	230.647	55
230.699	230.849	55
230.895	231.042	55
231.091	231.238	55
231.291	231.442	55
231.49	231.634	55
231.687	232.095	74
231.69	231.826	55
231.871	232.005	55
232.05	232.19	55
232.099	232.236	75
232.236	232.795	77
232.239	232.376	56
232.421	232.561	56
232.61	232.751	56
232.796	233.345	65
232.796	233.345	77
232.797	232.932	57
232.978	233.117	57
233.166	233.3	57
233.349	233.891	68
233.349	233.891	77
233.35	233.485	58
233.534	233.664	58
233.71	233.845	58
233.892	234.307	75
233.895	234.032	58
234.076	234.216	58
234.261	234.394	58
234.311	234.444	74
234.445	235.273	79
234.445	234.581	58
234.63	234.769	58
234.815	234.952	58
234.994	235.412	67
234.997	235.133	59
235.178	235.319	59
235.273	235.549	77
235.367	235.504	59
235.413	235.549	68
235.553	236.109	75
235.556	235.683	60
235.734	235.875	55
235.92	236.06	55
236.11	236.515	74
236.11	236.242	55
236.287	236.42	55
236.466	236.606	55
236.516	236.655	72
236.656	237.205	71
236.656	236.795	55
236.841	236.977	55
237.026	237.159	55
237.205	237.485	68
237.208	237.761	71
237.209	237.344	55
237.39	237.53	55
237.486	237.762	67
237.576	237.715	55
237.765	238.048	65
237.766	238.338	72
237.768	237.901	55
237.947	238.094	55
238.049	238.339	63
238.139	238.283	55
238.339	238.615	62
238.34	238.755	77
238.342	238.479	55
238.521	238.66	55
238.616	238.899	60
238.709	238.853	55
238.756	238.899	75
238.903	239.053	68
238.903	240.677	74
238.906	239.054	55
239.054	240.678	67
239.098	239.248	55
239.294	239.445	55
239.49	239.644	55
239.69	239.84	55
239.886	240.036	55
240.085	240.281	55
240.282	240.481	56
240.481	240.68	57
240.681	241.237	74
240.681	240.862	58
240.862	241.048	58
241.048	241.237	58
241.097	241.24	75
241.234	241.783	65
241.237	241.783	74
241.237	241.786	77
241.237	241.412	58
241.412	241.6	58
241.6	241.787	58
241.783	242.34	65
241.783	242.343	74
241.786	242.343	77
241.787	241.966	57
241.787	241.965	58
241.965	242.151	58
241.966	242.151	57
242.151	242.344	58
242.151	242.35	57
242.34	242.899	65
242.343	242.899	74
242.343	242.899	77
242.344	242.518	58
242.344	242.517	56
242.517	242.696	56
242.518	242.7	58
242.696	242.899	56
242.7	242.889	58
242.886	243.439	67
242.886	243.439	75
242.888	243.432	79
242.889	243.06	58
242.892	243.064	55
243.06	243.25	58
243.064	243.439	55
243.245	243.439	53
243.25	243.435	58
243.25	243.439	56
243.299	243.439	68
243.3	243.439	77
243.302	243.439	80
243.432	243.977	79
243.432	243.977	70
243.433	243.977	82
243.435	243.613	51
243.435	243.614	58
243.439	243.614	55
243.613	243.791	51
243.614	243.796	55
243.614	243.796	58
243.791	243.977	51
243.796	243.977	58
243.796	243.977	55
243.974	244.526	68
243.975	244.526	80
243.975	244.148	47
243.975	244.149	53
243.976	244.149	56
244.148	244.334	47
244.149	244.334	53
244.149	244.335	56
244.334	244.526	47
244.334	244.526	53
244.335	244.526	56
244.517	245.077	75
244.519	245.077	79
244.52	244.695	48
244.52	244.696	55
244.52	244.695	51
244.695	244.88	48
244.695	244.881	51
244.696	244.881	55
244.88	245.077	48
244.881	245.077	51
244.881	245.077	55
245.063	245.615	65
245.063	245.647	77
245.064	245.427	44
245.066	245.244	53
245.244	245.426	53
245.248	245.647	46
245.426	245.616	53
245.427	245.647	44
245.472	245.647	74
245.613	246.166	62
245.615	246.186	65
245.615	246.169	71
245.616	245.976	43
245.616	245.798	53
245.793	246.186	44
245.798	245.979	53
245.976	246.169	43
245.979	246.186	53
246.166	246.731	62
246.168	246.718	67
246.169	246.731	71
246.169	246.347	43
246.172	246.536	41
246.347	246.532	43
246.532	246.722	43
246.536	246.731	41
246.578	246.731	68
246.718	247.324	60
246.718	247.324	67
246.718	247.324	72
246.719	247.093	39
246.722	246.908	43
246.907	247.324	41
246.908	247.092	43
247.092	247.314	43
247.093	247.324	39
247.31	247.89	65
247.311	247.89	71
247.313	247.89	75
247.313	247.684	31
247.314	247.498	43
247.498	247.684	43
247.499	247.89	32
247.684	247.888	43
247.684	247.89	31
247.73	247.89	74
247.884	249.633	63
247.887	249.634	72
247.887	248.075	36
247.888	248.08	43
247.888	248.08	48
248.082	248.276	50
248.276	248.475	48
248.476	248.663	46
248.664	248.86	48
248.863	249.052	46
249.053	249.245	44
249.056	249.245	48
249.249	249.441	46
249.249	249.442	48
249.444	249.634	44
249.448	249.637	48
249.637	249.829	60
249.641	249.83	72
249.641	250.029	43
249.641	249.833	48
249.829	250.026	60
249.83	250.029	72
249.833	250.265	44
249.833	250.029	48
250.026	250.265	60
250.029	250.263	72
250.029	250.265	43
250.029	250.264	48
250.26	252.013	84
250.26	252.014	80
250.26	252.014	74
250.263	252.017	72
250.264	250.452	41
250.264	250.453	48
250.456	250.648	43
250.457	250.649	48
250.652	250.848	41
250.652	250.848	48
250.849	251.044	44
250.851	251.045	48
251.047	251.237	46
251.048	251.237	48
251.24	251.432	44
251.24	251.433	48
251.436	251.625	43
251.437	251.625	48
251.629	251.821	44
251.629	251.821	48
251.824	252.018	43
251.824	252.018	48
252.021	252.21	60
252.021	252.211	72
252.021	252.403	41
252.024	252.213	48
252.21	252.402	60
252.211	252.403	72
252.213	252.63	43
252.213	252.405	48
252.402	252.63	60
252.403	252.625	72
252.403	252.63	41
252.405	252.626	48
252.623	254.341	84
252.623	254.342	79
252.624	254.342	75
252.625	254.344	72
252.626	252.808	39
252.626	252.812	48
252.812	253	41
252.813	253.001	48
253.004	253.193	39
253.005	253.193	48
253.197	253.382	43
253.197	253.385	48
253.386	253.574	44
253.386	253.575	48
253.578	253.767	43
253.578	253.767	48
253.77	253.959	41
253.771	253.96	48
253.96	254.149	43
253.964	254.149	48
254.152	254.345	41
254.152	254.348	48
254.348	254.537	60
254.349	254.538	72
254.351	254.73	39
254.351	254.541	48
254.537	254.729	60
254.538	254.729	72
254.541	254.972	41
254.541	254.733	48
254.729	254.972	60
254.729	254.972	72
254.73	254.972	39
254.733	254.972	48
254.967	255.541	73
254.968	255.545	65
254.968	255.545	61
254.971	255.156	37
254.971	255.157	44
255.157	255.345	39
255.158	255.346	44
255.346	255.549	36
255.349	255.549	44
255.549	255.979	65
255.55	255.979	77
255.551	255.734	37
255.552	255.738	44
255.738	255.93	39
255.739	255.933	44
255.933	256.122	41
255.937	256.123	44
255.98	256.126	68
255.982	256.126	80
256.13	256.728	67
256.13	256.746	72
256.13	256.746	75
256.131	256.732	79
256.133	256.732	31
256.133	256.323	43
256.323	256.525	43
256.525	256.732	43
256.728	257.337	67
256.728	257.344	71
256.729	257.344	74
256.732	257.344	79
256.732	257.344	31
256.732	256.928	43
256.928	257.131	43
257.131	257.342	43
257.337	259.083	67
257.338	259.087	60
257.341	259.087	63
257.341	259.087	72
257.342	257.529	36
257.342	257.53	43
257.344	257.53	48
257.531	257.726	51
257.726	257.921	50
257.925	258.113	48
258.117	258.314	50
258.314	258.502	48
258.503	258.702	47
258.702	258.894	48
258.895	259.09	47
259.091	259.287	60
259.091	259.287	72
259.092	259.48	46
259.287	259.476	60
259.287	259.479	72
259.288	259.714	48
259.476	259.714	60
259.479	259.711	72
259.48	259.714	46
259.71	261.463	84
259.71	261.464	74
259.711	261.467	72
259.711	259.902	45
259.714	259.902	48
259.906	260.102	46
259.907	260.103	48
260.103	260.298	45
260.104	260.298	48
260.302	260.494	44
260.302	260.497	48
260.497	260.694	46
260.498	260.694	48
260.694	260.882	44
260.696	260.882	48
260.886	261.082	43
260.889	261.083	48
261.083	261.275	44
261.085	261.275	48
261.276	261.468	43
261.278	261.468	48
261.47	261.661	60
261.471	261.663	72
261.471	261.86	41
261.471	261.664	48
261.661	261.859	60
261.663	261.859	72
261.663	262.077	43
261.664	261.862	48
261.859	262.077	60
261.859	262.076	72
261.86	262.077	41
261.862	262.077	48
262.073	263.791	84
262.073	263.791	79
262.076	263.794	72
262.077	262.258	40
262.077	262.262	48
262.262	262.45	41
262.265	262.451	48
262.454	262.649	40
262.455	262.65	48
262.65	262.835	39
262.651	262.835	48
262.836	263.028	41
262.839	263.029	48
263.029	263.217	39
263.03	263.217	48
263.218	263.409	38
263.221	263.41	48
263.41	263.601	39
263.413	263.602	48
263.602	263.794	38
263.603	263.795	48
263.798	263.988	60
263.799	263.988	72
263.799	264.429	36
263.801	263.991	48
263.988	264.187	60
263.988	264.188	72
263.99	264.429	38
263.991	264.19	48
264.187	264.429	60
264.188	264.429	72
264.188	264.429	39
264.19	264.429	48
264.424	264.995	73
264.425	264.996	65
264.425	264.996	61
264.428	264.61	41
264.428	264.61	44
264.614	264.799	39
264.614	264.803	44
264.806	264.984	37
264.807	264.985	44
264.996	265.429	65
264.999	265.43	77
264.999	265.184	37
264.999	265.184	44
265.188	265.383	39
265.189	265.384	44
265.384	265.575	41
265.387	265.576	44
265.43	265.576	68
265.432	265.577	80
265.579	266.178	67
265.58	266.196	72
265.58	266.196	75
265.581	266.182	79
265.583	266.182	31
265.583	265.78	43
265.78	265.976	43
265.976	266.182	43
266.178	266.787	67
266.179	266.794	71
266.179	266.794	74
266.182	266.794	79
266.182	266.794	31
266.182	266.377	43
266.377	266.581	43
266.581	266.794	43
266.787	268.533	67
266.788	268.534	60
266.791	268.538	63
266.791	268.538	72
266.792	266.928	36
266.794	266.928	48
266.979	267.13	36
266.98	267.13	48
267.175	267.329	36
267.179	267.33	48
267.371	267.518	38
267.375	267.519	48
267.571	267.718	38
267.572	267.718	48
267.764	267.907	38
267.764	267.911	48
267.959	268.103	39
267.963	268.107	48
268.152	268.295	39
268.152	268.299	48
268.341	268.487	39
268.344	268.488	48
268.541	268.677	60
268.541	268.681	72
268.541	268.684	40
268.544	268.684	48
268.733	268.876	60
268.733	268.877	72
268.734	268.877	40
268.737	268.881	48
268.925	269.069	60
268.926	269.069	72
268.926	269.07	40
268.926	269.073	48
269.122	269.265	61
269.122	269.269	72
269.123	269.269	41
269.125	269.269	48
269.314	269.458	72
269.315	269.46	61
269.315	269.461	41
269.317	269.461	48
269.503	269.65	61
269.507	269.65	72
269.507	269.651	41
269.507	269.654	48
269.696	269.839	62
269.696	269.843	72
269.699	269.843	42
269.699	269.846	46
269.891	270.039	72
269.895	270.039	62
269.895	270.04	42
269.896	270.042	46
270.084	270.231	62
270.084	270.232	72
270.088	270.232	42
270.088	270.232	46
270.283	270.42	72
270.284	270.42	63
270.284	270.424	43
270.284	270.424	48
270.476	270.619	72
270.477	270.619	63
270.477	270.62	43
270.478	270.623	48
270.665	270.812	63
270.665	270.813	72
270.669	270.813	43
270.669	270.815	48
270.857	271.001	64
270.858	271.001	72
270.858	271.005	44
270.861	271.005	48
271.05	271.19	72
271.05	271.191	64
271.051	271.191	44
271.054	271.191	48
271.235	271.379	72
271.236	271.379	64
271.236	271.38	44
271.239	271.383	48
271.425	271.571	64
271.425	271.572	72
271.428	271.572	44
271.429	271.575	48
271.617	271.757	64
271.617	271.758	72
271.621	271.758	44
271.621	271.76	48
271.802	271.95	64
271.803	271.95	72
271.803	271.951	44
271.806	271.951	48
271.995	272.135	64
271.995	272.136	72
271.996	272.136	44
271.999	272.137	48
272.18	272.317	64
272.181	272.321	72
272.181	272.324	44
272.184	272.324	48
272.373	272.509	64
272.373	272.513	72
272.373	272.514	44
272.374	272.514	48
272.558	272.701	65
272.559	272.702	72
272.559	272.705	44
272.562	272.706	48
272.747	272.895	65
272.751	272.895	72
272.752	272.896	44
272.754	272.898	48
272.94	273.08	65
272.94	273.081	72
272.944	273.084	44
272.944	273.084	48
273.132	273.269	63
273.133	273.273	66
273.133	273.276	72
273.136	273.276	45
273.137	273.277	48
273.318	273.458	63
273.318	273.459	66
273.322	273.461	72
273.322	273.462	45
273.322	273.462	48
273.51	273.647	63
273.511	273.651	66
273.511	273.651	72
273.514	273.653	45
273.515	273.654	48
273.696	273.836	63
273.697	273.837	66
273.699	273.837	72
273.7	273.839	45
273.7	273.839	48
273.882	274.025	62
273.885	274.029	66
273.885	274.029	72
273.886	274.032	45
273.886	274.033	50
274.074	274.214	62
274.075	274.214	66
274.075	274.215	72
274.077	274.215	45
274.078	274.218	50
274.26	274.399	62
274.26	274.4	66
274.261	274.4	72
274.263	274.401	45
274.263	274.403	50
274.452	274.589	62
274.453	274.589	66
274.453	274.592	72
274.453	274.592	45
274.455	274.593	50
274.631	274.774	62
274.631	274.775	66
274.631	274.777	72
274.634	274.777	45
274.634	274.778	50
274.823	274.96	62
274.824	274.963	67
274.824	274.963	72
274.824	274.963	46
274.826	274.967	50
275.006	275.152	62
275.009	275.152	67
275.012	275.156	72
275.013	275.156	46
275.013	275.157	50
275.198	275.337	62
275.201	275.341	67
275.201	275.342	72
275.202	275.342	46
275.205	275.344	50
275.383	275.53	62
275.386	275.53	67
275.387	275.534	70
275.39	275.534	46
275.391	275.534	50
275.576	275.722	62
275.576	275.723	67
275.579	275.723	70
275.579	275.726	46
275.583	275.727	50
275.768	275.912	62
275.769	275.912	67
275.771	275.915	70
275.771	275.915	46
275.772	275.919	50
275.957	276.097	60
275.961	276.1	63
275.964	276.101	70
275.965	276.104	48
275.965	276.104	51
276.146	276.29	60
276.147	276.293	63
276.15	276.294	70
276.15	276.294	48
276.151	276.296	51
276.335	276.475	60
276.338	276.479	63
276.339	276.479	70
276.342	276.48	48
276.343	276.482	51
276.524	276.664	60
276.524	276.665	63
276.525	276.665	69
276.528	276.666	48
276.528	276.667	51
276.709	276.853	60
276.71	276.857	63
276.71	276.857	69
276.713	276.858	48
276.714	276.86	51
276.898	277.045	60
276.899	277.046	63
276.902	277.046	69
276.902	277.048	48
276.902	277.05	51
277.091	277.23	58
277.093	277.23	62
277.094	277.231	67
277.094	277.234	50
277.275	277.423	58
277.276	277.424	62
277.279	277.424	67
277.28	277.426	50
277.468	277.608	58
277.468	277.609	62
277.469	277.609	67
277.472	277.61	50
277.653	277.801	57
277.654	277.802	62
277.654	277.802	66
277.658	277.802	50
277.85	277.989	57
277.853	277.99	62
277.854	277.993	66
277.854	277.994	50
278.042	278.186	57
278.043	278.189	62
278.045	278.189	66
278.046	278.193	50
278.234	279.383	58
278.235	279.383	62
278.238	279.386	67
278.239	278.378	50
278.239	279.386	43
278.424	278.571	50
278.624	278.763	50
278.816	278.952	50
279.004	279.145	50
279.19	279.337	50
279.39	279.523	50
279.568	279.715	50
279.761	279.9	50
279.949	280.366	67
279.954	280.086	50
280.132	280.271	50
280.317	280.464	50
280.367	280.516	70
280.517	281.08	74
280.66	280.811	62
280.8	280.957	67
280.8	280.94	43
280.941	281.08	70
281.08	281.629	74
281.216	281.371	62
281.357	281.501	67
281.357	281.49	43
281.494	281.629	70
281.63	282.175	74
281.763	281.916	62
281.902	282.046	66
281.903	282.036	38
282.039	282.176	69
282.176	282.739	74
282.316	282.467	62
282.449	282.61	67
282.449	282.592	43
282.592	282.739	70
282.739	283.841	75
282.875	283.03	63
283.012	283.162	67
283.012	283.152	36
283.153	283.303	72
283.285	283.435	66
283.422	283.568	72
283.558	283.709	69
283.559	283.698	36
283.698	283.842	66
283.842	284.944	74
283.975	284.132	62
284.114	284.265	67
284.115	284.255	43
284.255	284.406	70
284.395	284.538	62
284.527	284.678	70
284.661	284.818	67
284.661	284.8	43
284.801	284.944	62
284.948	286.036	72
285.077	285.228	60
285.217	285.368	63
285.217	285.357	44
285.357	285.5	66
285.49	285.641	60
285.623	285.773	66
285.756	285.91	63
285.759	285.896	45
285.896	286.037	60
286.04	287.139	70
286.176	286.327	58
286.309	286.459	62
286.309	286.445	46
286.449	286.6	67
286.582	286.732	58
286.722	286.866	67
286.855	287.006	62
286.856	286.996	50
286.996	287.139	58
287.14	287.688	69
287.272	287.422	57
287.411	287.562	60
287.412	287.545	51
287.545	287.689	67
287.692	288.238	72
287.828	287.976	63
287.965	288.112	67
287.965	288.097	48
288.098	288.238	69
288.238	288.787	70
288.374	288.528	58
288.514	288.664	62
288.514	288.65	50
288.651	288.787	67
288.788	289.357	69
288.935	289.088	60
289.07	289.228	62
289.07	289.211	38
289.211	289.358	66
289.358	291.059	67
289.501	289.658	55
289.648	289.802	58
289.649	289.792	43
289.792	289.95	62
289.939	290.086	63
289.939	290.075	45
290.075	290.233	60
290.216	290.372	57
290.216	290.362	48
290.362	290.509	63
290.499	290.652	62
290.499	290.638	50
290.639	290.789	58
290.779	290.937	62
290.78	290.919	55
290.919	291.076	66
291.06	291.217	67
291.06	291.199	50
291.199	291.353	62
291.335	291.493	67
291.336	291.475	46
291.475	291.622	70
291.623	292.183	74
291.759	291.917	62
291.899	292.056	67
291.899	292.039	43
292.04	292.183	70
292.186	292.728	74
292.315	292.469	62
292.455	292.605	67
292.459	292.591	43
292.592	292.728	70
292.732	293.267	74
292.862	293.012	62
293.001	293.149	66
293.001	293.135	38
293.135	293.271	69
293.271	293.835	74
293.407	293.558	62
293.543	293.705	67
293.544	293.687	43
293.687	293.835	70
293.835	294.933	75
293.971	294.122	63
294.111	294.254	67
294.111	294.243	36
294.244	294.394	72
294.384	294.534	69
294.516	294.667	72
294.657	294.808	69
294.657	294.797	41
294.797	294.937	65
294.938	296.039	74
295.074	295.223	62
295.213	295.364	65
295.216	295.353	34
295.353	295.503	70
295.486	295.637	65
295.626	295.77	70
295.76	295.91	65
295.76	295.892	46
295.893	296.039	62
296.04	297.127	72
296.175	296.33	60
296.312	296.462	63
296.312	296.452	45
296.453	296.596	69
296.582	296.729	66
296.719	296.862	69
296.851	297.002	66
296.852	296.991	38
296.991	297.128	62
297.132	298.227	70
297.268	297.415	58
297.404	297.551	62
297.405	297.534	43
297.534	297.688	67
297.671	297.82	58
297.81	297.954	67
297.943	298.093	62
297.944	298.079	31
298.08	298.227	58
298.228	298.779	67
298.36	298.51	63
298.5	298.651	62
298.5	298.633	39
298.633	298.78	60
298.78	299.312	75
298.909	299.063	63
299.045	299.196	67
299.046	299.179	36
299.179	299.312	72
299.316	299.858	74
299.452	299.595	62
299.585	299.735	65
299.585	299.724	41
299.725	299.858	70
299.861	300.421	72
299.998	300.152	63
300.141	300.292	65
300.145	300.282	29
300.282	300.422	69
300.422	302.129	70
300.568	300.729	58
300.711	300.873	62
300.712	300.855	46
300.859	301.019	65
301.002	301.156	66
301.003	301.146	48
301.146	301.296	63
301.286	301.443	60
301.286	301.426	51
301.427	301.58	66
301.57	301.72	65
301.573	301.709	50
301.713	301.86	62
301.849	301.999	65
301.849	301.989	58
301.99	302.14	69
302.129	302.28	70
302.13	302.266	53
302.266	302.42	65
302.406	302.564	70
302.407	302.546	50
302.546	302.686	74
302.687	303.25	65
302.687	303.251	77
302.689	303.252	46
302.826	303.113	50
302.97	303.523	53
303.113	303.383	50
303.25	303.806	65
303.251	303.806	77
303.252	303.806	46
303.383	303.656	50
303.523	303.806	53
303.656	303.806	50
303.792	304.345	66
303.793	304.345	78
303.793	303.921	45
303.922	304.195	48
304.055	304.345	50
304.195	304.345	48
304.331	304.87	67
304.332	304.87	79
304.332	304.87	43
304.46	304.73	48
304.597	304.87	50
304.73	304.87	48
304.867	305.416	69
304.867	305.416	81
304.868	305.406	42
304.997	305.269	48
305.136	305.416	50
305.269	305.416	48
305.405	305.958	72
305.406	305.958	84
305.406	305.958	42
305.535	305.808	45
305.676	305.958	50
305.808	305.958	45
305.949	306.511	70
305.951	306.511	82
305.952	306.081	43
306.082	306.362	46
306.221	306.511	50
306.362	306.511	46
306.5	307.062	69
306.501	307.062	81
306.501	306.634	48
306.635	306.917	51
306.771	307.062	57
306.915	307.062	67
306.915	307.062	79
306.917	307.062	51
307.057	307.628	66
307.061	307.629	78
307.061	307.631	50
307.194	307.481	57
307.341	307.905	60
307.481	307.765	57
307.628	308.195	66
307.629	308.195	78
307.631	308.188	50
307.765	308.038	57
307.905	308.195	60
308.038	308.195	57
308.187	309.308	67
308.188	309.309	79
308.188	308.734	50
308.318	308.591	57
308.458	309.011	66
308.46	309.011	78
308.461	309.012	60
308.591	308.868	57
308.731	309.309	64
308.731	309.309	76
308.734	309.309	50
308.868	309.154	57
309.011	309.309	66
309.011	309.309	78
309.012	309.309	60
309.154	309.309	57
309.308	310.459	67
309.309	310.459	79
309.309	309.448	55
309.448	310.459	58
309.595	310.022	55
309.739	310.163	50
309.879	310.302	46
310.022	310.459	55
310.163	310.459	50
310.302	310.459	46
310.449	310.585	43
310.589	311.584	67
310.726	311.15	70
310.872	311.282	74
311.009	311.426	79
311.013	311.584	43
311.013	311.584	55
311.15	311.584	70
311.282	311.584	74
311.426	311.584	79
311.426	311.584	46
311.427	311.584	58
311.583	311.996	50
311.583	311.996	62
311.856	312	69
311.856	312	74
311.859	312	78
312.136	312.549	50
312.137	312.55	62
312.409	312.55	81
312.41	312.55	72
312.41	312.552	74
312.685	313.091	50
312.689	313.095	62
312.962	313.096	70
312.962	313.098	74
312.963	313.098	79
313.232	313.652	50
313.235	313.652	62
313.508	313.653	69
313.508	313.655	74
313.509	313.655	78
313.795	314.894	51
313.798	314.894	63
314.068	314.208	67
314.069	314.208	74
314.071	314.212	79
314.34	314.474	67
314.341	314.474	72
314.344	314.477	79
314.607	314.747	85
314.611	314.75	79
314.611	314.751	73
314.895	315.989	50
314.898	315.99	62
315.167	315.303	86
315.167	315.306	81
315.168	315.307	79
315.168	315.307	74
315.443	315.573	74
315.447	315.573	78
315.447	315.573	81
315.448	315.576	86
315.713	315.85	66
315.714	315.85	69
315.714	315.853	74
315.993	317.081	48
315.994	317.081	60
316.262	316.402	63
316.263	316.403	70
316.263	316.403	75
316.542	316.668	63
316.543	316.669	69
316.543	316.672	75
316.802	316.935	81
316.802	316.939	75
316.805	316.939	69
317.085	318.177	46
317.086	318.181	58
317.354	317.488	82
317.355	317.488	77
317.355	317.491	75
317.358	317.491	70
317.627	317.761	70
317.628	317.761	74
317.631	317.762	77
317.632	317.764	82
317.894	318.033	62
317.894	318.034	65
317.897	318.037	70
318.181	318.712	45
318.182	318.712	57
318.44	318.579	63
318.44	318.58	67
318.443	318.583	72
318.713	319.251	48
318.716	319.252	60
318.978	319.115	66
318.983	319.115	69
318.983	319.116	75
319.255	319.812	46
319.256	319.812	58
319.525	319.664	67
319.525	319.665	70
319.528	319.665	74
319.812	320.365	45
319.813	320.368	57
320.088	320.228	72
320.088	320.229	74
320.089	320.229	78
320.368	322.055	55
320.372	322.055	43
320.658	320.939	70
320.659	320.942	74
320.659	321.51	79
320.939	321.218	62
320.939	321.499	70
320.942	321.51	74
321.218	321.495	62
321.219	321.51	69
321.219	321.51	72
321.495	322.616	62
321.498	321.772	67
321.499	321.772	70
321.772	322.321	67
321.772	322.048	70
321.773	322.052	74
322.048	322.322	70
322.052	322.322	74
322.052	322.616	79
322.055	322.616	55
322.055	322.616	43
322.321	322.616	67
322.322	322.616	70
322.322	322.616	74
322.462	322.616	46
322.462	322.616	58
322.615	323.032	50
322.616	323.007	62
322.891	323.032	66
322.892	323.035	69
322.895	323.035	74
323.171	323.577	62
323.172	323.578	50
323.437	323.581	81
323.438	323.581	72
323.441	323.582	74
323.71	324.116	50
323.714	324.12	62
323.977	324.121	70
323.98	324.121	74
323.98	324.123	79
324.25	324.67	50
324.251	324.67	62
324.522	324.67	69
324.526	324.672	74
324.527	324.673	78
324.82	325.94	51
324.821	325.94	63
325.103	325.244	67
325.104	325.244	74
325.107	325.247	79
325.383	325.516	67
325.384	325.517	72
325.387	325.517	79
325.657	325.793	85
325.657	325.796	79
325.658	325.796	73
325.94	327.049	50
325.944	327.05	62
326.213	326.353	86
326.213	326.354	81
326.214	326.354	79
326.217	326.356	74
326.493	326.626	74
326.493	326.626	77
326.494	326.626	81
326.494	326.63	86
326.759	326.899	65
326.76	326.899	69
326.76	326.9	74
327.053	328.142	48
327.054	328.142	60
327.322	327.455	63
327.323	327.456	70
327.323	327.459	75
327.595	327.728	63
327.596	327.729	69
327.596	327.729	75
327.862	328.001	81
327.862	328.002	75
327.865	328.005	69
328.143	328.953	58
328.145	328.954	46
328.411	328.548	82
328.414	328.548	77
328.414	328.549	75
328.418	328.551	70
328.687	328.821	70
328.688	328.821	74
328.688	328.822	77
328.688	328.822	82
328.954	329.087	65
328.958	329.088	72
328.958	329.234	45
328.959	329.234	57
329.234	329.766	55
329.235	329.766	43
329.493	329.632	63
329.493	329.633	70
329.496	329.633	75
329.767	330.322	51
329.769	330.325	63
330.045	330.179	67
330.046	330.179	70
330.046	330.179	72
330.326	330.869	62
330.326	330.869	50
330.588	330.728	65
330.592	330.729	70
330.592	330.732	77
330.869	331.442	48
330.871	331.442	60
331.148	331.291	69
331.148	331.292	75
331.149	331.295	77
331.152	331.296	81
331.446	333.151	46
331.446	333.151	58
331.733	332.016	75
331.736	332.02	70
331.736	332.021	77
331.737	332.023	82
332.023	332.296	74
332.024	332.297	70
332.024	332.297	77
332.027	332.299	82
332.299	332.583	70
332.3	332.584	74
332.303	332.584	77
332.585	332.866	65
332.586	332.867	70
332.587	332.867	74
332.868	333.152	62
332.871	333.154	65
332.871	333.154	70
333.154	333.729	58
333.158	333.729	70
333.574	333.729	62
333.577	333.729	74
333.725	334.289	65
333.728	334.291	77
333.728	333.864	46
333.865	334.145	50
334.004	334.561	53
334.145	334.424	50
334.289	334.851	65
334.291	334.851	77
334.291	334.851	46
334.424	334.694	50
334.561	334.851	53
334.694	334.851	50
334.838	335.397	66
334.838	335.397	78
334.838	334.967	45
334.967	335.24	48
335.107	335.397	50
335.24	335.397	48
335.383	335.937	67
335.384	335.937	79
335.384	335.937	43
335.52	335.793	48
335.653	335.937	50
335.793	335.937	48
335.933	336.489	69
335.936	336.489	81
335.937	336.483	42
336.066	336.335	48
336.205	336.489	50
336.335	336.489	48
336.479	337.036	72
336.482	337.036	84
336.483	337.036	42
336.615	336.886	45
336.752	337.036	50
336.886	337.036	45
337.025	337.585	70
337.029	337.585	82
337.029	337.161	43
337.162	337.435	46
337.301	337.585	50
337.435	337.585	46
337.575	338.137	69
337.578	338.137	81
337.579	337.71	48
337.714	337.991	51
337.848	338.137	57
337.991	338.137	67
337.991	338.137	79
337.991	338.137	51
338.135	338.703	66
338.135	338.704	78
338.137	338.705	50
338.278	338.561	57
338.418	338.978	60
338.561	338.839	57
338.703	339.268	66
338.704	339.268	78
338.705	339.262	50
338.839	339.118	57
338.978	339.268	60
339.118	339.268	57
339.261	340.38	67
339.262	340.382	79
339.262	339.808	50
339.391	339.664	57
339.534	340.09	66
339.534	340.09	78
339.535	340.09	60
339.664	339.944	57
339.807	340.387	64
339.808	340.387	76
339.808	340.387	50
339.944	340.226	57
340.09	340.387	66
340.09	340.387	78
340.09	340.387	60
340.226	340.387	57
340.38	341.526	67
340.382	341.526	79
340.382	341.526	43
340.573	340.766	50
340.573	340.766	55
340.575	340.766	59
340.766	340.959	50
340.766	340.959	55
340.766	340.959	59
340.959	341.143	50
340.959	341.144	55
340.959	341.143	59
341.143	341.336	50
341.143	341.335	59
341.144	341.336	55
341.335	341.525	59
341.336	341.525	55
341.336	341.525	50
341.521	341.812	72
341.525	341.657	59
341.525	341.658	50
341.525	341.662	55
341.699	341.84	59
341.7	341.84	50
341.703	341.84	55
341.791	342.081	71
341.886	342.018	50
341.886	342.019	59
341.888	342.021	55
342.064	342.361	70
342.065	342.204	59
342.067	342.204	55
342.068	342.208	50
342.249	342.389	55
342.253	342.393	59
342.253	342.393	50
342.343	342.609	71
342.435	342.571	59
342.438	342.572	55
342.439	342.572	50
342.61	343.737	71
342.614	343.744	36
342.747	343.744	76
342.795	342.985	52
342.799	342.98	59
342.799	342.985	48
342.98	343.744	59
342.985	343.177	52
342.985	343.177	48
343.172	343.363	56
343.177	343.362	48
343.177	343.359	52
343.359	343.552	52
343.362	343.551	48
343.363	343.552	56
343.551	343.74	48
343.552	343.744	56
343.552	343.744	52
343.737	344.027	71
343.74	343.876	48
343.74	343.877	57
343.744	343.877	52
343.915	344.055	48
343.918	344.059	52
343.919	344.06	57
344.01	344.3	69
344.101	344.237	57
344.104	344.238	48
344.104	344.238	52
344.282	344.576	68
344.283	344.423	48
344.283	344.423	57
344.286	344.423	52
344.468	344.608	48
344.468	344.609	52
344.468	344.609	57
344.559	344.836	69
344.654	344.787	52
344.657	344.787	48
344.658	344.79	57
344.836	345.977	69
344.836	345.977	35
344.965	345.977	74
345.007	345.207	47
345.007	345.206	50
345.011	345.207	57
345.206	345.4	50
345.207	345.399	47
345.207	345.977	57
345.399	345.585	47
345.4	345.581	54
345.4	345.584	50
345.581	345.778	54
345.584	345.774	50
345.585	345.774	47
345.774	345.966	47
345.774	345.964	50
345.778	345.977	54
345.963	346.249	72
345.964	346.1	55
345.964	346.1	50
345.966	346.103	47
346.141	346.281	50
346.142	346.282	47
346.142	346.282	55
346.232	346.522	71
346.327	346.459	50
346.328	346.46	55
346.328	346.463	47
346.505	346.803	69
346.508	346.645	47
346.509	346.645	55
346.509	346.649	50
346.691	346.83	47
346.694	346.831	55
346.694	346.834	50
346.785	347.08	67
346.879	347.027	50
346.88	347.03	47
346.88	347.03	55
347.08	347.623	66
347.083	347.623	74
347.083	347.623	36
347.261	347.44	52
347.262	347.44	48
347.35	347.623	64
347.352	347.623	72
347.44	347.622	52
347.44	347.619	48
347.618	348.199	62
347.619	348.199	71
347.619	347.8	48
347.622	347.801	52
347.8	347.982	48
347.801	347.979	52
347.891	348.199	60
347.892	348.199	69
347.979	348.199	52
347.982	348.199	48
348.186	348.769	59
348.186	348.769	67
348.188	348.756	38
348.364	348.547	50
348.364	348.546	55
348.546	348.769	55
348.547	348.769	50
348.753	349.341	62
348.756	349.341	71
348.756	349.341	38
348.945	349.13	50
348.946	349.131	54
349.13	349.341	50
349.131	349.341	54
349.179	349.341	60
349.18	349.341	69
349.33	349.526	59
349.331	350.475	67
349.334	350.475	43
349.526	349.719	59
349.529	349.722	50
349.529	349.719	55
349.719	349.914	55
349.719	349.911	59
349.722	349.912	50
349.911	350.093	59
349.912	350.097	50
349.914	350.097	55
350.093	350.285	59
350.097	350.289	55
350.097	350.289	50
350.285	350.472	59
350.289	350.474	50
350.289	350.475	55
350.471	350.761	72
350.472	350.611	59
350.474	350.611	50
350.475	350.612	55
350.66	350.789	55
350.66	350.789	59
350.66	350.793	50
350.743	351.034	71
350.835	350.972	50
350.838	350.972	55
350.839	350.973	59
351.017	351.31	70
351.017	351.164	59
351.018	351.164	55
351.021	351.165	50
351.202	351.338	50
351.203	351.343	55
351.203	351.345	59
351.297	351.587	71
351.387	351.542	50
351.388	351.542	59
351.392	351.543	55
351.587	351.888	83
351.588	352.717	76
351.588	351.723	36
351.776	351.916	48
351.777	351.916	52
351.78	351.916	59
351.871	352.172	81
351.966	352.109	59
351.966	352.11	52
351.966	352.11	48
352.154	352.452	80
352.155	352.295	48
352.155	352.295	59
352.158	352.295	52
352.339	352.487	52
352.34	352.487	59
352.344	352.488	48
352.438	352.718	81
352.532	352.668	52
352.532	352.673	48
352.533	352.675	59
352.721	353.008	71
352.722	352.858	57
352.722	352.858	52
352.723	352.859	48
352.904	353.036	52
352.904	353.037	57
352.907	353.037	48
352.99	353.282	69
353.082	353.215	52
353.083	353.219	57
353.085	353.219	48
353.263	353.562	68
353.264	353.407	52
353.267	353.408	57
353.268	353.411	48
353.449	353.593	52
353.45	353.597	48
353.453	353.597	57
353.548	353.831	69
353.641	353.778	48
353.642	353.782	57
353.642	353.783	52
353.834	354.118	81
353.834	354.971	74
353.838	353.97	35
354.019	354.163	57
354.02	354.163	50
354.02	354.167	47
354.118	354.401	79
354.209	354.356	57
354.213	354.357	47
354.213	354.357	50
354.401	354.685	78
354.405	354.545	50
354.405	354.549	57
354.406	354.549	47
354.59	354.73	50
354.594	354.734	47
354.594	354.735	57
354.688	354.972	79
354.779	354.922	57
354.78	354.927	47
354.78	354.927	50
354.972	355.256	72
354.975	355.105	50
354.976	355.105	47
354.976	355.106	55
355.15	355.286	55
355.15	355.29	47
355.151	355.291	50
355.241	355.529	71
355.336	355.469	50
355.337	355.472	47
355.339	355.472	55
355.515	355.805	69
355.518	355.654	50
355.518	355.655	55
355.519	355.655	47
355.703	355.84	50
355.704	355.84	47
355.704	355.84	55
355.794	356.088	67
355.888	356.039	50
355.889	356.04	55
355.889	356.04	47
356.092	356.631	74
356.093	356.635	66
356.095	356.635	78
356.095	356.635	36
356.27	356.445	55
356.271	356.446	48
356.271	356.445	52
356.361	356.635	72
356.362	356.635	64
356.362	356.635	76
356.445	356.632	52
356.445	356.635	55
356.446	356.634	48
356.627	357.191	71
356.628	357.208	62
356.631	357.208	74
356.632	356.81	52
356.632	356.813	56
356.634	356.81	48
356.81	356.992	52
356.81	356.992	48
356.813	357.208	56
356.901	357.208	69
356.902	357.208	60
356.903	357.208	72
356.991	357.208	57
356.992	357.208	48
356.992	357.208	52
357.191	357.779	71
357.191	357.779	59
357.192	357.779	67
357.195	357.77	38
357.373	357.554	50
357.376	357.555	55
357.554	357.779	50
357.555	357.779	55
357.765	358.346	60
357.769	358.346	66
357.769	358.346	72
357.77	358.346	38
357.947	358.133	54
357.95	358.136	57
357.951	358.136	50
358.133	358.346	54
358.136	358.346	57
358.136	358.343	50
358.182	358.346	69
358.339	358.482	67
358.342	358.906	43
358.343	358.907	50
358.343	358.527	55
358.528	358.713	55
358.528	358.668	67
358.713	358.907	55
358.717	358.86	67
358.909	359.05	55
358.91	359.05	67
359.099	359.235	55
359.099	359.238	67
359.28	359.428	55
359.284	359.428	67
359.472	359.62	55
359.476	359.621	67
359.665	359.805	55
359.665	359.806	67
359.85	359.998	55
359.854	359.998	67
360.044	360.183	55
360.044	360.184	67
360.047	360.457	47
360.229	360.362	55
360.23	360.362	67
360.411	360.547	55
360.411	360.548	67
360.457	360.593	48
360.593	360.733	67
360.596	360.737	55
360.6	360.988	50
360.785	360.925	55
360.786	360.926	67
360.971	361.111	55
360.974	361.111	67
361.156	361.296	55
361.161	361.3	67
361.161	361.541	50
361.346	361.478	55
361.346	361.479	67
361.524	361.664	55
361.527	361.664	67
361.703	361.842	55
361.706	361.843	67
361.706	362.094	50
361.891	362.025	55
361.892	362.025	67
362.07	362.206	55
362.07	362.21	67
362.248	362.389	55
362.252	362.389	67
362.253	362.669	48
362.437	362.574	55
362.438	362.574	67
362.62	362.759	55
362.62	362.76	67
362.669	362.808	50
362.808	362.942	67
362.809	362.942	55
362.809	363.631	51
362.987	363.127	55
362.987	363.128	67
363.172	363.313	55
363.173	363.313	67
363.358	363.491	55
363.358	363.494	67
363.536	363.676	55
363.54	363.68	67
363.631	363.904	50
363.725	363.865	55
363.726	363.866	67
363.904	364.043	55
363.905	364.044	67
363.908	364.46	48
364.089	364.23	55
364.09	364.23	67
364.279	364.415	55
364.279	364.418	67
364.461	364.594	55
364.464	364.594	67
364.465	364.866	46
364.642	364.775	55
364.643	364.776	67
364.821	364.961	53
364.822	364.961	65
364.87	365.009	44
365.01	365.192	63
365.01	365.193	60
365.011	365.195	67
365.013	365.193	55
365.014	365.563	43
365.192	365.377	63
365.193	365.378	60
365.193	365.381	55
365.195	365.382	67
365.377	365.56	63
365.378	365.561	60
365.381	365.563	55
365.382	365.563	67
365.56	365.745	63
365.561	365.746	60
365.563	365.746	55
365.563	365.748	67
365.563	366.116	43
365.745	365.93	63
365.746	365.931	60
365.746	365.931	55
365.748	365.934	67
365.93	366.126	63
365.931	366.126	60
365.931	366.113	55
365.934	366.116	67
366.109	366.294	62
366.112	366.298	59
366.113	366.298	55
366.116	366.301	67
366.116	366.666	43
366.294	366.483	62
366.298	366.483	59
366.298	366.484	55
366.301	366.484	67
366.483	366.663	62
366.483	366.663	59
366.484	366.665	55
366.484	366.666	67
366.663	366.848	62
366.663	366.848	59
366.665	366.851	55
366.666	366.851	67
366.666	367.219	43
366.848	367.033	62
366.848	367.034	59
366.851	367.036	55
366.851	367.037	67
367.033	367.219	62
367.034	367.219	59
367.036	367.219	55
367.037	367.215	67
367.212	367.358	63
367.215	367.359	60
367.215	367.359	67
367.219	367.362	55
367.219	368.338	48
367.404	367.551	55
367.405	367.551	67
367.596	367.733	55
367.597	367.734	67
367.782	367.921	55
367.782	367.922	67
367.967	368.104	55
367.968	368.107	67
368.153	368.293	55
368.153	368.294	67
368.342	368.479	55
368.343	368.479	67
368.523	368.664	55
368.524	368.665	67
368.713	368.849	55
368.714	368.85	67
368.894	369.035	55
368.895	369.036	67
368.899	369.308	35
368.899	369.312	47
369.08	369.216	55
369.084	369.217	67
369.262	369.402	55
369.263	369.402	67
369.312	369.448	36
369.312	369.448	48
369.448	369.634	67
369.452	369.633	55
369.452	370.015	50
369.452	370.015	38
369.633	369.826	55
369.634	369.826	67
369.826	370.008	55
369.826	370.011	67
370.008	370.19	55
370.011	370.194	67
370.015	370.558	38
370.015	370.561	50
370.19	370.375	55
370.194	370.376	67
370.375	370.554	55
370.376	370.558	67
370.554	370.694	55
370.558	370.697	67
370.558	371.128	38
370.561	371.128	50
370.743	370.921	55
370.743	370.922	67
370.921	371.128	55
370.922	371.128	67
371.1	371.289	56
371.104	371.29	68
371.104	371.685	36
371.107	371.685	48
371.289	371.475	56
371.29	371.475	68
371.475	371.685	56
371.475	371.685	68
371.516	371.685	38
371.517	371.685	50
371.681	371.86	67
371.682	371.856	55
371.682	372.798	39
371.682	372.798	51
371.856	372.042	55
371.86	372.042	67
372.042	372.227	55
372.042	372.228	67
372.227	372.409	55
372.228	372.409	67
372.409	372.594	55
372.409	372.595	67
372.504	372.798	38
372.505	372.798	50
372.594	372.776	55
372.595	372.777	67
372.776	372.958	55
372.777	372.962	67
372.777	373.892	36
372.78	373.892	48
372.958	373.144	55
372.962	373.147	67
373.144	373.326	55
373.147	373.329	67
373.326	373.503	55
373.329	373.507	67
373.329	373.892	34
373.33	373.892	46
373.503	373.882	55
373.507	373.881	67
373.689	373.892	53
373.693	373.892	65
373.731	373.892	44
373.735	373.892	32
373.879	374.06	64
373.88	374.06	60
373.881	374.064	67
373.882	374.064	55
373.882	374.434	31
373.882	374.435	43
374.06	374.242	64
374.06	374.245	60
374.064	374.246	55
374.064	374.246	67
374.242	374.431	64
374.245	374.432	60
374.246	374.432	55
374.246	374.433	67
374.431	374.61	64
374.432	374.61	60
374.432	374.611	55
374.433	374.611	67
374.434	374.975	31
374.435	374.974	43
374.61	374.788	64
374.61	374.789	60
374.611	374.789	55
374.611	374.791	67
374.788	374.977	64
374.789	374.977	60
374.789	374.974	55
374.791	374.974	67
374.97	375.145	62
374.97	375.148	59
374.974	375.149	55
374.974	375.152	67
374.974	375.516	43
374.975	375.517	31
375.145	375.327	62
375.148	375.327	59
375.149	375.33	55
375.152	375.331	67
375.327	375.509	62
375.327	375.512	59
375.33	375.513	55
375.331	375.513	67
375.509	375.69	62
375.512	375.695	59
375.513	375.695	55
375.513	375.698	67
375.516	376.139	43
375.517	376.139	31
375.69	375.873	62
375.695	375.874	59
375.695	375.874	55
375.698	375.876	67
375.873	376.139	62
375.874	376.139	59
375.874	376.079	55
375.876	376.081	67
376.079	376.262	55
376.08	377.171	60
376.08	377.175	64
376.081	377.175	67
376.084	376.262	36
376.084	376.265	48
376.265	376.443	55
376.444	376.626	55
376.629	376.807	55
376.811	376.993	55
376.993	377.176	55
377.178	377.312	55
377.353	377.493	55
377.539	377.679	55
377.717	378.137	62
377.721	378.138	67
377.722	378.138	71
377.722	377.858	55
377.903	378.043	55
378.092	378.225	55
378.141	378.271	64
378.142	378.271	67
378.142	378.271	72
378.274	378.694	65
378.274	378.695	67
378.278	378.669	74
378.278	378.417	55
378.463	378.6	55
378.649	378.792	55
378.841	379.244	67
378.841	379.244	65
378.842	379.223	74
378.842	378.974	55
379.019	379.16	55
379.202	379.338	55
379.383	379.79	65
379.384	379.79	67
379.387	379.768	74
379.388	379.52	55
379.566	379.705	55
379.751	379.884	55
379.93	380.342	64
379.93	380.343	67
379.933	380.343	72
379.933	380.069	55
380.112	380.252	55
380.297	380.437	55
380.346	380.483	65
380.347	380.483	67
380.349	380.484	74
380.484	381.305	67
380.486	381.308	76
380.487	380.619	55
380.668	380.801	55
380.847	380.986	55
381.035	381.172	55
381.218	381.35	55
381.309	381.585	65
381.309	381.586	67
381.312	381.586	74
381.4	381.54	55
381.588	382.135	64
381.589	382.138	67
381.589	382.138	72
381.592	381.725	55
381.771	381.903	55
381.949	382.089	55
382.142	382.54	65
382.142	382.545	67
382.143	382.545	74
382.143	382.271	55
382.316	382.45	55
382.494	382.635	55
382.547	382.687	64
382.548	382.687	67
382.548	382.691	72
382.691	383.237	62
382.695	383.238	67
382.695	383.241	71
382.696	382.82	55
382.869	383.009	55
383.055	383.191	55
383.244	383.653	60
383.245	383.654	67
383.245	383.654	69
383.247	383.374	55
383.419	383.559	55
383.604	383.745	53
383.605	383.745	55
383.654	383.79	62
383.657	383.79	67
383.657	383.79	71
383.794	384.361	64
383.794	384.361	67
383.797	384.362	72
383.797	383.93	52
383.798	383.931	55
383.975	384.116	55
384.161	384.308	55
384.362	384.777	67
384.364	384.781	71
384.365	384.781	74
384.365	384.497	48
384.368	384.5	55
384.543	384.683	55
384.732	384.875	55
384.781	384.92	67
384.782	384.924	72
384.784	384.925	76
384.927	386.65	71
384.928	386.65	67
384.928	386.651	74
384.929	385.075	43
384.931	385.075	55
385.119	385.27	55
385.32	385.467	55
385.515	385.656	55
385.701	385.841	55
385.886	386.027	55
386.072	386.219	55
386.265	386.405	55
386.453	386.594	55
386.651	387.217	59
386.653	387.217	67
386.653	387.216	71
386.654	386.824	55
386.824	387.014	55
387.014	387.217	55
387.063	387.217	60
387.064	387.217	69
387.067	387.217	72
387.214	387.755	62
387.216	387.756	71
387.217	387.756	74
387.217	387.391	55
387.391	387.57	55
387.57	387.757	55
387.755	388.288	62
387.756	388.288	71
387.756	388.291	74
387.757	387.931	55
387.759	387.932	54
387.931	388.105	55
387.932	388.106	54
388.105	388.291	55
388.106	388.302	54
388.288	388.851	62
388.288	388.851	71
388.291	388.851	74
388.291	388.466	53
388.291	388.462	55
388.462	388.645	55
388.466	388.645	53
388.645	388.849	55
388.645	388.851	53
388.845	389.415	64
388.848	389.415	72
388.848	389.407	76
388.849	389.03	55
388.849	389.03	52
389.03	389.412	52
389.03	389.212	55
389.205	389.415	53
389.208	389.415	50
389.212	389.412	55
389.257	389.415	65
389.258	389.415	74
389.258	389.415	77
389.407	389.961	76
389.408	389.961	67
389.411	389.961	79
389.412	389.59	52
389.412	389.59	48
389.412	389.593	55
389.59	389.771	52
389.59	389.772	48
389.593	389.772	55
389.771	389.961	52
389.772	389.961	55
389.772	389.961	48
389.947	390.507	74
389.95	390.507	71
389.95	390.507	77
389.951	390.132	44
389.954	390.133	53
389.954	390.133	50
390.132	390.31	44
390.133	390.311	53
390.133	390.311	50
390.31	390.507	44
390.311	390.507	50
390.311	390.507	53
390.494	391.087	72
390.496	391.087	76
390.497	390.674	48
390.497	390.679	45
390.5	390.679	52
390.674	390.867	48
390.679	390.871	45
390.679	390.871	52
390.867	391.087	48
390.871	391.087	45
390.871	391.087	52
391.071	391.487	69
391.073	391.651	77
391.073	391.651	41
391.256	391.439	53
391.259	391.438	57
391.438	391.651	57
391.439	391.651	53
391.484	391.633	65
391.487	391.651	69
391.487	391.651	74
391.631	392.184	62
391.633	392.183	65
391.634	392.184	71
391.634	392.187	43
391.809	391.994	55
391.994	392.366	55
392.183	392.737	65
392.184	392.736	71
392.184	392.737	62
392.187	392.74	43
392.366	392.551	55
392.551	392.919	55
392.736	393.325	71
392.737	393.325	65
392.737	393.325	62
392.74	393.325	43
392.919	393.114	55
393.114	393.322	55
393.321	393.895	76
393.321	393.744	67
393.322	393.503	55
393.503	393.895	57
393.503	393.696	55
393.695	393.895	59
393.696	393.893	55
393.742	393.895	65
393.744	393.892	67
393.744	393.895	74
393.892	395.071	67
393.892	395.071	64
393.893	395.072	72
393.893	394.084	55
393.895	394.084	48
393.895	394.087	60
394.087	394.234	55
394.279	394.43	55
394.479	394.629	55
394.675	394.826	55
394.872	395.025	55
395.074	395.222	55
395.266	395.417	55
395.466	395.616	55
395.662	396.079	83
395.663	395.802	55
395.847	395.988	55
396.033	396.167	55
396.082	396.215	84
396.216	396.779	86
396.216	396.355	55
396.401	396.544	55
396.586	396.723	55
396.779	397.328	77
396.779	397.328	80
396.78	397.329	83
396.783	397.332	86
396.783	396.908	55
396.957	397.097	55
397.142	397.283	55
397.332	397.874	78
397.333	397.875	81
397.335	397.875	84
397.335	397.877	86
397.336	397.462	55
397.506	397.643	55
397.689	397.829	55
397.878	398.428	78
397.878	398.428	81
397.881	398.287	84
397.882	398.007	55
398.053	398.192	55
398.238	398.378	55
398.288	398.428	86
398.429	400.087	78
398.431	400.087	81
398.431	399.25	87
398.431	399.251	60
398.432	398.56	55
398.606	398.743	55
398.792	398.931	55
398.977	399.11	55
399.159	399.295	55
399.251	399.529	86
399.253	399.53	62
399.341	399.48	55
399.53	400.087	84
399.533	400.089	63
399.534	399.666	55
399.716	399.855	55
399.901	400.041	55
400.09	400.639	74
400.09	400.639	81
400.094	400.492	86
400.094	400.639	66
400.094	400.219	55
400.265	400.405	55
400.446	400.583	55
400.493	400.64	84
400.643	401.189	74
400.643	401.19	79
400.644	401.192	83
400.644	401.193	67
400.646	400.779	55
400.817	400.954	55
401.004	401.143	55
401.193	401.738	74
401.196	401.741	79
401.197	401.598	81
401.197	401.742	65
401.199	401.322	55
401.367	401.507	55
401.553	401.693	55
401.602	401.745	83
401.746	402.313	72
401.746	402.316	79
401.747	402.32	84
401.748	402.32	63
401.749	401.885	55
401.931	402.078	55
402.123	402.267	55
402.32	402.883	79
402.321	402.732	83
402.323	402.735	86
402.323	402.883	60
402.323	402.452	55
402.501	402.642	55
402.686	402.83	55
402.736	402.886	84
402.736	402.887	87
402.89	404.66	79
402.89	404.661	83
402.891	404.661	86
402.893	404.069	67
402.893	403.029	55
403.082	403.226	55
403.279	403.425	55
403.474	403.622	55
403.673	403.817	55
403.87	404.016	55
404.07	404.259	55
404.262	404.465	56
404.466	404.664	57
404.665	405.07	74
404.665	404.794	58
404.839	404.979	58
405.024	405.165	58
405.074	405.211	75
405.214	405.592	77
405.214	405.346	58
405.392	405.529	58
405.578	405.718	58
405.763	406.177	71
405.764	406.177	68
405.767	406.177	74
405.767	406.145	77
405.768	405.897	58
405.768	405.897	65
405.945	406.085	58
405.946	406.086	65
406.127	406.267	58
406.127	406.268	65
406.312	406.698	68
406.313	406.698	70
406.316	406.677	77
406.319	406.442	58
406.32	406.446	62
406.481	406.617	58
406.481	406.618	62
406.655	406.782	58
406.659	406.785	62
406.831	407.412	70
406.831	407.412	68
406.835	406.891	75
406.835	406.953	58
406.891	406.954	77
406.954	407.243	75
406.999	407.142	58
407.195	407.352	58
407.244	407.413	74
407.415	407.958	70
407.416	407.959	67
407.419	408.371	79
407.419	407.551	63
407.597	407.737	63
407.776	407.912	63
407.959	408.504	74
407.961	408.504	68
407.962	408.091	59
407.962	408.091	62
407.965	408.094	65
408.137	408.276	59
408.14	408.28	62
408.14	408.28	65
408.322	408.462	59
408.325	408.462	62
408.326	408.466	65
408.371	408.504	77
408.505	409.06	67
408.508	409.064	75
408.508	408.64	63
408.509	408.644	60
408.689	408.826	63
408.689	408.83	60
408.874	409.015	63
408.879	409.016	60
409.064	409.467	65
409.065	409.606	68
409.065	409.467	74
409.067	409.194	53
409.067	409.194	56
409.238	409.372	53
409.239	409.375	56
409.421	409.56	53
409.421	409.561	56
409.47	409.607	63
409.47	409.607	72
409.61	410.156	62
409.611	410.16	67
409.611	410.16	71
409.613	409.747	55
409.792	409.932	55
409.97	410.111	55
410.162	410.709	62
410.163	410.709	67
410.163	410.576	69
410.164	410.296	53
410.166	410.299	55
410.345	410.481	55
410.53	410.663	55
410.577	410.713	71
410.713	411.272	60
410.714	411.272	67
410.714	411.273	72
410.716	410.852	51
410.716	410.855	55
410.901	411.038	55
411.086	411.227	55
411.276	411.851	67
411.277	411.871	77
411.277	411.871	48
411.279	411.464	55
411.464	411.65	55
411.65	411.854	55
411.696	411.871	72
411.697	411.871	75
411.851	413.565	71
411.851	413.565	67
411.853	413.566	74
411.854	411.99	43
411.854	411.993	55
412.043	412.189	55
412.242	412.386	55
412.435	412.571	55
412.62	412.757	55
412.805	412.949	55
412.995	413.134	55
413.18	413.327	55
413.373	413.519	55
413.568	414.136	59
413.569	414.136	67
413.569	414.133	71
413.572	413.75	55
413.75	413.932	55
413.932	414.135	55
413.982	414.136	60
413.982	414.136	69
413.983	414.136	72
414.132	414.684	62
414.133	414.685	71
414.133	414.685	74
414.135	414.314	55
414.314	414.499	55
414.499	414.686	55
414.684	415.224	62
414.685	415.224	71
414.685	415.225	74
414.686	414.867	55
414.689	414.868	54
414.867	415.045	55
414.868	415.046	54
415.045	415.227	55
415.046	415.238	54
415.224	415.766	62
415.224	415.766	71
415.225	415.766	74
415.225	415.766	53
415.227	415.398	55
415.398	415.574	55
415.399	415.766	52
415.574	415.76	55
415.574	415.766	50
415.757	416.372	64
415.759	416.372	72
415.76	416.366	76
415.76	415.942	55
415.763	416.372	48
415.938	416.372	47
415.942	416.127	55
416.127	416.37	55
416.128	416.372	46
416.169	416.372	65
416.17	416.372	74
416.172	416.372	77
416.366	417.46	76
416.369	417.471	67
416.369	417.471	79
416.369	416.551	45
416.37	416.551	55
416.551	416.733	45
416.551	416.729	55
416.729	416.911	55
416.733	416.911	45
416.911	417.089	45
416.911	417.09	55
417.089	417.275	45
417.09	417.275	55
417.184	417.471	74
417.188	417.471	65
417.188	417.471	77
417.275	417.461	45
417.275	417.461	55
417.458	418.598	64
417.46	418.602	73
417.46	418.602	76
417.461	417.638	45
417.461	418.598	55
417.638	417.824	45
417.824	418.02	45
418.02	418.21	45
418.21	418.409	45
418.409	418.602	45
418.598	420.849	55
418.598	420.849	61
418.598	419.714	64
418.601	418.738	46
418.783	418.969	45
418.969	419.148	45
419.148	419.336	45
419.336	419.526	45
419.427	419.728	65
419.526	419.715	45
419.714	420.849	64
419.715	419.903	45
419.903	420.089	45
420.089	420.279	45
420.279	420.467	45
420.467	420.652	45
420.652	420.849	45
420.845	421.941	74
420.845	421.954	65
420.846	421.954	77
420.849	421.03	44
421.03	421.215	44
421.215	421.391	44
421.391	421.576	44
421.576	421.759	44
421.667	421.954	72
421.668	421.954	63
421.668	421.954	75
421.759	421.944	44
421.94	423.086	62
421.941	423.089	71
421.941	423.089	74
421.944	422.123	44
422.123	422.308	44
422.308	422.508	44
422.508	422.697	44
422.697	422.885	44
422.885	423.089	44
423.085	424.779	53
423.085	424.779	59
423.086	424.194	62
423.089	423.648	43
423.27	423.453	44
423.453	423.631	44
423.631	423.824	44
423.824	424.009	44
423.915	424.215	63
424.009	424.198	44
424.194	424.779	62
424.198	424.384	44
424.384	424.572	44
424.572	424.779	44
424.769	424.95	43
424.95	425.139	43
425.139	425.336	43
425.332	427.59	69
425.332	426.452	75
425.333	425.472	42
425.336	426.453	48
425.517	425.658	42
425.703	425.846	42
425.895	426.036	42
426.08	426.217	42
426.267	426.407	42
426.455	427.009	74
426.456	426.592	42
426.456	427.009	50
426.638	426.777	42
426.823	426.963	42
427.009	427.59	72
427.012	427.148	42
427.012	427.593	51
427.194	427.334	42
427.386	427.537	42
427.593	428.73	67
427.594	427.729	43
427.597	428.731	52
427.775	427.915	43
427.961	428.1	43
428.146	428.286	43
428.332	428.471	43
428.52	428.675	43
428.731	429.006	72
428.732	429.865	65
428.734	428.867	43
428.735	429.865	50
428.913	429.052	43
429.007	429.291	71
429.098	429.245	43
429.291	429.571	69
429.294	429.43	43
429.476	429.616	43
429.571	429.868	71
429.661	429.812	43
429.868	433.231	64
429.872	433.82	72
429.872	430.004	36
429.873	433.235	48
430.05	430.19	36
430.236	430.382	36
430.428	430.568	36
430.61	430.753	36
430.796	430.936	36
430.982	431.117	36
431.17	431.31	36
431.359	431.496	36
431.545	431.681	36
431.73	431.874	36
431.918	432.059	36
432.108	432.248	36
432.293	432.43	36
432.476	432.615	36
432.664	432.801	36
432.85	432.99	36
433.035	433.179	36
433.236	433.82	36
433.821	434.229	71
434.233	434.369	72
434.373	434.765	74
434.932	435.328	74
434.933	436.035	67
434.936	436.039	55
435.496	435.874	74
436.039	436.315	72
436.315	436.605	71
436.606	437.421	75
437.151	438.265	55
437.152	437.967	67
437.425	437.698	74
437.698	437.971	72
437.974	438.266	67
438.266	438.544	72
438.268	438.545	60
438.545	438.835	74
438.549	438.836	62
438.836	439.396	75
438.838	439.399	63
439.399	439.682	74
439.403	439.682	62
439.686	439.966	72
439.686	439.969	60
439.969	440.413	67
439.97	440.414	64
439.97	440.414	55
440.564	441.03	71
440.564	441.03	65
440.568	441.03	62
440.568	441.033	55
441.187	443.059	64
441.188	443.06	72
441.188	443.063	48
441.188	443.064	55
441.191	443.066	60
443.067	443.473	59
443.473	443.612	60
443.613	444.011	62
444.176	445.285	67
444.176	445.286	79
444.177	444.569	62
444.74	445.121	62
445.286	445.709	60
445.71	445.853	62
445.853	446.672	63
446.399	447.511	67
446.4	447.512	79
446.673	446.944	62
446.945	447.217	60
447.218	447.516	55
447.516	447.792	75
447.518	447.792	60
447.795	448.082	77
447.795	448.082	62
448.083	448.359	79
448.086	448.646	63
448.362	448.646	75
448.647	448.929	71
448.649	448.93	62
448.933	449.212	72
448.934	449.217	60
449.217	449.661	67
449.217	449.661	64
449.219	449.662	55
449.807	450.277	71
449.808	450.278	65
449.808	450.278	62
449.809	450.278	55
450.43	451.68	64
450.435	451.68	72
450.435	451.68	48
450.437	451.684	55
450.438	451.684	60
451.685	452.128	67
451.688	452.129	64
451.688	452.129	55
452.279	452.747	71
452.28	452.748	65
452.282	452.751	62
452.282	452.752	55
452.902	454.155	64
452.902	454.156	72
452.903	454.156	48
452.903	454.158	55
452.905	454.158	60
454.159	454.746	55
454.162	454.747	52
454.163	454.75	43
454.75	455.397	59
454.75	455.398	53
454.753	455.398	50
454.754	455.399	43
455.4	456.784	52
455.401	456.784	60
455.401	456.787	36
455.404	456.787	43
455.405	456.788	48
456.783	458.299	55
456.784	458.302	52
456.784	458.303	60
456.787	458.303	36
456.787	458.303	43
456.788	458.305	48
458.299	464.602	55
458.302	464.602	52
458.303	464.602	60
458.303	464.602	36
458.303	464.602	43
458.305	464.602	48
