OnsetTime	OffsetTime	MidiPitch
0.516996	0.60099	76
0.517989	0.604999	79
0.845983	0.92999	76
0.845983	0.92999	79
1.175	1.41599	72
1.178	1.41699	76
1.182	1.25899	60
1.182	1.25899	57
1.48998	1.57798	60
1.48998	1.58099	57
1.826	1.90299	74
1.826	1.90299	77
1.82899	1.98297	57
1.83298	1.98398	53
2.14098	2.22198	74
2.14098	2.22499	77
2.45898	2.69698	71
2.46298	2.70097	74
2.46298	2.53997	55
2.46397	2.53997	59
2.78098	2.86199	55
2.78098	2.86199	59
3.103	3.278	72
3.10699	3.25999	52
3.10699	3.26099	55
3.26398	3.43598	74
3.41799	3.58597	76
3.57598	3.74398	72
3.72597	3.90098	69
3.72697	4.65397	53
3.88398	4.05498	71
4.04097	4.20599	72
4.19197	4.35999	73
4.34597	4.51397	74
4.49999	4.67098	76
4.65496	4.82897	77
4.65696	4.96897	50
4.81197	4.97896	74
4.96996	5.13698	72
4.96996	5.27697	55
5.12297	5.29097	71
5.27797	5.45598	69
5.43797	5.59897	67
5.60298	5.68296	76
5.60298	5.68397	79
5.92797	6.00496	76
5.92897	6.00796	79
6.24997	6.48096	72
6.25097	6.48496	76
6.25297	6.32696	60
6.25396	6.32797	57
6.56497	6.64496	60
6.56597	6.64896	57
6.88695	6.97095	77
6.89095	6.97195	81
6.89395	7.04794	53
6.89494	7.04794	50
7.20894	7.28893	77
7.20994	7.29293	81
7.52693	7.76593	71
7.53092	7.76593	74
7.53193	7.61092	55
7.53193	7.61191	59
7.84591	7.92992	55
7.84691	7.93092	59
8.17793	8.34692	81
8.17892	8.33592	48
8.17892	8.33592	52
8.33691	8.50691	79
8.49293	8.66494	77
8.64793	8.80492	76
8.80593	8.97292	73
8.80593	9.7489	57
8.80792	9.7489	53
8.96192	9.12992	74
9.11893	9.28791	76
9.26992	9.4279	77
9.4279	9.7489	69
9.58291	9.7489	72
9.7429	10.0659	71
9.74391	10.0659	65
9.74591	10.0659	55
9.89791	10.0659	74
10.0619	10.3909	72
10.0649	10.3909	64
10.0649	10.3909	60
10.3939	10.5689	48
10.7509	10.8309	76
10.7519	10.8319	79
11.0729	11.1639	76
11.0759	11.1649	79
11.4049	11.6439	72
11.4059	11.6439	76
11.4099	11.4859	60
11.4099	11.4869	57
11.7239	11.8079	60
11.7249	11.8089	57
12.0559	12.1299	74
12.0569	12.1309	77
12.0569	12.2109	57
12.0599	12.2139	53
12.3669	12.4519	74
12.3679	12.4529	77
12.6929	12.9249	71
12.6939	12.9279	74
12.6979	12.7699	55
12.6979	12.7709	59
13.0089	13.0889	55
13.0089	13.0899	59
13.3309	13.5089	72
13.3339	13.4949	52
13.3379	13.4979	55
13.4989	13.6709	74
13.6529	13.8279	76
13.8099	13.9749	72
13.9669	14.1349	69
13.9679	14.8949	53
14.1139	14.2889	71
14.2719	14.4469	72
14.4289	14.5969	73
14.5869	14.7549	74
14.7439	14.9129	76
14.8949	15.0629	77
14.8959	15.2029	50
15.0519	15.2209	74
15.2029	15.3739	72
15.2039	15.5149	55
15.3569	15.5359	71
15.5179	15.6889	69
15.6719	15.8369	67
15.8369	15.9159	76
15.8379	15.9169	79
16.1589	16.2379	76
16.1619	16.2419	79
16.4879	16.7219	72
16.4879	16.7219	76
16.4889	16.5639	60
16.4889	16.5679	57
16.7989	16.8799	60
16.7989	16.8799	57
17.1249	17.2039	77
17.1249	17.2079	81
17.1259	17.2849	53
17.1279	17.2859	50
17.4429	17.5239	77
17.4429	17.5239	81
17.7619	18.0059	71
17.7619	18.0059	74
17.7649	17.8459	55
17.7649	17.8459	59
18.0839	18.1639	55
18.0839	18.1639	59
18.4129	18.5869	81
18.4129	18.5659	48
18.4139	18.5709	52
18.5729	18.7449	79
18.7309	18.9059	77
18.8879	19.0459	76
19.0459	19.2169	73
19.0469	19.9979	57
19.0499	19.9979	53
19.2029	19.3749	74
19.3579	19.5319	76
19.5149	19.6729	77
19.6729	19.9979	69
19.8309	19.9979	72
19.9889	20.3129	71
19.9909	20.3129	65
19.9909	20.3129	55
20.1489	20.3129	74
20.3099	20.6349	72
20.3109	20.6389	64
20.3109	20.6389	60
20.6399	20.8029	48
20.9679	21.1419	76
20.9679	21.1429	60
21.1249	21.2929	78
21.1259	21.2939	67
21.2759	21.3489	79
21.2769	21.4469	64
21.4329	21.5129	79
21.4329	21.6009	67
21.6009	21.7689	81
21.6019	21.7699	59
21.7519	21.9229	79
21.7519	21.9269	67
21.9089	22.0759	78
21.9099	22.0769	62
22.0629	22.2309	76
22.0669	22.2309	67
22.2339	22.3079	74
22.2349	22.3979	54
22.3849	22.4579	74
22.3849	22.5529	62
22.5389	22.6159	74
22.5419	22.7069	57
22.6929	22.7729	74
22.6929	22.8499	62
22.8539	23.0289	76
22.8569	23.0289	55
23.0119	23.1829	74
23.0119	23.1859	62
23.1649	23.3409	72
23.1659	23.3439	59
23.3229	23.4909	71
23.3229	23.4919	62
23.4939	23.6589	88
23.4949	23.6589	47
23.6449	23.8159	86
23.6449	23.8169	55
23.7989	23.9739	84
23.7999	23.9739	50
23.9569	24.1169	83
23.9569	24.1179	55
24.1179	24.2929	80
24.1219	24.2959	48
24.2749	24.4429	81
24.2749	24.4439	57
24.4319	24.6008	83
24.4329	24.6008	52
24.5829	24.7509	84
24.5829	24.7518	57
24.7538	24.9259	76
24.7548	24.9259	49
24.9088	25.0758	78
24.9088	25.0808	57
25.0658	25.2408	79
25.0668	25.2408	52
25.2198	25.3839	81
25.2238	25.3848	57
25.3848	25.5558	79
25.3878	25.7028	50
25.5458	25.7199	78
25.7038	25.8778	76
25.8679	26.0319	74
26.0359	26.1158	83
26.0359	26.1168	86
26.3608	26.4378	83
26.3619	26.4419	86
26.6868	26.9139	79
26.6868	26.9178	83
26.6868	26.7598	67
26.6878	26.7608	64
26.9978	27.0778	67
26.9988	27.0818	64
27.3228	27.4038	81
27.3238	27.4048	84
27.3238	27.4808	64
27.3278	27.4808	60
27.6428	27.7218	81
27.6428	27.7258	84
27.9668	28.2058	78
27.9678	28.2058	81
27.9678	28.0478	62
27.9718	28.0518	66
28.2868	28.3658	62
28.2898	28.3698	66
28.6178	28.7898	79
28.6188	28.7728	59
28.6188	28.7758	62
28.7768	28.9508	81
28.9298	29.1048	83
29.0878	29.2488	79
29.2488	29.4238	75
29.2528	30.1978	55
29.2528	29.8718	48
29.4058	29.5808	76
29.5638	29.7318	79
29.7138	29.8718	76
29.8718	30.1978	74
29.8758	30.5088	50
30.0298	30.1978	71
30.1868	30.5088	72
30.1878	30.5088	54
30.3438	30.5088	69
30.5088	30.6728	67
30.5088	30.6738	55
30.8348	31.0158	43
31.1938	31.3518	67
31.3528	31.5128	69
31.5138	31.6708	71
31.6718	31.8458	72
31.8458	32.1718	74
31.8498	32.0068	55
31.8498	32.0098	59
32.1718	32.3318	43
32.4958	32.6538	71
32.6538	32.8088	72
32.8118	32.9728	74
32.9738	33.1328	76
33.1338	33.4588	77
33.1368	33.2978	55
33.1378	33.2978	59
33.4598	33.6198	43
33.7838	33.9488	74
33.9488	34.1028	76
34.1038	34.2608	77
34.2638	34.4288	79
34.4288	34.5158	81
34.7648	34.8478	80
35.0998	35.1948	79
35.4748	35.5658	78
35.8458	36.2798	77
36.7148	36.8008	76
36.7178	36.8058	79
37.0508	37.1368	76
37.0538	37.1418	79
37.3958	37.6348	72
37.3968	37.6348	76
37.3968	37.4698	60
37.3978	37.4738	57
37.7078	37.7958	60
37.7088	37.7968	57
38.0438	38.1208	74
38.0478	38.1218	77
38.0478	38.2018	57
38.0478	38.2018	53
38.3558	38.4388	74
38.3598	38.4398	77
38.6778	38.9158	71
38.6778	38.9158	74
38.6778	38.7578	55
38.6808	38.7618	59
38.9958	39.0728	55
38.9998	39.0738	59
39.3208	39.4968	72
39.3218	39.4788	52
39.3258	39.4798	55
39.4798	39.6548	74
39.6358	39.8048	76
39.7938	39.9628	72
39.9448	40.1158	69
39.9448	40.8728	53
40.0988	40.2668	71
40.2568	40.4238	72
40.4068	40.5818	73
40.5648	40.7318	74
40.7218	40.8898	76
40.8728	41.0438	77
40.8758	41.1838	50
41.0288	41.2048	74
41.1868	41.3508	72
41.1868	41.4918	55
41.3438	41.5088	71
41.4948	41.6728	69
41.6558	41.8208	67
41.8208	41.8978	76
41.8218	41.9018	79
42.1428	42.2268	76
42.1428	42.2268	79
42.4678	42.7058	72
42.4718	42.7058	76
42.4718	42.5418	60
42.4728	42.5458	57
42.7798	42.8628	60
42.7828	42.8638	57
43.1088	43.1858	77
43.1088	43.1898	81
43.1098	43.2688	53
43.1098	43.2698	50
43.4268	43.5067	77
43.4268	43.5078	81
43.7457	43.9907	71
43.7457	43.9907	74
43.7467	43.8267	55
43.7487	43.8287	59
44.0707	44.1507	55
44.0707	44.1517	59
44.3967	44.5677	81
44.3967	44.5567	48
44.3997	44.5577	52
44.5607	44.7327	79
44.7147	44.8897	77
44.8717	45.0338	76
45.0367	45.2078	73
45.0378	45.9817	57
45.0378	45.9817	53
45.1907	45.3588	74
45.3418	45.5158	76
45.4998	45.6568	77
45.6568	45.9817	69
45.8108	45.9817	72
45.9727	46.2947	71
45.9727	46.2947	65
45.9747	46.2947	55
46.1258	46.2947	74
46.2907	46.6187	72
46.2937	46.6197	64
46.2947	46.6197	60
46.6227	46.7967	48
46.9797	47.0607	64
46.9807	47.0637	60
47.2977	47.3787	64
47.3017	47.3787	60
47.6307	47.7977	76
47.6307	47.7847	60
47.6317	47.7847	57
47.7877	47.9557	75
47.9387	48.1097	77
48.0917	48.2567	76
48.2567	48.3377	59
48.2577	48.3377	62
48.5687	48.6527	59
48.5687	48.6527	62
48.9007	49.0687	76
48.9007	49.0507	56
48.9017	49.0517	59
49.0517	49.2197	75
49.2087	49.3777	77
49.3597	49.5277	76
49.5277	49.6077	84
49.5287	49.6077	76
49.8457	49.9337	84
49.8467	49.9337	76
50.1787	50.3367	81
50.1797	50.3367	72
50.1797	50.3537	64
50.3367	50.5037	63
50.4897	50.6657	65
50.6477	50.8047	64
50.8057	50.8857	74
50.8057	50.8857	83
51.1167	51.2037	74
51.1177	51.2037	83
51.4487	51.6037	71
51.4497	51.6067	80
51.4497	51.6247	64
51.6067	51.7777	63
51.7637	51.9357	65
51.9187	52.0787	64
52.0827	52.7217	81
52.0837	52.7217	60
52.0857	52.7217	64
52.2407	52.7217	76
52.3947	52.7197	72
52.5557	52.7217	69
52.7197	52.8737	72
52.7207	53.3387	62
52.7207	53.3437	65
52.8707	53.0207	70
53.0217	53.1007	70
53.1787	53.3437	70
53.3457	53.5217	74
53.3467	53.9718	64
53.3467	53.9727	67
53.4997	53.6537	73
53.6547	53.7377	73
53.8117	53.8927	73
53.9757	54.1657	76
53.9767	54.2937	65
53.9797	55.2398	69
54.1297	54.2147	74
54.2947	54.4738	77
54.2947	54.6057	61
54.4517	54.5298	76
54.6068	54.8098	79
54.6097	54.9278	62
54.7637	54.8448	77
54.9288	55.1248	77
54.9288	55.2398	64
55.0818	55.1668	76
55.2398	55.4037	76
55.2427	55.5888	69
55.2438	55.5898	65
55.4048	55.4957	75
55.5898	56.2787	84
55.9357	56.2787	65
55.9368	56.2787	69
56.2768	56.6077	75
56.6088	57.2867	76
56.6128	57.2867	52
56.7797	57.1157	64
56.9487	57.2867	56
57.1157	57.2867	64
57.2847	57.9277	83
57.2847	57.9277	59
57.4417	57.9277	80
57.4417	57.7507	64
57.5927	57.9277	76
57.5947	57.9277	56
57.7497	57.9277	74
57.7507	57.9277	64
57.9177	58.5577	72
57.9207	58.5577	52
58.0687	58.5577	76
58.0717	58.3837	64
58.2257	58.5447	81
58.2287	58.5577	57
58.3827	58.5577	80
58.3837	58.5577	64
58.5447	59.1977	81
58.5467	59.1977	60
58.7017	59.1977	76
58.7027	59.0167	64
58.8597	59.1977	72
58.8597	59.1977	57
59.0137	59.1977	69
59.0167	59.1977	64
59.1817	59.8317	68
59.1847	59.8317	52
59.3457	59.8317	71
59.3487	59.6497	64
59.4967	59.8317	76
59.4987	59.8317	56
59.6497	59.8317	80
59.6497	59.8317	64
59.8167	60.4647	83
59.8177	60.4647	59
59.9727	60.4647	80
59.9747	60.2807	64
60.1247	60.4647	76
60.1257	60.4647	56
60.2807	60.4647	74
60.2807	60.4647	64
60.4547	61.1017	72
60.4577	61.1017	52
60.6097	61.1017	76
60.6117	60.9197	64
60.7687	61.0927	81
60.7697	61.1017	57
60.9177	61.1017	80
60.9197	61.1017	64
61.0927	61.7467	81
61.0957	61.7467	60
61.2557	61.7467	76
61.2567	61.5777	64
61.4137	61.7467	72
61.4137	61.7467	57
61.5747	61.7467	69
61.5777	61.7417	64
61.7417	62.0617	64
61.7457	62.0617	52
62.4147	62.4947	72
62.4157	62.4987	76
62.7397	62.8277	72
62.7407	62.8287	76
63.0757	63.2337	69
63.0767	63.2347	72
63.0797	63.2517	64
63.2347	63.4047	63
63.3907	63.5627	65
63.5457	63.7097	64
63.7107	63.7827	71
63.7107	63.7867	74
64.0207	64.1047	71
64.0247	64.1057	74
64.3467	64.5037	68
64.3507	64.5047	71
64.3507	64.5217	64
64.5077	64.6787	63
64.6607	64.8297	65
64.8117	64.9867	64
64.9877	65.0677	52
64.9877	65.0687	60
65.3047	65.3857	52
65.3057	65.3867	60
65.6347	65.8027	64
65.6387	65.7917	48
65.6387	65.7927	57
65.7957	65.9607	63
65.9487	66.1177	65
66.1067	66.2607	64
66.2617	66.3447	50
66.2647	66.3457	59
66.5767	66.6637	50
66.5767	66.6647	59
66.9087	67.0627	88
66.9087	67.0657	47
66.9087	67.0667	56
67.0697	67.2207	87
67.2207	67.3777	89
67.3787	67.5387	88
67.5427	67.6957	86
67.5437	68.1727	56
67.5447	68.1727	59
67.6967	67.8537	85
67.8537	68.0107	88
68.0117	68.1757	86
68.1757	68.3337	86
68.1797	68.4877	57
68.1797	68.4877	60
68.3307	68.4457	84
68.4877	68.5597	84
68.4907	68.8057	59
68.4907	68.8057	62
68.6447	68.8097	83
68.8097	68.9807	83
68.8107	69.1137	60
68.8107	69.4328	64
68.9557	69.1137	81
69.1177	69.1877	81
69.1177	69.4328	61
69.2707	69.3517	79
69.4337	69.6247	79
69.4357	69.7508	62
69.4357	70.7068	69
69.5907	69.6697	77
69.7548	69.9257	77
69.7557	70.0658	64
69.9047	69.9847	76
70.0658	70.2687	76
70.0698	70.3848	65
70.2238	70.3037	74
70.3848	70.5837	74
70.3858	70.7068	64
70.5388	70.6218	72
70.7078	70.8677	70
70.7078	71.3717	65
70.7098	71.3717	62
70.8677	71.0358	77
71.0387	71.2027	70
71.2037	71.3747	67
71.3747	71.7147	69
71.3787	72.0437	52
71.3787	71.7147	60
71.7107	72.0467	68
71.7117	72.0467	59
72.0467	72.7297	69
72.0507	72.7297	57
72.2187	72.5587	60
72.3867	72.7297	64
72.5587	72.7297	60
72.7257	73.2027	68
72.7267	73.3807	52
72.8837	73.3807	74
72.8847	73.2047	59
73.0407	73.3807	71
73.0417	73.3807	62
73.2027	73.3807	68
73.2047	73.3807	59
73.3707	74.0347	69
73.3737	74.0347	57
73.5317	73.8527	60
73.6897	74.0347	64
73.8527	74.0347	60
74.0247	74.4967	68
74.0257	74.6787	52
74.1847	74.6787	74
74.1857	74.4977	59
74.3407	74.6787	71
74.3427	74.6787	62
74.4967	74.6787	68
74.4977	74.6787	59
74.6697	75.3366	69
74.6717	75.3366	57
74.8267	75.1447	60
74.9907	75.3366	64
75.1447	75.3366	60
75.3197	75.7927	68
75.3227	75.9737	52
75.4777	75.9737	74
75.4797	75.7927	59
75.6347	75.9737	71
75.6357	75.9737	62
75.7927	75.9737	68
75.7927	75.9737	59
75.9667	76.4366	69
75.9667	76.6497	57
76.1217	76.6497	76
76.1236	76.4376	60
76.2796	76.6497	72
76.2816	76.6497	64
76.4366	76.6497	69
76.4376	76.6497	60
76.6356	77.1187	71
76.6356	77.2966	55
76.7967	77.2966	77
76.7977	77.1217	62
76.9587	77.2966	74
76.9607	77.2966	65
77.1187	77.2966	71
77.1217	77.2966	62
78.3537	78.4336	76
78.3546	78.4376	79
78.6926	78.7776	76
78.6936	78.7786	79
79.0326	79.2706	72
79.0356	79.2746	76
79.0366	79.1096	60
79.0366	79.1106	57
79.3476	79.4356	60
79.3486	79.4366	57
79.6766	79.7606	74
79.6796	79.7616	77
79.6806	79.8346	57
79.6846	79.8376	53
79.9986	80.0726	74
79.9996	80.0756	77
80.3166	80.5546	71
80.3176	80.5556	74
80.3206	80.3976	55
80.3216	80.3986	59
80.6286	80.7126	55
80.6316	80.7136	59
80.9606	81.1296	72
80.9616	81.1116	52
80.9646	81.1116	55
81.1126	81.2866	74
81.2726	81.4446	76
81.4266	81.5976	72
81.5806	81.7526	69
81.5846	82.5116	53
81.7386	81.9056	71
81.8886	82.0636	72
82.0466	82.2136	73
82.1976	82.3716	74
82.3546	82.5286	76
82.5126	82.6796	77
82.5126	82.8276	50
82.6696	82.8376	74
82.8276	82.9946	72
82.8286	83.1346	55
82.9776	83.1496	71
83.1346	83.3136	69
83.2956	83.4566	67
83.4566	83.5366	76
83.4606	83.5376	79
83.7826	83.8626	76
83.7866	83.8656	79
84.1006	84.3386	72
84.1046	84.3386	76
84.1046	84.1846	60
84.1046	84.1856	57
84.4226	84.5026	60
84.4226	84.5036	57
84.7486	84.8286	77
84.7486	84.8296	81
84.7496	84.9016	53
84.7496	84.9056	50
85.0666	85.1466	77
85.0666	85.1476	81
85.3856	85.6236	71
85.3856	85.6236	74
85.3886	85.4666	55
85.3886	85.4666	59
85.7036	85.7846	55
85.7036	85.7886	59
86.0366	86.2106	81
86.0366	86.1896	48
86.0376	86.1936	52
86.1946	86.3726	79
86.3546	86.5256	77
86.5116	86.6736	76
86.6736	86.8406	73
86.6766	87.6186	57
86.6766	87.6186	53
86.8236	86.9986	74
86.9816	87.1486	76
87.1386	87.2966	77
87.2966	87.6186	69
87.4476	87.6186	72
87.6116	87.9346	71
87.6146	87.9346	65
87.6146	87.9346	55
87.7656	87.9346	74
87.9336	88.2586	72
87.9336	88.2586	64
87.9346	88.2596	60
88.2626	88.4366	48
88.6126	89.0856	71
88.6126	89.2566	53
88.7706	89.2566	77
88.7726	89.0856	59
88.9276	89.2566	74
88.9306	89.2566	55
89.0856	89.2566	71
89.0856	89.2566	59
89.2536	89.8966	81
89.2536	89.8966	52
89.4036	89.8966	79
89.4066	89.7146	60
89.5616	89.8966	77
89.5626	89.8966	55
89.7116	89.8966	76
89.7146	89.8966	60
89.8756	90.1886	74
89.8756	90.5166	53
90.0306	90.5166	77
90.0336	90.3466	59
90.1886	90.5166	74
90.1906	90.5166	55
90.3456	90.5166	71
90.3466	90.5166	59
90.5136	91.1566	81
90.5146	91.1566	52
90.6636	91.1566	79
90.6666	90.9756	60
90.8146	91.1566	77
90.8176	91.1566	55
90.9716	91.1566	76
90.9756	91.1566	60
91.1406	91.7736	86
91.1426	91.7736	53
91.2976	91.7736	84
91.2986	91.6116	62
91.4546	91.7736	83
91.4556	91.7736	57
91.6086	91.7706	81
91.6116	91.7736	62
91.7706	92.0876	81
91.7726	92.0876	55
91.9306	92.0876	79
91.9306	92.0876	64
92.0856	92.1646	77
92.0876	92.2426	60
92.2426	92.3256	76
92.2436	92.4096	64
92.4096	92.7326	76
92.4106	92.7326	55
92.5676	92.7326	74
92.5716	92.7326	65
92.7316	92.8016	72
92.7326	92.8866	62
92.8866	92.9766	71
92.8876	93.0676	65
93.0716	93.4176	74
93.0746	93.4176	60
93.2396	93.4176	67
93.4086	93.7476	72
93.4106	93.7476	64
93.5756	93.7476	67
93.7446	93.9006	71
93.7466	93.9016	53
93.9046	94.3886	77
93.9046	94.2186	59
94.0596	94.3886	74
94.0616	94.3886	55
94.2166	94.3886	71
94.2186	94.3886	59
94.3836	95.0346	81
94.3876	95.0346	52
94.5416	95.0346	79
94.5456	94.8506	60
94.6966	95.0346	77
94.6986	95.0346	55
94.8496	95.0346	76
94.8506	95.0346	60
95.0116	95.3266	74
95.0136	95.6486	53
95.1686	95.6486	77
95.1716	95.4836	59
95.3266	95.6486	74
95.3286	95.6486	55
95.4806	95.6486	71
95.4836	95.6486	59
95.6436	96.2916	81
95.6476	96.2916	52
95.8016	96.2916	79
95.8026	96.1166	60
95.9566	96.2916	77
95.9596	96.2916	55
96.1166	96.2916	76
96.1166	96.2916	60
96.2846	96.9186	86
96.2856	96.9186	53
96.4396	96.9186	84
96.4426	96.7546	62
96.5966	96.9186	83
96.5996	96.9186	57
96.7536	96.9156	81
96.7546	96.9186	62
96.9156	97.2336	81
96.9176	97.2336	55
97.0726	97.2336	79
97.0756	97.2336	64
97.2306	97.3066	77
97.2326	97.3836	60
97.3836	97.4646	76
97.3846	97.5546	64
97.5556	97.8776	76
97.5556	97.8776	55
97.7126	97.8776	74
97.7126	97.8776	65
97.8746	97.9466	72
97.8766	98.0276	62
98.0276	98.1146	71
98.0306	98.2026	65
98.2036	98.6646	72
98.2066	98.6646	60
98.3566	99.4556	76
98.3566	98.8186	64
98.5146	98.9756	67
98.5146	98.9796	55
98.6646	99.4556	72
98.6646	99.1266	60
98.8186	99.2836	64
98.8216	99.2876	52
98.9756	99.4526	67
98.9796	99.4546	55
99.1266	99.4556	60
99.1296	99.4556	48
99.2836	99.4556	64
99.2876	99.4556	52
99.4526	100.124	67
99.4546	100.124	55
99.6096	99.7636	72
99.7636	100.124	72
99.7676	99.9186	76
99.9186	100.098	76
99.9206	100.099	79
100.098	100.42	76
100.099	100.449	79
100.1	100.449	43
100.254	100.449	74
100.257	100.449	77
100.419	100.495	72
100.42	100.496	76
100.576	100.657	71
100.576	100.66	74
100.733	101.206	72
100.734	101.207	60
100.894	101.998	76
100.894	101.357	64
101.049	101.515	67
101.051	101.515	55
101.206	101.998	72
101.207	101.669	60
101.357	101.829	64
101.36	101.83	52
101.515	101.997	67
101.515	101.997	55
101.669	101.998	60
101.672	101.998	48
101.829	101.998	64
101.83	101.998	52
101.997	102.68	67
101.997	102.68	55
102.152	102.312	72
102.312	102.68	72
102.312	102.474	76
102.474	102.646	76
102.474	102.648	79
102.646	102.974	76
102.648	102.997	79
102.648	102.997	43
102.806	102.997	74
102.81	102.997	77
102.974	103.05	72
102.974	103.051	76
103.131	103.222	71
103.132	103.226	74
103.313	103.998	72
103.313	104.745	36
103.314	104.748	48
103.653	104.749	84
103.653	104.749	79
103.653	104.749	76
103.656	104.357	40
103.656	104.359	52
103.996	104.357	64
103.998	104.357	72
103.999	104.749	43
103.999	104.749	55
104.357	104.745	64
104.357	104.745	72
104.357	104.749	40
104.359	104.749	52
104.745	105.78	64
104.745	105.78	72
104.745	105.78	36
104.748	105.78	48
