OnsetTime	OffsetTime	MidiPitch
0.518994	2.10798	62
0.518994	2.10798	58
1.32698	2.90597	55
2.09799	3.68597	63
2.09998	3.68597	60
2.90597	4.48297	55
3.67897	5.23397	62
3.67998	5.27097	58
4.48297	6.02099	55
5.23397	6.77297	62
5.23498	6.77398	57
5.23598	6.77398	60
6.02099	7.52197	55
6.77297	8.26097	62
6.77297	8.26097	58
7.51897	7.86797	67
7.52197	8.98897	55
7.86797	8.10396	67
7.98396	8.26097	69
8.10396	8.26097	67
8.22297	9.70196	66
8.22497	9.70196	60
8.22596	9.70196	63
8.98897	10.407	55
9.33197	9.70196	69
9.68797	11.197	67
9.68896	11.16	62
9.68896	11.197	58
10.046	11.197	70
10.407	11.197	74
10.407	11.9319	55
10.771	11.197	78
11.155	12.7019	79
11.1589	12.7019	60
11.1589	12.7019	57
11.16	12.6849	62
11.9319	13.4799	55
12.2969	12.7019	78
12.6839	14.0879	74
12.6849	13.4829	58
12.6849	13.4839	62
13.4799	14.1829	55
13.4829	14.1829	58
13.4839	14.1859	62
13.4859	13.8289	43
13.8289	14.0679	43
13.9509	14.0879	45
14.0679	14.1859	43
14.1859	15.6629	42
14.9379	15.6629	62
14.9389	15.6629	60
14.9389	15.6629	57
15.2859	15.6629	45
15.6559	17.1439	43
16.0059	17.1439	46
16.3599	17.1439	62
16.3609	17.1439	58
16.3609	17.1439	50
16.7239	17.1779	54
17.1119	18.6519	55
17.8849	18.6519	62
17.8859	18.6519	57
17.8889	18.6519	60
18.2709	18.6519	54
18.6349	20.1249	50
19.3799	19.7339	67
19.3799	20.1249	62
19.3809	20.1249	55
19.3809	20.1249	58
19.7339	19.9659	67
19.8499	20.1249	69
19.9659	20.1249	67
20.0849	21.5749	66
20.0879	21.5749	48
20.8529	21.5749	54
20.8539	21.5749	62
20.8539	21.5749	57
21.1979	21.5749	69
21.5539	23.0339	67
21.5549	23.0339	46
21.9109	23.0339	70
22.2709	23.0339	74
22.2749	23.0339	62
22.2749	23.0339	58
22.2759	23.0339	55
22.6349	23.0339	78
23.0209	24.5709	79
23.0239	24.5709	47
23.7969	24.5709	59
23.7979	24.5709	55
23.8009	24.5709	62
24.1619	24.5669	77
24.5669	25.2879	77
24.5679	25.2889	48
24.9349	25.3509	54
25.2889	26.0549	67
25.2919	26.0559	75
25.2919	26.0559	72
25.2919	25.7289	55
25.6689	26.1179	60
26.0579	27.6199	74
26.0589	27.6199	65
26.8319	27.6149	72
26.8329	27.6199	67
26.8349	27.6159	55
26.8349	27.6199	60
27.2099	27.6199	63
27.6149	27.8889	72
27.6159	29.1069	58
27.6159	29.1069	55
27.6189	29.1079	62
27.9759	28.2559	66
28.3469	28.6299	67
28.3479	30.6609	50
28.7249	29.0159	69
29.1099	30.6619	60
29.1099	30.6619	70
29.1319	30.6679	66
29.8829	30.6579	62
30.2519	30.6619	69
30.6569	31.5849	67
30.6579	31.5849	62
30.6579	31.5849	58
30.6579	31.5849	43
30.6609	31.5849	50
31.4069	31.9629	74
31.9629	32.0329	74
32.0329	32.1089	75
32.1099	33.3809	74
32.1109	33.4919	66
32.1109	33.4929	63
32.7989	34.1749	58
33.1499	33.4929	69
33.4939	33.6639	70
33.4949	34.8429	65
33.4959	34.8429	62
33.8389	34.0069	73
34.1759	34.3429	74
34.1759	35.5149	58
34.5109	34.6828	75
34.8438	35.0048	77
34.8469	36.1868	63
34.8469	36.1908	60
35.1649	35.3439	78
35.5149	35.6799	82
35.5189	36.8248	58
35.8409	36.0148	81
36.1308	36.1938	81
36.1938	37.1989	84
36.1949	37.4719	65
36.1949	37.4719	62
36.8248	38.1119	58
37.1429	37.3908	82
37.4159	37.4749	82
37.4749	37.6289	86
37.4759	38.7599	62
37.4759	38.7609	72
37.4789	38.7629	66
37.7829	37.9479	81
38.0599	38.1119	82
38.1129	38.2739	86
38.1159	39.4109	58
38.4269	38.5919	81
38.7039	38.7639	81
38.7669	39.0749	86
38.7679	40.0899	62
38.7679	40.0899	70
38.7699	40.0899	67
39.0759	40.0899	79
39.4139	40.7349	58
39.7269	41.4089	82
40.0759	41.4089	60
40.0769	41.4089	63
40.3879	41.4089	78
40.7349	42.0739	58
41.0489	42.3889	81
41.3989	42.7709	62
41.7209	42.4139	74
42.0739	43.4429	58
42.4139	42.6239	79
42.6249	42.6969	74
42.6979	42.7749	75
42.7749	43.8729	74
42.7759	44.0839	66
42.7779	44.0869	63
43.4429	44.7419	58
43.7619	44.0869	69
44.0869	44.2409	70
44.0909	45.3789	62
44.0909	45.3789	65
44.4019	44.5729	73
44.7419	44.8949	74
44.7429	46.0159	58
45.0529	45.2169	75
45.3789	45.5389	77
45.3819	46.6559	60
45.3819	46.6559	63
45.6969	45.8609	78
46.0159	46.1799	82
46.0189	47.2969	58
46.3379	46.4979	81
46.6029	46.6599	81
46.6599	47.6709	84
46.6609	47.9339	62
46.6609	47.9369	65
47.2969	48.5849	58
47.6149	47.8529	82
47.8809	47.9369	78
47.9369	48.0909	82
47.9379	49.2389	66
47.9379	49.2429	72
47.9409	49.2429	62
48.2449	48.4129	78
48.5249	48.5849	78
48.5859	48.7419	82
48.5879	49.8869	58
48.8959	49.0639	78
49.1829	49.2439	78
49.2439	50.2609	81
49.2459	50.5269	62
49.2459	50.5309	67
49.2459	50.5239	70
49.5609	50.2609	74
49.8869	51.1709	58
50.2089	50.4459	79
50.4779	50.5309	74
50.5319	50.6839	70
50.5339	51.8289	50
50.5339	51.8289	54
50.5349	51.8299	60
50.8419	51.0099	69
51.1219	51.1749	74
51.1759	51.3279	70
51.1759	52.5219	46
51.4859	51.6609	69
51.7689	51.8329	74
51.8329	52.8339	69
51.8339	53.2149	58
51.8359	53.2149	50
51.8359	53.2189	55
52.1649	52.8579	67
52.5219	53.9019	46
52.8579	53.0639	62
53.0649	53.1419	62
53.1419	53.2189	63
53.2189	54.3629	62
53.2219	54.5869	51
53.2219	54.5879	54
53.9019	55.2239	46
54.2449	54.5879	57
54.5889	54.7409	58
54.5909	55.8609	53
54.5909	55.8639	50
54.9049	55.0629	61
55.2249	55.3819	62
55.2249	56.4869	46
55.5419	55.6999	63
55.8649	56.0189	65
55.8649	57.1279	51
55.8689	57.1279	48
56.1759	56.3339	66
56.4879	56.6519	70
56.4909	57.7859	46
56.8099	56.9699	69
57.0759	57.1289	69
57.1319	58.1669	72
57.1319	58.4329	53
57.1349	58.4339	50
57.7859	59.0919	46
58.1079	58.3529	70
58.3809	58.4379	70
58.4379	58.5869	74
58.4399	59.7389	54
58.4409	59.7419	60
58.4409	59.7429	50
58.7419	58.9159	69
59.0319	59.0919	70
59.0919	59.2449	74
59.0959	60.3939	46
59.3999	59.5669	69
59.6829	59.7429	69
59.7469	60.7749	74
59.7469	61.0439	50
59.7469	61.0489	55
59.7489	61.0489	58
60.0689	60.7749	62
60.3939	61.7129	46
60.7159	60.9679	67
60.9889	61.0509	62
61.0519	61.1989	67
61.0519	62.3989	52
61.0529	62.3999	57
61.3519	61.5349	61
61.6499	61.7159	62
61.7169	61.8709	67
61.7169	62.4019	45
62.0349	62.2209	61
62.3429	62.4029	62
62.4029	63.4559	67
62.4029	63.8619	50
62.7519	63.8619	57
63.1059	63.8629	38
63.4569	63.8659	66
63.8659	65.2369	58
63.8689	65.2379	55
64.2049	64.4159	62
64.3109	64.5309	63
64.4159	64.5309	62
64.5199	65.1819	61
64.5199	65.2409	50
65.0599	65.2419	62
65.2419	65.3139	66
65.2449	66.5329	60
65.2449	66.5329	57
65.3949	65.4689	68
65.5459	65.6259	69
65.7059	65.7939	73
65.8709	66.5329	74
65.8709	66.5329	50
66.5319	67.8349	58
66.5329	67.8349	62
66.8509	67.0089	79
67.0089	67.1069	79
67.0619	67.1769	81
67.1069	67.1769	79
67.1589	67.8349	78
67.1629	67.8349	50
67.6639	67.8349	79
67.8319	69.1969	86
67.8329	69.1969	57
67.8349	69.1969	60
68.1459	69.1969	74
68.5069	69.1969	50
68.8499	69.1969	62
69.1959	70.5539	55
69.1969	70.5579	58
69.5209	69.7319	62
69.6279	69.8189	63
69.7319	69.8359	62
69.8369	70.4979	61
69.8379	70.5579	50
70.3759	70.5579	62
70.5609	70.6309	66
70.5619	71.8909	57
70.5619	71.8909	60
70.7119	70.7889	68
70.8619	70.9429	69
71.0269	71.1069	73
71.1869	71.8909	74
71.1879	71.8909	50
71.8669	73.2529	62
71.8669	73.2529	58
72.1989	72.3599	79
72.3599	72.4659	79
72.4159	72.5349	81
72.4659	72.5349	79
72.5249	73.2529	78
72.5249	73.2529	50
73.0469	73.2529	79
73.2249	74.6069	86
73.2259	74.6069	60
73.2259	74.6069	57
73.5359	74.6069	74
73.8969	74.6069	50
74.2429	74.6069	62
74.5899	75.9999	55
74.5899	75.9999	58
74.9259	75.0909	79
75.0909	75.2019	79
75.1469	75.2689	81
75.2019	75.2689	79
75.2509	75.9999	78
75.2549	75.9999	50
75.7979	75.9999	79
75.9829	77.3539	86
75.9829	77.3539	57
75.9839	77.3539	60
76.2879	77.3539	74
76.6509	77.3539	50
76.9949	77.3539	62
77.3409	78.7229	55
77.3409	78.7229	58
77.6759	78.7229	73
78.0229	78.7229	50
78.3639	78.7229	61
78.7099	80.0989	54
78.7129	80.0989	57
79.0489	80.0989	74
79.3849	80.0989	50
79.7169	80.0989	62
80.0809	81.5019	55
80.0819	81.5019	58
80.4349	81.5019	73
80.7889	81.5019	50
81.1279	81.5019	61
81.4849	82.8779	57
81.4849	82.8779	54
81.8279	83.2519	74
82.1839	83.6269	50
82.5139	84.0399	62
82.8779	84.4639	57
82.8779	84.4639	54
83.2519	84.4639	74
83.6269	84.4639	50
84.0399	84.4639	62
84.4639	85.9609	62
84.4639	85.9609	58
85.2089	85.5549	67
85.2099	86.6759	55
85.5549	85.7939	67
85.6779	85.9609	69
85.7939	85.9609	67
85.9119	87.3959	66
85.9159	87.3959	63
85.9159	87.3959	60
86.6759	88.0969	55
87.0189	87.3959	69
87.3819	88.8659	67
87.3829	88.8659	58
87.3829	88.8449	62
87.7389	88.8659	70
88.0959	88.8659	74
88.0969	89.6189	55
88.4579	88.8659	78
88.8449	90.3849	79
88.8449	90.3719	62
88.8459	90.3849	60
88.8489	90.3849	57
89.6189	91.1729	55
89.9869	90.3849	78
90.3719	91.7779	74
90.3719	91.1729	62
90.3749	91.1699	58
91.1699	91.8699	58
91.1729	91.8729	55
91.1729	91.8729	62
91.1729	91.5229	43
91.5229	91.7569	43
91.6389	91.7779	45
91.7569	91.8759	43
91.8769	93.3639	42
92.6319	93.3639	57
92.6329	93.3639	60
92.6329	93.3639	62
92.9799	93.3639	45
93.3439	94.8369	43
93.6999	94.8369	46
94.0529	94.8369	58
94.0569	94.8369	62
94.0579	94.8369	50
94.4179	94.8649	54
94.8059	96.3359	55
95.5789	96.3359	57
95.5839	96.3359	60
95.5839	96.3359	62
95.9579	96.3359	54
96.3289	97.8189	50
97.0739	97.4209	67
97.0739	97.8189	55
97.0739	97.8189	58
97.0779	97.8189	62
97.4209	97.6549	67
97.5389	97.8189	69
97.6549	97.8189	67
97.7809	99.2469	66
97.7819	99.2469	48
98.5399	99.2469	57
98.5409	99.2469	62
98.5439	99.2469	54
98.8829	99.2469	69
99.2439	100.724	67
99.2439	100.724	46
99.5979	100.724	70
99.9619	100.724	74
99.9619	100.724	62
99.9629	100.724	55
99.9629	100.724	58
100.326	100.724	78
100.711	102.258	79
100.714	102.258	47
101.487	102.258	59
101.488	102.258	55
101.488	102.258	62
101.852	102.254	77
102.254	102.982	77
102.258	102.983	48
102.622	103.041	54
102.985	103.741	75
102.986	103.745	72
102.986	103.745	67
102.989	103.423	55
103.36	103.808	60
103.746	105.31	74
103.748	105.31	65
104.522	105.31	67
104.523	105.303	72
104.526	105.31	60
104.526	105.306	55
104.9	105.31	63
105.303	105.575	72
105.304	106.804	62
105.306	106.804	55
105.307	106.804	58
105.67	105.95	66
106.034	106.321	67
106.035	108.352	50
106.419	106.703	69
106.805	108.376	60
106.808	108.376	70
106.818	108.376	66
107.581	108.348	62
107.949	108.376	69
108.348	109.093	62
108.351	109.093	67
108.352	109.097	58
108.352	109.845	50
108.355	109.845	43
109.093	109.443	67
109.093	109.845	62
109.093	115.113	55
109.097	109.845	58
109.443	109.674	67
109.563	109.845	69
109.674	109.845	67
109.797	111.305	66
110.559	111.305	63
110.56	111.305	60
110.921	111.305	69
111.27	112.792	67
111.645	112.792	70
112.009	112.792	74
112.012	112.792	62
112.012	112.792	58
112.379	112.792	78
112.761	114.353	79
113.538	114.353	60
113.538	114.353	63
113.913	114.353	78
114.316	115.631	74
114.316	115.113	58
114.319	115.11	62
115.11	115.631	62
115.113	115.631	55
115.113	115.631	58
115.114	115.468	43
115.468	115.631	43
115.579	115.694	45
115.695	115.813	43
115.813	117.332	42
116.591	117.332	60
116.591	117.332	57
116.591	117.332	62
116.948	117.332	45
117.308	118.823	43
117.675	118.823	46
118.039	118.795	55
118.043	118.823	58
118.044	118.823	62
118.044	118.823	50
118.417	118.866	54
118.795	120.374	55
119.572	120.374	62
119.573	120.374	57
119.575	120.374	60
119.961	120.374	54
120.346	121.892	50
120.349	121.892	43
121.124	121.892	62
121.127	121.892	58
121.871	123.457	55
122.649	123.457	57
122.652	123.457	62
122.653	123.457	60
123.031	123.457	54
123.423	124.98	50
123.425	124.98	43
124.189	124.98	58
124.192	124.98	62
124.959	126.555	55
125.739	126.555	62
125.74	126.555	57
125.74	126.555	60
126.12	126.555	54
126.523	135.085	43
126.524	135.085	50
127.335	128.959	62
127.336	128.96	58
127.336	128.96	55
128.959	130.585	62
128.96	130.584	55
128.96	130.584	58
130.584	132.203	58
130.584	132.204	55
130.585	132.204	62
132.203	135.085	58
132.204	135.085	62
132.204	135.085	55
