OnsetTime	OffsetTime	MidiPitch
0.519987	0.578995	50
0.771994	1.00997	55
0.771994	2.25194	43
0.772986	2.25295	31
0.848987	1.00997	50
0.922976	1.00997	57
0.998976	1.06198	58
1.26497	1.50396	57
1.33997	1.50396	50
1.41597	1.50396	58
1.49296	1.55595	60
1.75595	1.98995	58
1.83296	1.98995	50
1.90995	1.98995	60
1.98695	2.05295	62
2.25295	2.49094	55
2.32895	2.49094	50
2.40295	2.49094	57
2.47995	2.54294	58
2.48094	2.54394	34
2.48094	2.54394	46
2.74594	2.98694	57
2.74594	2.98694	48
2.74693	2.98694	36
2.81593	2.98694	51
2.88993	2.98694	58
2.97292	3.03692	60
3.23192	3.47091	54
3.23292	3.47091	38
3.23593	3.47091	50
3.30894	3.47091	48
3.38292	3.47091	55
3.45992	3.53092	57
3.72292	3.96389	55
3.72292	3.96389	43
3.72391	3.96389	31
3.79592	3.96389	50
3.8739	3.96389	57
3.9509	4.01691	58
4.2049	4.32791	57
4.38791	4.44391	54
4.4469	4.50991	50
4.4509	4.5109	38
4.70291	4.93988	55
4.70291	6.17885	43
4.7039	6.18284	31
4.7799	4.93988	50
4.8529	4.93988	57
4.9269	4.98989	58
5.19588	5.43386	57
5.26989	5.43386	50
5.34688	5.43386	58
5.42387	5.48587	60
5.68587	5.91985	58
5.76286	5.91985	50
5.84086	5.91985	60
5.91685	5.97985	62
6.18385	6.41683	55
6.25685	6.41683	50
6.33384	6.41683	57
6.41083	6.46983	58
6.41184	6.47283	46
6.41184	6.47384	34
6.66983	6.91482	57
6.66983	6.91482	48
6.67083	6.91482	36
6.74682	6.91482	51
6.82082	6.91482	58
6.89681	6.96382	60
7.15882	7.40182	59
7.16283	7.40182	38
7.16582	7.23984	50
7.23984	7.40182	50
7.31383	7.40182	60
7.39082	7.45282	62
7.64983	7.89479	60
7.65282	7.89479	39
7.65282	7.89479	51
7.72682	7.89479	55
7.80081	7.89479	62
7.8808	7.93979	63
8.1218	8.3448	59
8.18879	8.3448	53
8.26581	8.3448	60
8.3358	8.3978	62
8.33679	8.46081	38
8.33881	8.4648	50
8.5908	8.8318	60
8.5908	8.8318	39
8.59181	8.8318	51
8.66779	8.8318	55
8.74478	8.8318	62
8.81778	8.88178	63
9.07679	9.31577	63
9.08178	9.31577	36
9.08178	9.31577	48
9.15878	9.31577	55
9.23478	9.31577	65
9.31178	9.37478	67
9.57077	9.81575	66
9.57077	9.81575	38
9.57178	9.81575	50
9.64778	9.81575	54
9.72576	9.81575	67
9.80176	9.86176	69
10.0568	10.1238	62
10.3208	10.3828	62
10.3208	10.3858	50
10.5788	10.8238	67
10.5788	11.5758	43
10.5798	11.0758	46
10.5798	11.0758	55
10.6527	10.8238	62
10.7338	10.8238	69
10.8078	10.8768	70
11.0768	11.3307	69
11.0788	11.5768	50
11.0798	11.5768	57
11.1528	11.3307	62
11.2297	11.3307	70
11.3077	11.3768	72
11.5777	11.8358	70
11.5797	12.0728	58
11.5797	12.0728	55
11.6578	11.8358	62
11.7308	11.8358	72
11.8148	11.8778	74
12.0768	12.3107	67
12.1508	12.3107	62
12.2237	12.3107	69
12.3017	12.3707	70
12.3027	12.3717	55
12.3047	12.3717	46
12.5677	12.7977	69
12.5677	13.0607	57
12.5707	13.0607	55
12.5707	13.0617	48
12.6447	12.7977	63
12.7177	12.7977	70
12.7947	12.8607	72
13.0637	13.2977	66
13.0647	13.5477	62
13.0647	13.5507	54
13.0677	13.5507	50
13.1337	13.2977	60
13.2107	13.2977	67
13.2947	13.3577	69
13.5507	13.7957	67
13.5537	14.0227	55
13.5547	14.0267	43
13.5547	14.0277	46
13.6307	13.7957	62
13.7057	13.7957	69
13.7817	13.8447	70
14.0277	14.1417	69
14.1977	14.2567	66
14.2577	14.3197	62
14.2587	14.3207	50
14.5057	14.7477	67
14.5097	15.5037	43
14.5097	15.0027	46
14.5107	15.0067	55
14.5827	14.7477	62
14.6637	14.7477	69
14.7367	14.8067	70
15.0077	15.2407	69
15.0097	15.5037	50
15.0097	15.5077	57
15.0797	15.2407	62
15.1607	15.2407	70
15.2377	15.3067	72
15.5077	15.7447	70
15.5087	16.0217	58
15.5107	16.0227	55
15.5877	15.7447	62
15.6617	15.7447	72
15.7377	15.8087	74
16.0227	16.2517	75
16.0917	16.2517	67
16.1687	16.2517	77
16.2427	16.3047	79
16.2447	16.3057	51
16.2457	16.3057	39
16.5007	16.7527	69
16.5047	16.7527	41
16.5047	16.7527	53
16.5857	16.7527	60
16.6617	16.7527	70
16.7357	16.7987	72
16.9767	17.2107	74
16.9807	17.2107	34
16.9807	17.2107	46
17.0537	17.2107	65
17.1317	17.2107	75
17.2007	17.2637	77
17.4607	17.7117	67
17.4607	17.7117	51
17.4637	17.7117	39
17.5447	17.7117	58
17.6207	17.7117	69
17.6977	17.7577	70
17.9427	18.1737	72
18.0197	18.1737	63
18.0937	18.1737	74
18.1637	18.2257	75
18.1637	18.4257	45
18.1667	18.4267	33
18.4267	18.6677	66
18.4277	18.9197	50
18.4297	18.9197	38
18.5027	18.6677	57
18.5777	18.6677	67
18.6497	18.7207	69
18.9206	19.1496	72
18.9927	19.1496	63
19.0706	19.1496	74
19.1436	19.2096	75
19.1476	19.4056	32
19.1476	19.4066	44
19.4066	19.6476	66
19.4086	19.8996	50
19.4096	19.8996	38
19.4796	19.6476	57
19.5576	19.6476	67
19.6336	19.6936	69
19.9006	20.1296	72
19.9766	20.1296	63
20.0506	20.1296	74
20.1276	20.1866	75
20.1276	20.3856	33
20.1286	20.3866	45
20.3866	20.6236	66
20.3896	21.3836	50
20.3896	21.8906	38
20.4636	20.6236	57
20.5366	20.6236	67
20.6206	20.6836	69
20.8796	21.1236	60
20.9566	21.1236	57
21.0376	21.1236	62
21.1146	21.1836	63
21.3836	21.6396	54
21.4676	21.6396	50
21.5476	21.6396	55
21.6216	21.6906	57
21.8906	21.9506	50
22.1496	22.2126	50
22.1506	22.2166	38
22.3976	22.6496	55
22.4026	23.8966	31
22.4026	23.8996	43
22.4836	22.6496	50
22.5556	22.6496	57
22.6336	22.7026	58
22.8986	23.1436	57
22.9796	23.1436	50
23.0566	23.1436	58
23.1416	23.2036	60
23.4026	23.6386	58
23.4796	23.6386	50
23.5536	23.6386	60
23.6376	23.6996	62
23.8996	24.1346	55
23.9736	24.1346	50
24.0496	24.1346	57
24.1246	24.1936	58
24.1276	24.1936	46
24.1276	24.1976	34
24.3936	24.6346	57
24.3945	24.8805	36
24.3945	24.8805	48
24.4705	24.6346	51
24.5435	24.6346	58
24.6175	24.6795	60
24.8835	25.1175	59
24.8835	25.3735	38
24.8845	25.3735	50
24.9605	25.1175	53
25.0305	25.1175	60
25.1145	25.1776	62
25.3745	25.6145	60
25.3765	25.4505	51
25.3775	25.8385	39
25.4505	25.8385	51
25.5245	25.6145	62
25.5975	25.6565	63
25.8395	26.0765	59
25.9125	26.0765	53
25.9895	26.0765	60
26.0665	26.1325	62
26.0675	26.1955	38
26.0675	26.1965	50
26.3245	26.6725	60
26.3255	26.7955	48
26.3255	26.7955	36
26.4065	26.7955	55
26.4825	26.7915	62
26.5565	26.7955	63
26.6725	26.7955	60
26.7915	27.0255	62
26.7945	27.2945	38
26.7945	27.2955	50
26.8645	27.0255	55
26.9415	27.0255	63
27.0185	27.0845	65
27.2955	27.5425	64
27.2975	28.0715	37
27.2985	28.0725	49
27.3765	27.5425	55
27.4525	27.5425	66
27.5335	27.6725	67
27.8095	28.0785	67
27.8995	28.0785	58
27.9785	28.0785	69
28.0695	28.2215	70
28.0715	28.3865	37
28.0725	28.3865	49
28.3875	28.9365	62
28.3875	28.9375	74
28.3905	28.9395	50
28.3905	28.9405	38
28.9405	29.4885	62
28.9435	29.4895	66
28.9445	29.4895	57
28.9445	29.4925	38
28.9445	29.4935	50
29.4935	29.7305	64
29.4955	30.2604	49
29.4965	30.2604	37
29.5705	29.7305	55
29.6475	29.7305	66
29.7275	29.8664	67
30.0075	30.2664	67
30.0885	30.2664	58
30.1684	30.2664	69
30.2594	30.4244	70
30.2604	30.5914	49
30.2604	30.5914	37
30.5924	31.1734	74
30.5954	31.1824	70
30.5954	31.1824	79
30.5964	31.1734	38
30.5964	31.1764	50
31.1694	31.9424	66
31.1734	31.9424	74
31.1734	31.9424	69
31.1734	31.9424	38
31.1764	31.9424	50
31.9364	32.9084	62
31.9394	32.9084	67
31.9394	32.9084	58
31.9404	32.9084	43
31.9404	32.9084	31
33.4544	34.2074	53
33.4584	35.6534	34
33.4594	35.6534	46
33.6474	34.2074	50
33.8224	34.2074	55
34.2074	34.9464	57
34.3854	34.9464	50
34.5744	34.9464	58
34.9464	35.6534	60
35.1204	35.6534	50
35.2914	35.6534	62
35.6494	36.3784	48
35.6534	36.3784	32
35.6534	36.3784	63
35.8134	36.3784	50
35.9814	36.3784	65
36.3744	38.5164	47
36.3784	38.5164	31
36.4014	37.7984	67
36.5524	37.1014	50
36.7284	37.1014	65
37.0884	37.8084	63
37.2634	37.8084	50
37.4424	37.8084	62
37.7984	38.5164	67
37.7994	38.5164	60
37.9764	38.5164	50
38.1514	38.5164	59
38.5134	39.2554	57
38.5164	39.2554	69
38.6834	39.2554	50
38.8594	39.2554	71
38.8624	39.2554	55
39.1464	41.3854	63
39.2544	39.9964	48
39.2854	41.3854	75
39.4324	39.9964	36
39.6154	39.9964	50
39.9724	40.6824	51
40.1504	40.6824	48
40.3264	40.6824	53
40.6794	41.3854	55
40.8544	41.3854	48
41.0334	42.1664	74
41.0334	41.3854	57
41.3854	42.1664	59
41.5294	42.1664	72
41.6214	42.1664	60
41.6704	42.1664	70
41.8194	42.1664	69
41.8724	42.1664	62
41.9814	42.1664	67
42.1634	45.1103	65
42.1644	43.5873	57
42.1654	45.1103	41
42.1694	42.9043	63
42.3374	42.9043	53
42.5274	42.9043	62
42.8953	43.5973	60
43.0663	43.5973	53
43.2303	43.5973	58
43.5873	44.2973	57
43.7623	44.2903	53
43.9443	44.2973	55
44.2903	45.1103	53
44.4343	45.1103	67
44.4733	45.1103	51
44.5883	45.1103	69
44.6653	45.1103	50
44.7393	45.1103	70
44.8653	45.1103	48
44.9073	45.1103	72
45.1063	45.8583	74
45.1063	45.8583	34
45.1103	45.8583	46
45.2773	45.8583	62
45.4563	45.8583	72
45.8343	46.5563	70
45.8353	47.2973	79
46.0163	46.5563	58
46.2023	46.5563	69
46.5553	47.2973	67
46.7333	48.0683	58
46.9233	47.2973	65
46.9243	47.2973	77
47.2943	48.0683	64
47.2973	47.5813	76
47.5013	48.0683	77
47.5813	48.0683	76
47.6653	48.0683	62
47.6683	48.0683	74
47.8673	48.0673	72
47.8673	48.0693	60
48.0673	48.8193	72
48.0683	48.8193	45
48.2393	48.8193	60
48.4073	48.8193	70
48.7913	49.5173	69
48.7953	50.3033	77
48.9693	49.5173	57
49.1523	49.5173	67
49.5163	50.3033	65
49.7053	51.1943	57
49.8943	50.3033	76
49.8953	50.3033	64
50.2933	51.1963	62
50.2973	50.5773	74
50.2973	51.1963	56
50.2973	51.1963	47
50.5243	50.7273	76
50.5773	50.6853	74
50.6303	51.1963	73
50.6853	51.1963	74
50.7273	51.1963	76
50.7343	51.1963	64
50.9473	51.1973	65
50.9523	51.1933	77
51.1933	52.0543	77
51.1933	52.8803	60
51.1943	52.8803	57
51.1963	52.8803	48
51.4093	52.0543	65
51.6313	52.0543	76
52.0543	52.8803	74
52.2423	52.8803	65
52.6533	52.8763	72
52.8763	53.6913	72
52.8763	54.5373	58
52.8773	54.5373	64
52.8803	54.5373	48
53.0723	53.6913	60
53.2793	53.6913	70
53.6893	54.5373	69
53.8983	54.5373	60
54.3193	54.5363	67
54.5363	56.1833	67
54.5363	55.3723	53
54.5393	57.1533	60
54.7313	55.5573	58
54.9443	55.3723	52
55.3473	56.1833	50
55.5603	56.1833	58
55.7603	56.1833	48
56.1813	57.1533	65
56.1903	58.0043	53
56.3903	57.1533	57
56.6043	57.1533	63
57.0463	58.0183	62
57.0483	58.0183	41
57.2763	58.0183	51
57.5143	58.7643	61
58.0043	58.7643	53
58.0113	60.1883	46
58.0123	60.1883	34
58.1993	58.7643	50
58.3673	58.7643	55
58.3823	58.7643	62
58.7633	59.4773	57
58.9313	59.4773	50
59.1243	59.4843	58
59.4703	60.1883	60
59.6493	60.1883	50
59.8163	60.1883	62
60.1813	60.9093	48
60.1823	60.9093	32
60.1843	60.9093	63
60.3533	60.9093	50
60.5273	60.9163	65
60.9063	63.0503	31
60.9093	63.0503	47
60.9163	62.3273	67
61.0833	61.6373	50
61.2663	61.6373	65
61.6193	62.3363	63
61.7903	62.3363	50
61.9733	62.3363	62
62.3273	63.0503	67
62.3303	63.0503	60
62.5053	63.0503	50
62.6873	63.0503	59
63.0443	63.7933	57
63.0473	63.7933	69
63.2153	63.7933	50
63.3933	63.7933	55
63.3943	63.7943	71
63.6803	65.9213	63
63.7933	64.5283	48
63.7963	65.9213	75
63.9673	64.5283	36
64.1533	64.5283	50
64.5103	65.2153	51
64.6853	65.2153	48
64.8603	65.2153	53
65.2143	65.9213	55
65.3922	65.9213	48
65.5702	66.6983	74
65.5713	65.9213	57
65.9143	66.6983	59
66.0622	66.6983	72
66.1522	66.6983	60
66.2053	66.6983	70
66.3583	66.6983	69
66.4043	66.6983	62
66.5133	66.6983	67
66.6803	67.4363	63
66.6952	69.6422	65
66.6952	69.6422	41
66.6983	68.1232	57
66.8733	67.4363	53
67.0513	67.4363	62
67.4292	68.1322	60
67.5972	68.1322	53
67.7653	68.1322	58
68.1232	68.8322	57
68.3012	68.8232	53
68.4692	68.8322	55
68.8232	69.6422	53
68.9692	69.6422	67
69.0042	69.6422	51
69.1202	69.6422	69
69.1962	69.6422	50
69.2782	69.6422	70
69.4002	69.6422	48
69.4462	69.6422	72
69.6392	70.3982	74
69.6412	70.3982	46
69.6412	70.3982	34
69.8092	70.3982	62
69.9922	70.3982	72
70.3662	71.0882	70
70.3732	71.8322	79
70.5482	71.0882	58
70.7412	71.0882	69
71.0872	71.8322	67
71.2722	72.6022	58
71.4552	71.8322	65
71.4583	71.8322	77
71.8263	72.6022	64
71.8263	72.1162	76
72.0362	72.6022	77
72.1162	72.6022	76
72.1892	72.6022	74
72.1972	72.6022	62
72.4002	72.6022	60
72.4092	72.5992	72
72.5992	73.3512	72
72.6002	73.3512	45
72.7702	73.3512	60
72.9462	73.3512	70
73.3252	74.0512	69
73.3262	74.8352	77
73.5022	74.0512	57
73.6912	74.0512	67
74.0482	74.8352	65
74.2373	75.7292	57
74.4263	74.8352	64
74.4292	74.8352	76
74.8282	75.1132	74
74.8292	75.7322	62
74.8292	75.7322	47
74.8322	75.7322	56
75.0562	75.2562	76
75.1132	75.2133	74
75.1642	75.7322	73
75.2133	75.7322	74
75.2562	75.7322	76
75.2662	75.7322	64
75.4722	75.7282	77
75.4862	75.7352	65
75.7282	76.5872	77
75.7292	77.4112	57
75.7312	77.4112	48
75.7322	77.4112	60
75.9442	76.5872	65
76.1632	76.5872	76
76.5862	77.4112	74
76.7742	77.4112	65
77.1882	77.4092	72
77.4092	78.2312	72
77.4092	79.0702	64
77.4102	79.0702	58
77.4112	79.0702	48
77.6072	78.2312	60
77.8172	78.2312	70
78.2302	79.0702	69
78.4302	79.0702	60
78.8502	79.0682	67
79.0632	79.9032	53
79.0682	80.8032	67
79.0702	81.9092	60
79.2732	80.1032	58
79.4862	79.9032	52
79.8752	80.8032	50
80.1032	80.8032	58
80.3162	80.8032	48
80.8032	81.9092	65
80.8102	81.9092	53
81.0482	81.9092	57
82.6612	85.6372	41
82.7742	83.5052	65
82.7832	85.6372	57
82.9622	83.5052	63
83.1332	83.5052	67
83.4872	84.2052	69
83.6732	84.2052	63
83.8512	84.2062	70
84.2012	84.9082	72
84.3802	84.9082	63
84.5482	84.9082	74
84.9012	85.6372	75
85.0762	85.6372	63
85.2412	85.6372	77
85.5352	88.5042	39
85.6372	87.0392	58
85.6512	86.3462	78
85.8082	86.3462	63
85.9872	86.3462	77
86.3262	87.0392	75
86.5042	87.0392	63
86.6792	87.0392	73
87.0332	90.6162	48
87.0372	87.7542	72
87.2082	87.7542	63
87.3942	87.7542	70
87.7482	88.5042	69
87.9222	88.5042	63
88.1072	88.5042	70
88.4922	89.2031	65
88.4932	90.6162	41
88.5042	89.1861	69
88.6702	89.2031	63
88.8462	89.2031	67
89.1861	89.9071	69
89.3742	89.9071	63
89.5522	89.9071	70
89.9031	90.6162	72
90.0811	90.6162	63
90.2421	90.6162	73
90.6092	91.3422	75
90.7781	91.3422	63
90.9452	91.3422	77
91.2392	92.7451	39
91.3411	92.7451	58
91.3521	92.0551	78
91.5131	92.0551	63
91.6911	92.0551	77
92.0391	92.7451	75
92.2121	92.7451	63
92.5601	92.7451	73
92.7381	94.2601	42
92.7521	93.4591	73
92.9131	93.4591	63
93.0951	93.4591	72
93.4491	93.6231	70
93.5361	94.2601	72
93.6231	94.2601	70
93.6241	94.2601	60
93.7951	94.2601	44
93.9841	94.2601	68
94.2021	94.9221	49
94.2021	94.9221	41
94.2081	96.3291	73
94.3761	95.0891	61
94.5511	94.9221	51
94.9041	98.1241	53
95.0901	95.7941	61
95.2651	95.6321	54
95.6161	96.3291	56
95.7941	96.4841	61
95.9611	96.3291	58
96.3151	97.0741	60
96.4841	96.6581	61
96.6581	97.2421	61
97.0881	98.4851	62
97.2421	97.9501	61
97.4241	98.4851	59
97.7721	98.4851	56
97.9501	98.6571	61
98.1241	98.4851	53
98.4751	102.564	49
98.6571	99.3711	61
98.8281	99.9271	47
99.1891	99.9271	44
99.3711	99.7321	61
99.5491	99.9271	41
99.7321	100.651	61
99.9171	102.566	42
100.095	100.651	58
100.277	100.651	63
100.638	101.348	65
100.812	101.348	58
100.991	101.348	66
101.338	102.044	68
101.513	102.044	58
101.688	102.044	70
102.035	102.791	71
102.206	102.791	58
102.384	102.791	73
102.564	102.791	49
102.566	105.776	42
102.791	105.332	50
102.804	105.783	74
102.968	103.686	59
103.148	105.783	71
103.508	105.783	68
103.509	104.225	62
103.686	104.576	59
103.865	105.783	65
104.225	105.783	62
104.397	104.943	56
104.576	105.783	59
104.943	105.783	56
105.135	105.783	53
105.332	105.783	50
105.542	105.783	47
105.773	106.51	61
105.776	108.425	49
105.776	108.657	42
105.95	106.51	58
106.14	106.51	63
106.493	107.203	65
106.672	107.203	58
106.851	107.203	66
107.197	107.9	68
107.368	107.9	58
107.546	107.9	70
107.893	108.657	71
108.065	108.657	58
108.24	108.657	72
108.425	108.657	49
108.656	111.694	52
108.656	111.694	36
108.657	111.694	73
108.831	109.562	58
109.013	111.694	70
109.377	111.694	67
109.378	110.123	61
109.562	110.512	58
109.752	111.694	64
110.123	111.694	61
110.315	111.694	55
110.512	111.694	58
110.907	111.711	57
110.907	111.827	41
111.201	111.712	53
111.519	111.712	51
111.713	111.828	58
111.828	112.576	58
111.83	112.576	53
111.831	114.021	34
111.831	114.021	46
112.012	112.576	50
112.202	112.576	55
112.562	113.311	57
112.754	113.311	50
112.944	113.311	58
113.308	114.021	60
113.479	114.021	50
113.662	114.021	62
114.012	114.74	63
114.015	114.74	48
114.015	114.74	32
114.183	114.74	50
114.355	114.74	65
114.739	116.881	31
114.74	116.881	47
114.749	116.165	67
114.914	115.467	50
115.096	115.467	65
115.451	116.167	63
115.628	116.167	50
115.804	116.167	62
116.165	116.881	67
116.167	116.881	60
116.335	116.881	50
116.518	116.881	59
116.864	117.624	69
116.875	117.624	57
117.046	117.624	50
117.217	117.624	71
117.227	117.624	55
117.507	119.758	63
117.62	118.358	48
117.626	119.758	75
117.798	118.358	36
117.983	118.358	50
118.342	119.051	51
118.516	119.051	48
118.698	119.051	53
119.048	119.758	55
119.222	119.758	48
119.399	120.529	74
119.401	119.758	57
119.744	120.529	59
119.892	120.529	72
119.989	120.529	60
120.035	120.529	70
120.186	120.529	69
120.241	120.529	62
120.343	120.529	67
120.525	121.267	63
120.528	123.472	65
120.529	121.96	57
120.529	123.472	41
120.71	121.267	53
120.889	121.267	62
121.263	121.963	60
121.427	121.963	53
121.611	121.963	58
121.96	122.663	57
122.131	122.653	53
122.307	122.663	55
122.653	123.472	53
122.807	123.472	67
122.839	123.472	51
122.95	123.472	69
123.024	123.472	50
123.108	123.472	70
123.234	123.472	48
123.276	123.472	72
123.468	124.228	74
123.471	124.228	46
123.472	124.228	34
123.643	124.228	62
123.822	124.228	72
124.194	124.918	70
124.207	125.662	79
124.382	124.918	58
124.571	124.918	69
124.917	125.662	67
125.102	126.43	58
125.289	125.662	65
125.296	125.662	77
125.656	125.947	76
125.657	126.43	64
125.862	126.43	77
125.947	126.43	76
126.03	126.43	62
126.037	126.43	74
126.219	126.426	72
126.237	126.433	60
126.426	127.185	72
126.429	127.185	45
126.6	127.185	60
126.777	127.185	70
127.155	127.887	69
127.164	128.672	77
127.332	127.887	57
127.521	127.887	67
127.886	128.672	65
128.067	129.562	57
128.257	128.672	64
128.26	128.672	76
128.658	129.565	62
128.659	128.946	74
128.659	129.565	47
128.662	129.565	56
128.894	129.103	76
128.946	129.045	74
128.994	129.565	73
129.045	129.565	74
129.089	129.565	64
129.103	129.565	76
129.299	129.565	65
129.309	129.559	77
129.559	130.417	77
129.56	131.241	48
129.562	131.242	60
129.562	131.242	57
129.775	130.417	65
129.999	130.417	76
130.416	131.242	74
130.611	131.242	65
131.019	131.238	72
131.238	132.061	72
131.239	132.901	64
131.239	132.901	58
131.241	132.901	48
131.438	132.061	60
131.645	132.061	70
132.061	132.901	69
132.26	132.898	60
132.684	132.898	67
132.898	134.633	67
132.898	135.739	60
132.898	133.74	53
133.104	133.933	58
133.307	133.74	52
133.72	134.633	50
133.934	135.739	58
134.154	134.633	48
134.631	135.739	65
134.633	135.739	53
134.879	135.739	57
136.622	139.468	57
136.622	139.468	41
136.625	137.329	65
136.793	137.329	63
136.958	137.329	67
137.322	138.035	69
137.503	138.035	63
137.688	138.036	70
138.024	138.742	72
138.203	138.742	63
138.378	138.742	74
138.747	139.468	75
138.907	139.468	63
139.085	139.477	77
139.365	142.333	39
139.467	140.871	58
139.478	140.177	78
139.638	140.177	63
139.814	140.177	77
140.167	140.871	75
140.338	140.871	63
140.503	140.871	73
140.864	144.448	48
140.867	141.586	72
141.035	141.586	63
141.231	141.586	70
141.584	142.309	69
141.752	142.333	63
141.927	142.333	70
142.309	143.026	69
142.32	143.033	65
142.323	144.448	41
142.502	143.033	63
142.687	143.04	67
143.026	143.737	69
143.205	143.737	63
143.376	143.737	70
143.74	144.448	72
143.912	144.448	63
144.08	144.448	73
144.448	145.172	75
144.608	145.172	63
144.777	145.172	77
145.071	146.575	39
145.168	146.575	58
145.182	145.886	78
145.343	145.886	63
145.521	145.886	77
145.869	146.575	75
146.044	146.575	63
146.39	146.568	73
146.568	147.282	73
146.569	148.09	42
146.743	147.282	63
146.926	147.282	72
147.28	147.454	70
147.363	148.09	72
147.454	148.09	70
147.454	148.09	60
147.633	148.09	44
147.812	148.09	68
148.021	148.752	49
148.032	150.156	73
148.032	148.752	41
148.206	148.92	61
148.385	148.752	51
148.746	151.959	53
148.921	149.624	61
149.095	149.459	54
149.456	150.156	56
149.624	150.314	61
149.806	150.156	58
150.138	150.905	60
150.314	150.489	61
150.489	151.074	61
150.919	152.315	62
151.074	151.78	61
151.255	152.315	59
151.602	152.315	56
151.78	152.48	61
151.959	152.315	53
152.304	156.394	49
152.48	153.198	61
152.658	153.757	47
153.02	153.757	44
153.198	153.562	61
153.38	153.757	41
153.562	154.482	61
153.747	156.397	42
153.925	154.482	58
154.107	154.482	63
154.465	155.179	65
154.643	155.179	58
154.822	155.179	66
155.168	155.874	68
155.343	155.874	58
155.518	155.874	70
155.865	156.627	71
156.036	156.627	58
156.214	156.627	73
156.394	156.627	49
156.397	159.606	42
156.625	159.162	50
156.634	159.613	74
156.799	157.513	59
156.978	159.613	71
157.339	159.613	68
157.339	158.053	62
157.513	158.406	59
157.693	159.613	65
158.053	159.613	62
158.227	158.774	56
158.406	159.613	59
158.774	159.613	56
158.965	159.613	53
159.162	159.613	50
159.372	159.613	47
159.603	160.338	61
159.606	162.256	49
159.606	162.487	42
159.789	160.338	58
159.964	160.338	63
160.324	161.033	65
160.502	161.033	58
160.677	161.033	66
161.031	161.73	68
161.198	161.73	58
161.374	161.73	70
161.723	162.487	71
161.895	162.487	58
162.071	162.487	72
162.256	162.487	49
162.484	165.525	36
162.486	165.525	52
162.493	165.525	73
162.662	163.389	58
162.843	165.525	70
163.209	165.525	67
163.209	163.953	61
163.389	164.342	58
163.582	165.525	64
163.953	165.525	61
164.145	165.525	55
164.342	165.525	58
164.737	165.542	57
164.738	165.654	41
165.027	165.542	53
165.349	165.543	51
165.543	165.657	58
165.658	166.406	53
165.662	166.406	58
165.662	167.845	34
165.662	167.845	46
165.843	166.406	50
166.021	166.406	55
166.385	167.142	57
166.585	167.142	50
166.764	167.142	58
167.138	167.845	60
167.316	167.845	50
167.492	167.845	62
167.828	168.574	63
167.842	168.574	48
167.842	168.574	32
168.013	168.574	50
168.188	168.577	65
168.573	170.712	47
168.574	170.712	31
168.58	169.995	67
168.745	169.297	50
168.927	169.297	65
169.281	169.998	63
169.459	169.998	50
169.634	169.998	62
169.995	170.712	67
169.998	170.712	60
170.166	170.712	50
170.349	170.712	59
170.705	171.454	69
170.708	171.454	57
170.876	171.454	50
171.058	171.454	71
171.062	171.454	55
171.345	173.585	63
171.447	172.188	48
171.454	173.585	75
171.629	172.188	36
171.8	172.188	50
172.174	172.878	51
172.346	172.878	48
172.525	172.879	53
172.881	173.585	55
173.053	173.585	48
173.229	174.359	74
173.233	173.585	57
173.575	174.359	59
173.722	174.359	72
173.82	174.359	60
173.865	174.359	70
174.016	174.359	69
174.069	174.359	62
174.174	174.359	67
174.356	177.303	65
174.357	175.097	63
174.357	175.79	57
174.359	177.303	41
174.537	175.097	53
174.72	175.097	62
175.087	175.791	60
175.258	175.791	53
175.44	175.791	58
175.79	176.494	57
175.962	176.484	53
176.138	176.494	55
176.484	177.303	53
176.631	177.303	67
176.669	177.303	51
176.78	177.303	69
176.854	177.303	50
176.935	177.303	70
177.058	177.303	48
177.103	177.303	72
177.3	178.058	74
177.302	178.058	34
177.303	178.058	46
177.47	178.058	62
177.653	178.058	72
178.024	178.749	70
178.027	179.507	66
178.212	178.749	62
178.401	178.749	69
178.765	179.507	79
178.923	179.507	67
179.102	179.507	77
179.476	180.204	75
179.477	180.204	69
179.657	180.204	65
179.854	180.204	74
179.855	180.204	70
180.202	180.959	72
180.202	180.959	46
180.372	180.959	60
180.547	180.959	70
180.925	181.65	68
180.929	182.402	63
181.11	181.65	60
181.3	181.65	67
181.66	182.402	77
181.825	182.402	65
182	182.402	75
182.377	183.099	74
182.378	183.099	67
182.559	183.099	63
182.752	183.099	72
182.752	183.099	68
183.096	183.854	70
183.099	184.565	46
183.273	183.854	62
183.452	183.854	68
183.827	184.562	67
184.012	184.565	56
184.201	184.565	66
184.201	184.565	34
184.562	185.342	67
184.562	185.342	39
184.744	185.342	55
184.926	185.342	63
185.315	186.116	62
185.317	186.119	33
185.317	187.554	45
185.499	186.119	55
185.692	186.119	61
186.116	186.903	62
186.118	187.624	38
186.371	186.903	57
186.63	186.903	55
186.889	187.554	54
187.289	187.732	55
187.289	187.733	52
187.291	187.735	46
187.624	188.506	38
187.736	188.507	54
187.74	188.509	57
187.74	188.51	62
187.74	188.51	45
188.807	188.87	50
188.808	188.87	38
189.055	189.301	55
189.058	190.536	43
189.059	190.536	31
189.14	189.301	50
189.216	189.301	57
189.29	189.352	58
189.556	189.794	57
189.626	189.794	50
189.707	189.794	58
189.784	189.846	60
190.049	190.281	58
190.126	190.281	50
190.2	190.281	60
190.277	190.34	62
190.539	190.781	55
190.62	190.781	50
190.696	190.781	57
190.77	190.833	58
190.774	190.833	34
190.774	190.834	46
191.029	191.274	57
191.032	191.274	36
191.032	191.274	48
191.107	191.274	51
191.183	191.274	58
191.257	191.326	60
191.523	191.761	54
191.527	191.761	38
191.527	191.761	50
191.6	191.761	48
191.674	191.761	55
191.751	191.813	57
192.013	192.254	55
192.014	192.254	31
192.014	192.254	43
192.086	192.254	50
192.163	192.254	57
192.242	192.303	58
192.5	192.614	57
192.678	192.737	54
192.738	192.804	50
192.738	192.804	38
192.985	193.23	55
192.986	194.467	31
192.989	194.467	43
193.063	193.23	50
193.14	193.23	57
193.214	193.283	58
193.48	193.717	57
193.557	193.717	50
193.638	193.717	58
193.707	193.777	60
193.98	194.21	58
194.057	194.21	50
194.131	194.21	60
194.208	194.27	62
194.47	194.704	55
194.544	194.704	50
194.621	194.704	57
194.695	194.764	58
194.697	194.764	34
194.698	194.765	46
194.96	195.204	57
194.961	195.204	36
194.963	195.204	48
195.038	195.204	51
195.114	195.204	58
195.188	195.25	60
195.45	195.688	59
195.45	195.688	38
195.451	195.533	50
195.533	195.688	50
195.605	195.688	60
195.682	195.744	62
195.943	196.177	60
195.944	196.177	51
195.944	196.177	39
196.017	196.177	55
196.094	196.177	62
196.171	196.227	63
196.413	196.63	59
196.483	196.63	53
196.552	196.63	60
196.627	196.689	62
196.629	196.756	38
196.63	196.756	50
196.881	197.123	60
196.885	197.123	51
196.886	197.123	39
196.958	197.123	55
197.032	197.123	62
197.109	197.171	63
197.372	197.609	63
197.372	197.609	48
197.373	197.609	36
197.445	197.609	55
197.523	197.609	65
197.599	197.665	67
197.858	198.107	66
197.859	198.107	38
197.861	198.107	50
197.939	198.107	54
198.016	198.107	67
198.086	198.152	69
198.352	198.415	62
198.614	198.677	62
198.614	198.677	50
198.866	199.117	67
198.867	199.367	46
198.873	199.37	55
198.874	199.867	43
198.944	199.117	62
199.02	199.117	69
199.101	199.163	70
199.37	199.622	69
199.373	199.868	57
199.374	199.87	50
199.444	199.622	62
199.521	199.622	70
199.601	199.661	72
199.87	200.126	70
199.871	200.368	55
199.871	200.368	58
199.944	200.126	62
200.025	200.126	72
200.098	200.168	74
200.368	200.602	67
200.442	200.602	62
200.518	200.602	69
200.592	200.658	70
200.595	200.658	55
200.596	200.659	46
200.854	201.088	69
200.855	201.348	48
200.857	201.348	57
200.857	201.348	55
200.935	201.088	63
201.012	201.088	70
201.086	201.148	72
201.349	201.589	66
201.351	201.841	62
201.351	201.841	54
201.352	201.842	50
201.429	201.589	60
201.502	201.589	67
201.579	201.642	69
201.842	202.082	67
201.844	202.317	55
201.844	202.317	46
201.845	202.317	50
201.915	202.082	62
201.999	202.082	69
202.073	202.135	70
202.318	202.432	69
202.485	202.541	66
202.545	202.608	62
202.545	202.608	50
202.796	203.041	67
202.797	203.797	43
202.8	203.297	46
202.8	203.297	55
202.874	203.041	62
202.957	203.041	69
203.028	203.094	70
203.297	203.535	69
203.301	203.797	57
203.301	203.798	50
203.375	203.535	62
203.455	203.535	70
203.528	203.597	72
203.798	204.035	70
203.801	204.319	55
203.801	204.32	58
203.875	204.035	62
203.952	204.035	72
204.029	204.105	74
204.32	204.542	75
204.39	204.542	67
204.466	204.542	77
204.533	204.595	79
204.535	204.595	51
204.535	204.599	39
204.795	205.05	69
204.795	205.05	53
204.795	205.05	41
204.876	205.05	60
204.952	205.05	70
205.034	205.103	72
205.309	205.536	74
205.31	205.536	34
205.313	205.536	46
205.387	205.536	65
205.456	205.536	75
205.533	205.595	77
205.792	206.036	67
205.792	206.036	51
205.793	206.036	39
205.869	206.036	58
205.945	206.036	69
206.027	206.082	70
206.267	206.502	72
206.345	206.502	63
206.414	206.502	74
206.492	206.555	75
206.492	206.744	33
206.493	206.744	45
206.747	206.992	66
206.747	207.237	50
206.748	207.238	38
206.821	206.992	57
206.897	206.992	67
206.975	207.037	69
207.238	207.475	72
207.315	207.475	63
207.387	207.475	74
207.465	207.534	75
207.466	207.724	44
207.468	207.727	32
207.727	207.975	66
207.731	208.22	50
207.731	208.221	38
207.808	207.975	57
207.882	207.975	67
207.959	208.021	69
208.221	208.459	72
208.295	208.459	63
208.375	208.459	74
208.448	208.515	75
208.448	208.711	33
208.449	208.711	45
208.712	208.955	66
208.714	210.208	38
208.715	209.705	50
208.788	208.955	57
208.865	208.955	67
208.945	209.008	69
209.2	209.455	60
209.282	209.455	57
209.362	209.455	62
209.446	209.508	63
209.705	209.963	54
209.785	209.963	50
209.869	209.963	55
209.949	210.013	57
210.209	210.278	50
210.471	210.534	50
210.472	210.537	38
210.727	210.965	55
210.727	212.203	31
210.73	212.207	43
210.801	210.965	50
210.878	210.965	57
210.954	211.017	58
211.22	211.458	57
211.297	211.458	50
211.371	211.458	58
211.448	211.51	60
211.714	211.945	58
211.791	211.945	50
211.865	211.945	60
211.941	212.008	62
212.207	212.445	55
212.281	212.445	50
212.358	212.445	57
212.435	212.497	58
212.435	212.498	46
212.438	212.498	34
212.7	212.942	57
212.701	213.187	48
212.701	213.187	36
212.775	212.942	51
212.845	212.942	58
212.925	212.988	60
213.188	213.425	59
213.19	213.674	50
213.191	213.677	38
213.264	213.425	53
213.341	213.425	60
213.415	213.477	62
213.677	213.919	60
213.678	214.146	39
213.681	213.754	51
213.754	214.146	51
213.824	213.919	62
213.901	213.964	63
214.147	214.384	59
214.223	214.384	53
214.297	214.384	60
214.371	214.433	62
214.374	214.503	38
214.374	214.506	50
214.633	214.976	60
214.633	215.105	48
214.634	215.105	36
214.71	215.105	55
214.786	215.102	62
214.86	215.105	63
214.976	215.105	60
215.102	215.336	62
215.102	215.602	50
215.102	215.602	38
215.175	215.336	55
215.249	215.336	63
215.322	215.392	65
215.606	215.851	64
215.606	216.38	49
215.607	216.38	37
215.679	215.851	55
215.76	215.851	66
215.84	215.98	67
216.12	216.382	67
216.204	216.382	58
216.288	216.382	69
216.379	216.449	70
216.38	216.694	37
216.38	216.695	49
216.697	217.244	62
216.698	217.247	74
216.698	217.247	38
216.699	217.247	50
217.251	217.797	57
217.251	217.797	62
217.252	217.798	66
217.254	217.8	38
217.254	217.8	50
217.801	218.041	64
217.804	218.562	37
217.804	218.563	49
217.87	218.041	55
217.955	218.041	66
218.031	218.168	67
218.307	218.571	67
218.396	218.571	58
218.476	218.571	69
218.56	218.643	70
218.562	218.899	37
218.563	218.9	49
218.902	219.481	74
218.903	219.484	70
218.903	219.484	79
218.907	219.484	38
218.907	219.484	50
219.48	219.868	66
219.481	219.868	69
219.481	219.868	74
219.484	220.239	50
219.484	220.243	38
219.861	220.244	65
220.244	220.377	80
220.245	220.659	43
220.246	220.659	31
220.307	220.443	68
220.377	220.443	80
220.439	220.547	77
220.439	220.551	56
220.66	220.867	77
220.663	220.867	69
220.731	220.867	65
220.731	220.867	56
220.794	220.867	75
220.796	220.867	58
220.866	220.971	74
220.867	220.974	59
221.076	221.283	74
221.076	221.283	65
221.15	221.283	62
221.15	221.283	53
221.219	221.283	72
221.22	221.283	55
221.282	221.388	71
221.283	221.391	56
221.5	221.707	71
221.504	221.707	62
221.574	221.707	59
221.574	221.707	50
221.637	221.707	68
221.638	221.707	51
221.704	221.812	67
221.706	221.815	53
221.919	222.134	67
221.92	222.134	63
221.92	222.134	51
221.991	222.134	60
222.056	222.134	71
222.126	222.241	72
222.354	223.303	72
222.354	223.586	31
222.357	223.45	43
222.424	223.586	63
222.494	223.586	74
222.564	222.787	75
222.787	223.586	75
222.861	223.586	67
222.931	223.586	77
223.002	223.233	79
223.002	223.586	36
223.005	223.586	48
223.233	223.586	79
223.233	223.586	51
223.235	223.586	39
223.303	223.586	72
223.369	223.586	83
223.45	223.586	84
223.45	223.586	43
223.451	223.586	55
223.705	223.915	87
223.705	224.131	45
223.708	224.132	43
223.708	224.132	57
223.775	223.915	75
223.845	223.915	86
223.909	224.02	84
223.911	224.02	66
224.132	224.338	84
224.135	224.338	78
224.202	224.338	72
224.202	224.338	66
224.272	224.338	82
224.272	224.338	67
224.335	224.443	81
224.338	224.444	69
224.555	224.762	81
224.556	224.762	75
224.626	224.762	67
224.629	224.762	63
224.695	224.762	79
224.695	224.762	65
224.759	224.866	78
224.761	224.867	66
224.975	225.186	78
224.979	225.186	69
225.053	225.186	66
225.053	225.186	60
225.119	225.186	75
225.12	225.186	61
225.182	225.301	74
225.185	225.304	62
225.426	225.633	82
225.427	225.854	55
225.427	225.854	43
225.496	225.633	70
225.567	225.633	81
225.63	225.734	79
225.631	225.739	63
225.857	226.061	79
225.858	226.057	75
225.927	226.061	67
225.928	226.061	63
225.99	226.061	77
225.99	226.061	65
226.057	226.168	75
226.061	226.169	67
226.281	226.49	82
226.281	226.707	55
226.348	226.49	70
226.418	226.49	81
226.488	226.596	79
226.488	226.596	63
226.708	226.914	79
226.711	226.912	75
226.778	226.914	67
226.781	226.914	63
226.849	226.914	77
226.851	226.914	65
226.912	227.019	75
226.914	227.023	67
227.124	227.335	82
227.125	227.548	55
227.194	227.335	70
227.261	227.335	81
227.331	227.439	79
227.331	227.44	63
227.548	227.757	79
227.551	227.755	75
227.614	227.757	67
227.618	227.757	63
227.685	227.757	77
227.687	227.757	65
227.755	227.856	75
227.757	227.857	67
227.968	228.175	75
227.968	228.172	72
228.038	228.174	63
228.041	228.175	60
228.101	228.175	74
228.104	228.175	62
228.172	228.278	72
228.174	228.282	63
228.384	228.592	72
228.385	228.592	66
228.455	228.592	60
228.521	228.592	70
228.591	228.699	69
228.592	228.801	50
228.804	229.01	70
228.805	229.01	43
228.874	229.01	58
228.938	229.01	69
229.008	229.116	67
229.009	229.221	51
229.221	229.431	67
229.222	229.427	63
229.291	229.428	55
229.295	229.431	51
229.361	229.431	65
229.365	229.431	53
229.427	229.536	63
229.428	229.536	55
229.644	229.852	70
229.645	229.852	43
229.71	229.852	58
229.781	229.852	69
229.851	229.952	67
229.852	230.06	51
230.064	230.271	67
230.065	230.268	63
230.128	230.27	55
230.131	230.271	51
230.198	230.271	65
230.198	230.271	53
230.268	230.368	63
230.27	230.373	55
230.481	230.683	70
230.481	230.683	43
230.544	230.683	58
230.614	230.683	69
230.681	230.789	67
230.681	230.898	51
230.898	231.1	67
230.901	231.098	63
230.964	231.1	55
230.965	231.1	51
231.027	231.1	65
231.03	231.1	53
231.098	231.201	63
231.1	231.202	55
231.31	231.518	63
231.311	231.517	60
231.381	231.518	51
231.385	231.518	48
231.447	231.518	62
231.448	231.518	50
231.517	231.618	60
231.518	231.619	51
231.727	231.933	60
231.73	231.933	54
231.793	231.933	48
231.864	231.933	58
231.927	232.035	57
231.93	232.147	38
232.147	232.35	58
232.147	232.35	31
232.21	232.35	46
232.28	232.35	57
232.347	232.448	55
232.347	232.552	38
232.553	232.756	60
232.553	232.756	54
232.616	232.756	48
232.687	232.756	58
232.752	232.853	57
232.756	232.958	38
232.959	233.162	58
232.962	233.162	31
233.022	233.162	46
233.092	233.162	57
233.159	233.252	55
233.162	233.361	38
233.361	233.561	60
233.362	233.561	54
233.424	233.561	48
233.491	233.561	58
233.56	233.655	57
233.561	233.76	38
233.76	233.96	62
233.761	234.94	31
233.764	234.941	43
233.826	233.96	46
233.89	233.96	60
233.954	234.058	58
234.155	234.349	67
234.219	234.349	55
234.283	234.349	63
234.348	234.447	62
234.544	234.747	70
234.615	234.747	58
234.675	234.747	69
234.737	234.842	67
234.941	235.135	74
235.003	235.135	62
235.066	235.135	70
235.126	235.226	69
235.127	235.328	38
235.128	235.328	50
235.329	235.524	79
235.332	236.486	31
235.332	236.491	43
235.395	235.524	67
235.458	235.524	75
235.514	235.619	74
235.717	235.913	82
235.78	235.913	70
235.847	235.913	81
235.903	236	79
236.102	236.301	86
236.165	236.301	74
236.229	236.301	84
236.295	236.389	82
236.491	236.686	91
236.554	236.686	79
236.617	236.686	87
236.676	236.908	86
236.677	236.908	38
236.679	236.908	50
236.903	239.67	94
236.904	237.473	82
236.907	239.67	31
236.908	239.67	43
237.316	237.807	79
237.316	239.67	91
237.473	237.971	82
237.639	238.132	74
237.642	239.67	86
237.807	238.297	79
237.971	238.458	70
237.971	239.67	82
238.132	238.623	74
238.296	238.787	67
238.297	239.67	79
238.458	238.954	70
238.623	239.112	62
238.623	239.67	74
238.787	239.283	67
238.952	239.445	58
238.954	239.67	70
239.112	239.67	62
239.281	242.412	55
239.283	239.67	67
239.445	239.67	58
239.665	240.712	60
239.669	241.047	63
239.669	242.412	68
239.669	240.88	48
240.032	242.412	56
240.197	242.412	54
240.372	242.412	57
240.372	241.713	69
240.536	242.412	51
240.712	242.412	60
240.88	242.412	48
241.047	242.412	63
241.215	242.412	45
241.376	242.412	66
241.544	242.412	42
241.713	242.412	69
241.877	242.412	39
242.037	242.412	72
242.206	242.412	36
242.406	242.745	62
242.406	242.748	67
242.409	242.748	70
242.41	242.749	31
242.41	242.752	43
242.753	243.077	67
242.755	243.078	79
242.91	243.235	70
243.081	243.403	62
243.082	243.404	74
243.235	243.567	67
243.406	243.728	58
243.407	243.729	70
243.568	243.889	62
243.729	244.057	55
243.732	244.061	67
243.89	244.222	58
244.061	244.383	50
244.062	244.386	62
244.222	244.557	55
244.386	244.736	46
244.387	244.74	58
244.558	244.928	50
244.741	248.034	43
244.741	245.15	55
244.932	245.15	46
245.153	246.22	48
245.153	246.567	51
245.154	248.034	56
245.157	246.393	36
245.524	248.034	44
245.695	248.034	42
245.874	248.034	45
245.874	247.278	57
246.045	248.034	39
246.22	248.034	48
246.393	246.57	36
246.567	248.034	51
246.57	248.034	36
246.738	248.034	33
246.92	248.034	54
247.096	248.034	30
247.278	248.034	57
247.449	248.034	27
247.627	248.034	60
247.806	248.034	24
248.03	248.772	50
248.031	249.164	55
248.033	248.964	58
248.033	251.079	31
248.405	250.186	46
248.583	249.976	62
248.772	249.766	50
248.964	249.563	58
249.164	249.364	55
249.364	254.429	55
249.563	254.429	58
249.766	254.429	50
249.976	254.429	62
250.186	254.429	46
250.403	254.429	67
250.62	254.429	43
250.848	254.429	70
251.079	254.429	31
251.379	254.429	79
