OnsetTime	OffsetTime	MidiPitch
0.522991	0.644991	69
0.645984	0.760997	71
0.760997	0.882997	72
0.884003	0.999003	71
0.999003	1.12001	72
1.121	1.243	74
1.24401	1.60701	76
1.24401	1.60701	64
1.359	1.60701	66
1.482	1.60701	68
1.60501	1.71999	69
1.60701	1.71999	66
1.721	1.84199	71
1.723	1.843	68
1.843	1.95701	72
1.845	1.958	69
1.958	2.322	71
2.08	2.202	72
2.20301	2.32501	74
2.32601	2.68901	76
2.329	2.68901	64
2.44101	2.68701	66
2.56402	2.68901	68
2.68602	2.80402	69
2.68701	2.80502	66
2.80802	2.92002	71
2.80903	2.92301	68
2.92301	3.04301	72
2.92401	3.04301	69
3.04601	3.40303	71
3.16502	3.28103	72
3.28202	3.40303	74
3.40303	3.52503	72
3.40702	3.52602	69
3.52602	3.64103	74
3.52902	3.64103	71
3.64203	3.76303	76
3.64503	3.76403	72
3.76403	3.88604	77
3.76703	3.88703	74
3.88703	4.00205	79
3.88903	4.00205	76
4.00304	4.12405	81
4.00504	4.12504	77
4.12504	4.24704	79
4.12704	4.24805	76
4.24805	4.36103	77
4.24805	4.36204	74
4.36204	4.48404	76
4.36303	4.48503	72
4.48503	4.60404	74
4.48804	4.60705	71
4.60705	4.72205	72
4.60804	4.72305	69
4.72305	4.84804	71
4.72604	4.85204	67
4.85204	4.97805	69
4.85304	4.98905	65
4.97805	5.09703	71
5.09804	5.22704	72
5.22704	5.34603	71
5.23003	5.36604	60
5.34904	5.46804	69
5.47104	5.59104	67
5.59104	5.97304	65
5.59405	5.97304	57
5.72105	5.97205	64
5.84305	5.97304	63
5.97205	6.32904	64
5.97205	6.08403	56
6.08704	6.20704	54
6.20704	6.32904	52
6.33004	6.45104	51
6.45204	6.57404	49
6.57404	6.69605	47
6.69705	6.81205	59
6.69705	7.05306	57
6.81306	6.93506	61
6.93506	7.05405	63
7.05706	7.17605	64
7.05805	7.18006	56
7.18006	7.29906	66
7.18106	7.29906	54
7.30206	7.41706	68
7.30206	7.42207	52
7.42406	7.79205	69
7.42506	7.79205	51
7.53705	7.79205	49
7.66006	7.79205	47
7.78107	7.90107	59
7.78506	8.13907	57
7.90107	8.01907	61
8.02006	8.13907	63
8.14207	8.25807	64
8.14307	8.25807	56
8.25807	8.37607	66
8.26108	8.37708	54
8.38007	8.50608	68
8.38108	8.50608	52
8.50707	8.86307	69
8.51008	8.85308	51
8.62608	8.85308	49
8.74508	8.86707	47
8.86707	8.98208	59
8.87007	9.22009	57
8.98507	9.10509	61
9.10509	9.22009	63
9.22009	9.59809	64
9.22408	9.59809	56
9.34608	9.58809	66
9.34709	9.58809	54
9.46509	9.59809	68
9.46609	9.59809	52
9.58809	9.95607	66
9.58809	9.95607	54
9.71009	9.95207	68
9.71108	9.95507	52
9.82608	9.95607	69
9.82608	9.95607	51
9.95207	10.3161	68
9.95507	10.3151	52
10.0681	10.3131	69
10.0711	10.3161	51
10.1861	10.3161	71
10.1861	10.3161	50
10.3131	10.6761	69
10.3151	10.6761	52
10.4291	10.6661	71
10.4311	10.6691	50
10.5511	10.6761	72
10.5531	10.6761	48
10.6661	11.0371	71
10.6691	11.0371	50
10.7891	11.0271	72
10.7921	11.0291	48
10.9111	11.0371	74
10.9141	11.0371	47
11.0271	11.3971	72
11.0291	11.3971	48
11.1491	11.3971	74
11.1521	11.3971	47
11.2721	11.3971	76
11.2731	11.3971	45
11.3941	11.7651	77
11.3951	11.7681	44
11.5131	11.7691	76
11.5171	11.7691	45
11.6391	11.7691	74
11.6391	11.7691	47
11.7651	12.1321	77
11.7661	12.1301	83
11.7681	12.1321	38
11.7681	12.1331	44
11.8881	12.1391	76
11.8881	12.1391	45
12.0101	12.1391	74
12.0101	12.1391	47
12.1301	12.4981	83
12.1321	12.4971	77
12.1321	12.4981	38
12.1331	12.5001	44
12.2521	12.5041	76
12.2551	12.5041	45
12.3741	12.5041	74
12.3771	12.5041	47
12.4971	12.8701	77
12.4981	12.8681	83
12.4981	12.8711	38
12.5001	12.8711	44
12.6251	12.8781	76
12.6261	12.8781	45
12.7411	12.8781	74
12.7411	12.8781	47
12.8681	13.2461	83
12.8701	13.2471	77
12.8711	13.2471	38
12.8711	13.2481	44
12.9911	13.249	76
12.9931	13.249	45
13.1161	13.249	74
13.1191	13.249	47
13.2461	13.6241	83
13.2471	13.6231	77
13.2471	13.6271	38
13.2481	13.6271	44
13.3691	13.6271	76
13.3691	13.6271	45
13.4911	13.6271	74
13.4911	13.6271	47
13.6231	13.973	77
13.6241	13.973	83
13.6241	13.973	32
13.6271	13.973	44
13.7421	13.973	76
13.865	13.984	74
13.987	14.106	77
14.106	14.228	76
14.229	14.351	74
14.351	14.473	77
14.4741	14.6001	76
14.6031	14.7291	74
14.7291	14.8511	77
14.852	14.9781	76
14.981	15.108	74
15.108	15.2291	76
15.23	15.3561	74
15.3561	15.481	72
15.485	15.6041	74
15.6041	15.734	72
15.734	15.8591	71
15.8631	15.9821	69
15.9821	16.1041	71
16.1051	16.2271	72
16.2281	16.3501	71
16.3501	16.4721	72
16.4731	16.5911	74
16.5911	16.9561	76
16.5951	16.9561	64
16.7111	16.9551	66
16.8331	16.9561	68
16.9551	17.0671	69
16.9551	17.0711	66
17.0711	17.1901	71
17.0721	17.1931	68
17.1931	17.3051	72
17.1941	17.3091	69
17.3091	17.6661	71
17.4271	17.5431	72
17.5471	17.6691	74
17.6691	18.0371	76
17.6701	18.0371	64
17.7891	18.0371	66
17.9111	18.0371	68
18.0341	18.1481	69
18.0371	18.1491	66
18.1491	18.2681	71
18.1531	18.2711	68
18.2711	18.3931	72
18.2751	18.3941	69
18.3941	18.7541	71
18.5161	18.6281	72
18.6281	18.7551	74
18.7551	18.8731	72
18.7561	18.8741	69
18.8771	18.9891	74
18.8781	18.9891	71
18.9931	19.1111	76
18.9931	19.1121	72
19.1121	19.2271	77
19.1141	19.2271	74
19.2301	19.3491	79
19.2301	19.3501	76
19.3521	19.4721	81
19.3531	19.4751	77
19.4751	19.5941	79
19.4761	19.5941	76
19.5951	19.7091	77
19.5981	19.7101	74
19.7131	19.8321	76
19.7141	19.8331	72
19.8331	19.9481	74
19.8361	19.9481	71
19.9491	20.0701	72
19.9521	20.0711	69
20.0711	20.1961	71
20.0731	20.1961	67
20.2001	20.3251	69
20.2001	20.3361	65
20.3261	20.4481	71
20.4481	20.5671	72
20.5711	20.6891	71
20.5711	20.7071	60
20.6931	20.8121	69
20.8161	20.9421	67
20.9421	21.3171	65
20.9431	21.3171	57
21.0651	21.3131	64
21.1831	21.3171	63
21.3131	21.4351	64
21.3161	21.4361	55
21.4361	21.5541	66
21.4391	21.5541	54
21.5581	21.6761	67
21.5581	21.6771	52
21.6771	22.0411	69
21.6801	22.0411	51
21.8031	22.0411	49
21.9151	22.0411	47
22.0381	22.1601	59
22.0401	22.3981	57
22.1611	22.2751	61
22.2761	22.3991	63
22.4011	22.5201	64
22.4021	22.5201	55
22.5211	22.6351	66
22.5241	22.6361	54
22.6361	22.7621	67
22.6391	22.7621	52
22.7651	23.1271	69
22.7661	23.1271	51
22.8811	23.1271	49
23.0002	23.1271	47
23.1262	23.2442	59
23.1262	23.4832	57
23.2452	23.3602	61
23.3612	23.4832	63
23.4842	23.8542	64
23.4862	23.8542	55
23.6062	23.8512	66
23.6082	23.8542	54
23.7222	23.8542	67
23.7242	23.8542	52
23.8512	24.2142	66
23.8532	24.2142	51
23.9662	24.2112	67
23.9692	24.2122	52
24.0892	24.2142	69
24.0922	24.2142	54
24.2112	24.5752	67
24.2122	24.5752	52
24.3272	24.5722	69
24.3302	24.5722	54
24.4492	24.5752	71
24.4502	24.5752	55
24.5722	24.9352	69
24.5722	24.9352	54
24.6882	24.9252	71
24.6882	24.9352	55
24.8102	24.9352	72
24.8102	24.9352	57
24.9252	25.2992	71
24.9252	25.2992	56
25.0472	25.2902	72
25.0482	25.2922	57
25.1682	25.2992	74
25.1702	25.2992	59
25.2902	25.6702	72
25.2922	25.6702	57
25.4122	25.6702	74
25.4122	25.6702	59
25.5342	25.6702	76
25.5352	25.6702	60
25.6632	26.9551	65
25.6642	26.9551	62
25.7862	26.9551	70
25.7862	26.9551	58
25.9012	26.9551	74
25.9021	26.9551	53
26.0212	26.9551	77
26.0241	26.9551	50
26.1432	26.9551	82
26.1472	26.9551	46
26.2631	26.9551	86
26.2631	26.9551	41
26.3821	26.9551	89
26.3842	26.9551	38
26.5032	26.9551	94
26.5062	26.9551	34
26.6302	26.9551	98
26.6332	26.9551	29
26.7592	26.9551	101
26.7601	26.9551	26
27.1611	27.3752	69
27.1641	27.3752	76
27.1651	27.3752	72
27.1651	27.3752	64
27.1691	27.3752	52
27.1691	27.3752	40
27.1721	27.3752	48
27.1721	27.3752	45
27.5741	27.8291	64
27.5752	27.8291	76
27.5752	27.8291	68
27.5781	27.8291	71
27.5791	27.8291	44
27.5811	27.8291	47
27.5811	27.8291	52
27.5821	27.8291	40
27.9981	28.1202	69
27.9981	28.1211	60
28.1211	28.2431	71
28.1241	28.2441	59
28.2441	28.3661	72
28.2461	28.3661	57
28.3671	28.7431	74
28.3692	28.7431	56
28.4881	28.7431	54
28.6041	28.7431	52
28.7271	28.8451	64
28.7301	29.0831	62
28.8491	28.9641	66
28.9651	29.0871	68
29.0871	29.2051	69
29.0891	29.2091	60
29.2091	29.3211	71
29.2101	29.3241	59
29.3241	29.4501	72
29.3281	29.4511	57
29.4511	29.8282	74
29.4541	29.8282	56
29.5671	29.8282	54
29.6891	29.8282	52
29.8111	29.9261	64
29.8141	30.1712	62
29.9272	30.0492	66
30.0492	30.1721	68
30.1721	30.5352	69
30.1752	30.5352	60
30.2882	30.5262	71
30.2902	30.5352	59
30.4102	30.5352	72
30.4112	30.5352	57
30.5262	30.9032	71
30.5282	30.9032	56
30.6492	30.8862	72
30.6512	30.8892	57
30.7702	30.9032	74
30.7712	30.9032	59
30.8862	31.2742	72
30.8892	31.2742	57
31.0082	31.2742	74
31.0092	31.2742	59
31.1372	31.2742	76
31.1382	31.2742	60
31.2642	32.5552	65
31.2642	32.5552	62
31.3862	32.5552	70
31.3862	32.5552	58
31.5022	32.5552	74
31.5032	32.5552	53
31.6252	32.5552	77
31.6252	32.5552	50
31.7402	32.5552	82
31.7412	32.5552	46
31.8632	32.5552	86
31.8652	32.5552	41
31.9852	32.5552	89
31.9852	32.5552	38
32.1072	32.5552	94
32.1082	32.5552	34
32.2332	32.5552	98
32.2342	32.5552	29
32.3592	32.5552	101
32.3622	32.5552	26
32.7722	32.9812	69
32.7732	32.9822	72
32.7732	32.9822	64
32.7752	32.9832	76
32.7762	32.9852	40
32.7762	32.9862	45
32.7792	32.9862	48
32.7792	32.9862	52
33.1952	33.4262	68
33.1952	33.4272	64
33.1962	33.4272	71
33.1992	33.4302	76
33.1992	33.4302	40
33.1992	33.4312	47
33.2002	33.4332	44
33.2022	33.4342	52
33.6582	34.7632	69
33.6602	34.7641	81
33.6612	34.7641	72
33.6612	34.7641	76
33.6642	34.7672	36
33.6652	34.7672	40
33.6652	34.7682	45
33.6672	34.7702	33
34.7702	34.8161	45
34.8161	34.8721	47
34.8721	34.9242	48
34.9251	34.9762	50
34.9772	35.0752	76
34.9772	35.0762	68
34.9802	35.0782	52
34.9812	35.0782	40
35.1702	35.2672	75
35.1702	35.2682	69
35.1712	35.2682	53
35.1732	35.2702	41
35.3652	35.4632	68
35.3662	35.4632	76
35.3692	35.4672	52
35.3702	35.4672	40
35.5651	35.6632	69
35.5651	35.6641	75
35.5662	35.6641	53
35.5662	35.6661	41
35.7612	35.8772	76
35.7612	35.8772	68
35.7621	35.8781	52
35.7641	35.8801	40
36.2222	37.3322	72
36.2272	37.3362	65
36.2272	37.3372	69
36.2272	37.3372	77
36.2301	37.3392	29
36.2301	37.3402	36
36.2301	37.3402	33
36.2332	37.3402	41
37.3432	37.3851	41
37.3882	37.4381	43
37.4381	37.4901	45
37.4901	37.5431	47
37.5431	37.6401	64
37.5442	37.6412	72
37.5461	37.6441	36
37.5461	37.6451	48
37.7352	37.8362	71
37.7352	37.8401	65
37.7362	37.8401	38
37.7362	37.8441	50
37.9341	38.0361	64
37.9391	38.0361	72
37.9411	38.0371	36
37.9422	38.0391	48
38.1271	38.2241	65
38.1311	38.2291	71
38.1311	38.2291	50
38.1311	38.2311	38
38.3261	38.4422	72
38.3271	38.4422	64
38.3271	38.4422	36
38.3301	38.4462	48
38.7892	39.6772	71
38.7921	39.6772	62
38.7921	39.6811	65
38.7962	39.6811	74
38.7962	39.6842	32
38.7962	39.6842	44
39.6851	39.9751	64
39.6881	39.9751	69
39.6891	39.9751	60
39.6891	39.9751	72
39.6891	39.9751	33
39.6911	39.9751	45
40.1192	40.3352	62
40.1222	40.3352	58
40.1222	40.3362	65
40.1251	40.3392	70
40.1262	40.3392	34
40.1262	40.3402	46
40.5522	40.7632	65
40.5562	40.7662	77
40.5592	40.7662	68
40.5602	40.7692	74
40.5602	40.7702	35
40.5602	40.7702	47
40.9792	41.1932	72
40.9802	41.1962	76
40.9831	41.1962	64
40.9842	41.1972	69
40.9842	41.2002	48
40.9842	41.2012	36
41.4142	41.6452	74
41.4142	41.6452	65
41.4172	41.6452	71
41.4172	41.6452	50
41.4172	41.6452	38
41.8542	42.1162	72
41.8592	42.1162	64
41.8592	42.1162	69
41.8612	42.1162	52
41.8622	42.1162	40
42.3132	42.5581	71
42.3172	42.5581	64
42.3172	42.5581	68
42.3182	42.5581	52
42.3201	42.5581	40
42.7782	43.9661	69
42.7832	43.9661	45
42.7832	43.9661	48
42.7832	43.9651	52
42.7841	43.9661	57
42.9781	43.9661	71
43.0721	43.9661	72
43.1701	43.9661	74
43.2691	43.9651	76
43.3601	43.9661	78
43.4621	43.9661	80
43.5551	43.9661	81
43.6571	43.9661	83
43.7561	43.9661	84
43.8541	43.9661	86
43.9631	44.0481	88
43.9651	44.0521	76
43.9651	44.0531	56
43.9651	44.0531	52
44.1471	44.2491	75
44.1501	44.2491	87
44.1511	44.2521	57
44.1511	44.2521	53
44.3531	44.4441	88
44.3541	44.4451	76
44.3541	44.4451	56
44.3561	44.4481	52
44.5421	44.6401	75
44.5461	44.6441	87
44.5471	44.6441	57
44.5471	44.6481	53
44.7451	44.8611	88
44.7461	44.8641	76
44.7491	44.8641	56
44.7501	44.8651	52
45.2041	46.3941	65
45.2041	46.3941	48
45.2081	46.3941	45
45.2081	46.3941	41
45.2081	46.3941	53
45.4041	46.3941	67
45.5011	46.3941	69
45.5961	46.3941	70
45.6951	46.3881	72
45.7931	46.3941	74
45.8871	46.3941	76
45.9851	46.3941	77
46.0831	46.3941	79
46.1811	46.3941	81
46.2821	46.3941	82
46.3881	46.4811	72
46.3901	46.4811	84
46.3911	46.4851	52
46.3941	46.4851	48
46.5761	46.6741	83
46.5801	46.6771	71
46.5801	46.6781	53
46.5801	46.6781	50
46.7791	46.8771	72
46.7801	46.8771	84
46.7801	46.8811	52
46.7821	46.8811	48
46.9711	47.0731	83
46.9721	47.0761	71
46.9721	47.0761	53
46.9741	47.0771	50
47.1751	47.2891	84
47.1751	47.2901	72
47.1761	47.2901	52
47.1761	47.2931	48
47.6361	48.5431	71
47.6411	48.5431	50
47.6411	48.5431	47
47.6431	48.5431	56
47.6441	48.5431	53
47.6441	48.5431	44
47.7491	48.5431	72
47.8571	48.5431	74
47.9701	48.5431	76
48.0771	48.5431	77
48.1901	48.5431	83
48.3021	48.5431	86
48.4101	48.5431	89
48.5261	48.6301	88
48.5291	48.7391	48
48.5291	48.7391	57
48.5291	48.7421	52
48.5301	48.7421	45
48.9731	49.4331	70
48.9741	49.4291	50
48.9771	49.4331	58
48.9781	49.4331	53
48.9781	49.4331	46
49.0891	49.4251	74
49.2051	49.4331	77
49.3101	49.4331	82
49.4251	49.5361	74
49.4291	49.877	50
49.4301	49.877	56
49.4321	49.877	59
49.4321	49.877	47
49.4331	49.877	53
49.5371	49.877	77
49.653	49.877	80
49.761	49.877	86
49.873	49.985	72
49.873	50.342	52
49.876	50.342	60
49.877	50.342	57
49.877	50.342	48
49.986	50.342	76
50.105	50.342	81
50.216	50.342	84
50.332	50.8	71
50.335	50.8	53
50.335	50.8	62
50.336	50.8	50
50.336	50.8	59
50.447	50.8	74
50.563	50.8	77
50.674	50.8	83
50.79	51.267	69
50.791	51.267	57
50.794	51.263	64
50.794	51.267	60
50.794	51.263	52
50.906	51.267	72
51.028	51.267	76
51.14	51.267	81
51.26	51.753	68
51.263	51.753	59
51.263	51.753	64
51.263	51.753	52
51.266	51.753	56
51.383	51.753	71
51.508	51.753	76
51.627	51.753	80
51.749	52.529	57
51.75	53.325	45
51.942	52.627	59
51.942	53.325	47
52.041	52.722	60
52.043	53.325	48
52.138	52.825	62
52.14	53.325	50
52.233	52.925	64
52.233	53.325	52
52.33	53.325	66
52.331	53.325	54
52.429	53.325	68
52.432	53.325	56
52.527	53.226	69
52.529	53.325	57
52.625	53.325	71
52.627	53.325	59
52.719	53.325	72
52.722	53.325	60
52.824	53.325	74
52.825	53.325	62
52.922	53.325	76
52.925	53.325	64
53.023	53.325	77
53.023	53.325	65
53.118	53.325	79
53.121	53.325	67
53.223	53.325	81
53.226	53.325	69
53.324	59.575	82
53.325	59.575	70
54.535	59.575	79
54.536	59.575	67
55.753	59.575	76
55.754	59.575	64
56.985	59.575	73
56.985	59.575	61
58.273	59.575	72
58.273	59.572	60
59.572	60.747	69
59.572	62.113	60
59.574	60.856	41
59.789	60.223	48
60.003	60.44	53
60.223	60.856	48
60.44	60.856	53
60.643	60.856	70
60.747	60.856	69
60.849	62.12	67
60.853	62.12	40
61.06	61.472	48
61.263	62.12	70
61.265	62.12	55
61.472	62.12	48
61.682	62.12	73
61.683	62.12	58
62.113	63.362	72
62.113	63.366	60
62.114	63.376	41
62.32	62.739	48
62.529	63.376	57
62.739	63.376	48
62.946	63.376	69
62.949	63.376	53
63.362	64.636	72
63.366	64.63	60
63.367	64.636	40
63.573	63.986	48
63.775	64.636	52
63.986	64.636	48
64.19	64.636	70
64.192	64.636	55
64.629	65.7669	69
64.63	67.1109	60
64.632	65.8779	41
64.84	65.2559	48
65.0489	65.4659	53
65.2559	65.8779	48
65.4659	65.8779	53
65.6699	65.8779	70
65.7669	65.8779	69
65.8719	67.1169	67
65.8719	67.1169	40
66.0749	66.4809	48
66.2789	67.1169	70
66.2809	67.1169	55
66.4809	67.1169	48
66.6849	67.1169	73
66.6869	67.1169	58
67.1079	68.3499	72
67.1109	68.3509	60
67.1109	68.3529	41
67.3139	67.7239	48
67.5209	68.3529	57
67.7239	68.3529	48
67.9269	68.3529	69
67.9299	68.3529	53
68.3499	69.6029	72
68.3509	69.6029	60
68.3529	69.6029	40
68.5539	68.9659	48
68.7559	69.6029	52
68.9659	69.6029	48
69.1719	69.6029	70
69.1729	69.6029	55
69.5989	70.8559	61
69.6029	70.8559	73
69.6029	70.8559	40
69.8029	70.2149	49
70.0059	70.8559	52
70.2149	70.8559	49
70.4179	70.8559	70
70.4209	70.8559	55
70.8449	72.1088	62
70.8489	72.1088	74
70.8489	72.1088	41
71.0559	71.4688	50
71.2618	72.1088	53
71.4688	72.1088	50
71.6778	72.1088	70
71.6808	72.1088	58
72.1048	73.3998	63
72.1058	73.3998	69
72.1088	73.3998	41
72.3228	72.7428	53
72.5368	73.3998	78
72.5388	72.9628	60
72.7428	73.3998	53
72.9598	73.3998	77
72.9628	73.3998	60
73.3908	74.6698	65
73.3928	74.6698	75
73.3928	74.6698	46
73.5968	74.0169	53
73.8058	74.6698	58
74.0169	74.6698	53
74.2269	74.6698	74
74.2278	74.6698	62
74.6539	75.9408	60
74.6558	75.9408	69
74.6568	75.9408	38
74.8708	75.2938	50
75.0848	75.9408	75
75.0868	75.9408	54
75.2938	75.9408	50
75.5038	75.9408	74
75.5038	75.9408	57
75.9309	77.1878	72
75.9348	77.1968	62
75.9348	77.1968	43
76.1408	76.5608	50
76.3508	77.1968	55
76.5608	77.1968	50
76.7638	77.1968	70
76.7638	77.1968	58
77.1868	78.4408	60
77.1878	78.4418	72
77.1878	78.4438	40
77.3968	77.8068	48
77.5978	78.4438	52
77.8068	78.4438	48
78.0108	78.4438	70
78.0128	78.4438	55
78.4408	79.7008	60
78.4418	79.7008	72
78.4428	79.7008	41
78.6428	79.0568	48
78.8468	79.7008	57
79.0568	79.7008	48
79.2588	79.7008	69
79.2598	79.7008	53
79.6858	80.9738	58
79.6898	80.9738	73
79.6898	80.9738	36
79.8968	80.3238	48
80.1068	80.9738	72
80.1088	80.9738	55
80.3228	80.9738	70
80.3238	80.9738	48
80.5308	80.9738	69
80.5328	80.9738	52
80.7438	80.9738	67
80.9608	81.3908	57
80.9608	82.2588	65
80.9638	82.2518	41
81.1748	81.6078	48
81.3908	82.2588	57
81.6048	82.2588	67
81.6078	82.2588	48
81.8218	82.2478	69
81.8218	82.2588	53
82.0348	82.2588	70
82.2478	83.5358	69
82.2488	83.5358	63
82.2518	83.5358	41
82.4648	82.8848	53
82.6788	83.5358	78
82.6828	83.0978	60
82.8848	83.5358	53
83.0958	83.5358	77
83.0978	83.5358	60
83.5198	84.7958	65
83.5218	84.7958	75
83.5218	84.7958	46
83.7288	84.1458	53
83.9388	84.7958	58
84.1458	84.7958	53
84.3558	84.7958	74
84.3578	84.7958	62
84.7928	86.0668	69
84.7938	86.0668	60
84.7938	86.0668	38
85.0068	85.4238	50
85.2138	86.0668	75
85.2168	86.0668	54
85.4238	86.0668	50
85.6328	86.0668	74
85.6338	86.0668	57
86.0628	87.3338	62
86.0638	87.3228	72
86.0668	87.3338	43
86.2698	86.6908	50
86.4798	87.3338	55
86.6908	87.3338	50
86.8928	87.3338	70
86.8938	87.3338	58
87.3208	88.5758	60
87.3228	88.5768	72
87.3238	88.5858	40
87.5298	87.9428	48
87.7338	88.5858	52
87.9428	88.5858	48
88.1468	88.5858	70
88.1498	88.5858	55
88.5758	89.8388	60
88.5768	89.8388	72
88.5788	89.8388	41
88.7758	89.1928	48
88.9868	89.8388	57
89.1928	89.8388	48
89.3998	89.8388	69
89.4018	89.8388	53
89.8228	91.1268	58
89.8228	91.1268	73
89.8258	91.1268	36
90.0388	90.4698	48
90.2538	91.1268	72
90.2558	91.1268	55
90.4668	91.1268	70
90.4698	91.1268	48
90.6838	91.1268	69
90.6838	91.1268	52
90.9048	91.1268	67
91.1178	92.4648	65
91.1198	91.9958	57
91.1208	92.4608	41
91.3378	91.7788	48
91.5618	92.4648	53
91.7788	92.4648	48
91.9958	92.4648	57
92.4568	93.8258	60
92.4578	93.8258	69
92.4608	93.8298	41
92.6748	93.1158	48
92.8958	93.8298	53
93.1158	93.8298	48
93.3368	93.8298	57
93.8238	95.2128	64
93.8258	95.2168	60
93.8258	95.2168	69
93.8268	95.2168	40
94.0368	94.4848	48
94.2598	95.2168	52
94.4848	95.2168	48
94.7188	95.2168	57
95.2128	96.9028	64
95.2158	96.9068	68
95.2158	96.9068	59
95.2168	96.5738	40
95.4328	95.9198	47
95.6708	96.5738	52
95.9198	96.5738	47
96.1758	96.5738	56
96.9098	97.0248	69
96.9098	97.2638	45
97.0288	97.1478	71
97.1488	97.2668	72
97.2668	97.3858	71
97.3868	97.5008	72
97.5048	97.6228	74
97.6238	97.9878	76
97.6278	97.9878	64
97.7468	97.9878	66
97.8688	97.9878	68
97.9848	98.1068	69
97.9878	98.1078	66
98.1078	98.2228	71
98.1098	98.2228	68
98.2238	98.3448	72
98.2258	98.3458	69
98.3458	98.7048	71
98.4598	98.5828	72
98.5828	98.7059	74
98.7059	99.0758	76
98.7088	99.0758	64
98.8279	99.0739	66
98.9439	99.0758	68
99.0728	99.1848	69
99.0739	99.1888	66
99.1888	99.3068	71
99.1898	99.3078	68
99.3109	99.4298	72
99.3118	99.4298	69
99.4329	99.7899	71
99.5449	99.6679	72
99.6689	99.7899	74
99.7909	99.9049	72
99.7939	99.9059	69
99.9089	100.028	74
99.9099	100.029	71
100.029	100.144	76
100.032	100.144	72
100.148	100.266	77
100.148	100.267	74
100.267	100.389	79
100.271	100.39	76
100.39	100.505	81
100.39	100.505	77
100.506	100.627	79
100.508	100.628	76
100.628	100.749	77
100.629	100.749	74
100.75	100.864	76
100.75	100.865	72
100.865	100.987	74
100.866	100.988	71
100.988	101.11	72
100.991	101.11	69
101.111	101.232	71
101.111	101.236	67
101.239	101.358	69
101.24	101.372	65
101.359	101.485	71
101.488	101.607	72
101.608	101.73	71
101.608	101.747	60
101.73	101.852	69
101.855	101.978	67
101.979	102.353	65
101.981	102.353	57
102.101	102.352	64
102.224	102.353	63
102.352	102.71	64
102.353	102.472	56
102.472	102.594	54
102.595	102.71	52
102.713	102.831	51
102.832	102.954	49
102.955	103.077	47
103.077	103.196	59
103.078	103.438	57
103.197	103.318	61
103.322	103.438	63
103.438	103.556	64
103.439	103.557	56
103.56	103.679	66
103.561	103.683	54
103.683	103.801	68
103.684	103.802	52
103.805	104.166	69
103.805	104.166	51
103.924	104.166	49
104.04	104.166	47
104.165	104.281	59
104.166	104.519	57
104.284	104.407	61
104.407	104.522	63
104.523	104.642	64
104.527	104.642	56
104.645	104.767	66
104.649	104.768	54
104.768	104.886	68
104.769	104.887	52
104.887	105.25	69
104.89	105.25	51
105.009	105.25	49
105.129	105.25	47
105.248	105.37	59
105.25	105.607	57
105.37	105.485	61
105.486	105.608	63
105.608	105.976	64
105.611	105.976	56
105.73	105.975	66
105.733	105.976	54
105.846	105.976	68
105.849	105.976	52
105.975	106.337	66
105.976	106.337	54
106.091	106.333	68
106.091	106.336	52
106.213	106.337	69
106.214	106.337	51
106.333	106.696	68
106.336	106.696	52
106.452	106.694	69
106.452	106.696	51
106.571	106.696	71
106.573	106.696	50
106.694	107.064	69
106.696	107.064	52
106.816	107.054	71
106.818	107.057	50
106.932	107.064	72
106.934	107.064	48
107.054	107.424	71
107.057	107.424	50
107.169	107.414	72
107.172	107.417	48
107.292	107.424	74
107.295	107.424	47
107.414	107.781	72
107.417	107.781	48
107.537	107.781	74
107.537	107.781	47
107.659	107.781	76
107.659	107.781	45
107.775	108.148	77
107.777	108.149	44
107.901	108.149	76
107.904	108.149	45
108.019	108.149	74
108.02	108.149	47
108.145	108.513	83
108.148	108.512	77
108.149	108.513	44
108.149	108.516	38
108.269	108.516	76
108.269	108.516	45
108.391	108.516	74
108.392	108.516	47
108.512	108.885	77
108.513	108.884	83
108.513	108.887	44
108.516	108.885	38
108.635	108.891	76
108.635	108.891	45
108.757	108.891	74
108.758	108.891	47
108.884	109.256	83
108.885	109.255	77
108.885	109.258	38
108.887	109.258	44
109.003	109.265	76
109.005	109.265	45
109.126	109.265	74
109.128	109.265	47
109.255	109.627	77
109.256	109.627	83
109.258	109.629	38
109.258	109.628	44
109.378	109.629	76
109.38	109.629	45
109.497	109.629	74
109.5	109.629	47
109.627	110.007	83
109.627	110.004	77
109.628	110.008	44
109.629	110.008	38
109.749	110.008	76
109.749	110.008	45
109.874	110.008	74
109.878	110.008	47
110.004	110.367	77
110.007	110.367	83
110.008	110.367	43
110.008	110.367	31
110.129	110.367	75
110.252	110.378	74
110.379	110.501	77
110.381	110.564	83
110.501	110.627	75
110.629	110.756	74
110.757	110.879	77
110.757	110.949	83
110.879	111.004	75
111.008	111.148	74
111.152	111.271	80
111.274	111.393	79
111.394	111.53	77
111.53	111.648	79
111.652	111.778	77
111.779	111.904	75
111.908	112.033	77
112.034	112.16	75
112.16	112.289	74
112.29	112.408	72
112.411	112.531	74
112.534	112.66	75
112.661	112.783	74
112.783	112.905	75
112.906	113.024	77
113.025	113.389	79
113.027	113.389	67
113.15	113.389	69
113.266	113.389	71
113.388	113.5	72
113.389	113.504	69
113.504	113.622	74
113.507	113.626	71
113.627	113.738	75
113.627	113.742	72
113.743	114.106	74
113.861	113.976	75
113.98	114.106	77
114.109	114.47	79
114.11	114.47	67
114.222	114.47	69
114.344	114.47	71
114.467	114.581	72
114.47	114.582	69
114.582	114.704	74
114.586	114.704	71
114.705	114.827	75
114.708	114.827	72
114.827	115.188	74
114.949	115.065	75
115.065	115.188	77
115.188	115.306	75
115.189	115.307	72
115.309	115.422	77
115.31	115.422	74
115.425	115.544	79
115.425	115.548	75
115.548	115.66	80
115.548	115.66	77
115.663	115.782	82
115.664	115.782	79
115.786	115.904	84
115.786	115.908	80
115.909	116.027	82
115.909	116.027	79
116.031	116.142	80
116.031	116.143	77
116.146	116.265	79
116.147	116.266	75
116.268	116.384	77
116.269	116.388	74
116.388	116.503	75
116.391	116.507	72
116.507	116.629	74
116.508	116.629	70
116.633	116.752	72
116.634	116.769	68
116.752	116.881	74
116.882	117	75
117.004	117.122	74
117.005	117.141	63
117.126	117.252	72
117.252	117.375	70
117.375	117.753	68
117.376	117.753	60
117.498	117.746	67
117.617	117.753	66
117.746	117.924	67
117.749	117.868	59
117.869	117.987	57
117.987	118.113	55
118.114	118.487	54
118.235	118.487	52
118.348	118.487	50
118.471	118.593	62
118.471	118.83	60
118.594	118.708	64
118.708	118.831	66
118.834	118.953	67
118.835	118.953	59
118.957	119.072	69
118.957	119.076	57
119.076	119.194	71
119.08	119.198	55
119.199	119.569	72
119.199	119.569	54
119.314	119.569	52
119.437	119.569	50
119.559	119.678	62
119.56	119.916	60
119.678	119.793	64
119.794	119.917	66
119.917	120.032	67
119.919	120.032	59
120.035	120.153	69
120.035	120.154	57
120.154	120.276	71
120.158	120.276	55
120.277	120.647	72
120.28	120.647	54
120.399	120.647	52
120.514	120.647	50
120.638	120.759	62
120.64	120.998	60
120.76	120.878	64
120.882	120.998	66
120.998	121.375	67
121.001	121.375	59
121.12	121.364	69
121.123	121.365	57
121.242	121.375	71
121.243	121.375	55
121.364	121.732	69
121.365	121.732	57
121.481	121.722	71
121.481	121.725	55
121.603	121.732	72
121.603	121.732	54
121.722	122.092	71
121.725	122.092	55
121.845	122.083	72
121.848	122.092	54
121.961	122.092	74
121.963	122.092	53
122.083	122.446	72
122.085	122.446	52
122.206	122.443	74
122.206	122.444	50
122.321	122.446	76
122.324	122.446	48
122.443	122.814	74
122.444	122.814	50
122.566	122.804	76
122.566	122.807	48
122.681	122.814	77
122.685	122.814	47
122.804	123.185	76
122.807	123.185	48
122.926	123.185	77
122.927	123.185	47
123.048	123.185	79
123.049	123.185	46
123.182	124.469	60
123.182	123.902	45
123.294	124.469	65
123.419	124.469	69
123.531	124.469	72
123.535	124.469	57
123.657	124.469	77
123.658	124.469	53
123.781	124.469	81
123.782	124.469	48
123.9	124.469	84
123.902	124.469	45
124.022	124.469	89
124.024	124.469	41
124.145	124.469	93
124.145	124.469	36
124.277	124.469	96
124.28	124.469	33
124.675	124.894	71
124.676	124.894	79
124.676	124.894	83
124.679	124.894	76
124.68	124.894	52
124.68	124.894	47
124.682	124.894	55
124.683	124.894	59
125.092	125.344	75
125.096	125.344	83
125.097	125.344	71
125.097	125.344	78
125.099	125.344	59
125.099	125.344	54
125.103	125.344	51
125.103	125.344	47
125.512	125.634	76
125.512	125.635	67
125.635	125.754	78
125.638	125.757	66
125.758	125.877	79
125.761	125.88	64
125.88	126.254	81
125.881	126.254	63
125.999	126.254	61
126.121	126.254	59
126.244	126.359	71
126.248	126.597	69
126.36	126.482	73
126.482	126.598	75
126.598	126.72	76
126.601	126.721	67
126.721	126.843	78
126.723	126.843	66
126.843	126.964	79
126.845	126.965	64
126.965	127.336	81
126.966	127.336	63
127.087	127.336	61
127.203	127.336	59
127.332	127.444	71
127.333	127.682	69
127.448	127.566	73
127.567	127.686	75
127.686	128.05	76
127.687	128.05	67
127.809	128.046	78
127.809	128.05	66
127.924	128.05	79
127.924	128.05	64
128.046	128.41	78
128.047	128.41	63
128.162	128.404	79
128.163	128.407	64
128.284	128.41	81
128.285	128.41	66
128.404	128.785	79
128.407	128.785	64
128.526	128.785	81
128.529	128.785	66
128.649	128.785	83
128.65	128.785	67
128.777	130.07	60
128.897	130.07	65
129.016	130.07	69
129.135	130.07	72
129.138	130.07	57
129.258	130.07	77
129.261	130.07	53
129.383	130.07	81
129.383	130.07	48
129.503	130.07	84
129.505	130.07	45
129.619	130.07	89
129.619	130.07	41
129.748	130.07	93
129.749	130.07	36
129.88	130.07	96
129.881	130.07	33
130.276	130.497	79
130.279	130.497	83
130.28	130.497	76
130.283	130.497	71
130.283	130.497	52
130.284	130.497	47
130.286	130.497	59
130.286	130.497	55
130.692	130.962	71
130.692	130.962	78
130.693	130.962	75
130.693	130.962	83
130.696	130.962	59
130.696	130.962	54
130.696	130.962	51
130.697	130.962	47
131.136	132.229	83
131.137	132.229	88
131.141	132.232	79
131.141	132.232	76
131.141	132.233	43
131.142	132.233	40
131.144	132.236	52
131.144	132.237	47
132.449	132.547	75
132.45	132.548	83
132.45	132.548	47
132.452	132.551	59
132.642	132.739	82
132.642	132.74	76
132.643	132.74	48
132.643	132.743	60
132.845	132.936	83
132.846	132.939	75
132.846	132.939	47
132.848	132.94	59
133.034	133.131	82
133.038	133.136	76
133.038	133.138	48
133.041	133.139	60
133.233	133.348	75
133.233	133.349	83
133.234	133.352	47
133.237	133.353	59
133.699	134.805	74
133.699	134.806	86
133.699	134.808	78
133.703	134.808	81
133.703	134.812	38
133.703	134.813	45
133.704	134.813	50
133.705	134.815	42
135.021	135.12	73
135.022	135.121	81
135.022	135.121	57
135.023	135.123	45
135.214	135.315	74
135.215	135.32	80
135.215	135.32	58
135.215	135.321	46
135.414	135.515	81
135.417	135.516	73
135.418	135.516	57
135.421	135.519	45
135.607	135.704	74
135.61	135.705	80
135.61	135.707	58
135.61	135.708	46
135.809	135.922	81
135.81	135.922	73
135.813	135.923	57
135.813	135.925	45
136.267	137.157	78
136.272	137.16	81
136.272	137.16	72
136.272	137.161	84
136.273	137.161	51
136.275	137.161	39
137.164	137.458	71
137.164	137.458	83
137.167	137.458	79
137.167	137.458	76
137.167	137.458	52
137.168	137.458	40
137.597	137.818	69
137.602	137.818	77
137.602	137.822	72
137.602	137.822	81
137.604	137.823	53
137.605	137.825	41
138.032	138.256	72
138.035	138.256	84
138.036	138.256	75
138.036	138.257	81
138.039	138.26	54
138.04	138.26	42
138.476	138.693	79
138.476	138.697	71
138.477	138.698	76
138.477	138.7	83
138.48	138.7	55
138.48	138.701	43
138.92	139.152	81
138.921	139.152	78
138.924	139.152	72
138.925	139.152	57
138.927	139.152	45
139.369	139.624	71
139.372	139.624	76
139.373	139.624	79
139.373	139.624	59
139.373	139.624	47
139.821	140.065	71
139.821	140.065	75
139.824	140.065	78
139.824	140.065	59
139.824	140.065	47
140.289	141.473	55
140.294	141.473	59
140.296	141.473	64
140.297	141.473	52
140.482	141.473	66
140.583	141.473	67
140.681	141.473	69
140.773	141.469	71
140.874	141.473	73
140.973	141.473	75
141.07	141.473	76
141.172	141.473	78
141.269	141.473	79
141.367	141.473	81
141.469	141.563	71
141.47	141.564	83
141.473	141.564	51
141.473	141.567	47
141.654	141.76	82
141.655	141.763	70
141.658	141.763	52
141.659	141.764	48
141.853	141.952	71
141.854	141.953	83
141.854	141.955	51
141.857	141.955	47
142.05	142.147	70
142.054	142.151	82
142.054	142.152	52
142.054	142.152	48
142.246	142.365	71
142.249	142.365	83
142.25	142.366	47
142.253	142.368	51
142.712	143.895	57
142.715	143.895	54
142.715	143.895	50
142.716	143.895	62
142.907	143.895	64
143.005	143.895	66
143.103	143.895	67
143.202	143.892	69
143.292	143.895	71
143.394	143.895	73
143.492	143.895	74
143.59	143.895	76
143.688	143.895	78
143.79	143.895	80
143.892	143.985	81
143.892	143.985	69
143.894	143.986	45
143.894	143.989	49
144.083	144.181	80
144.084	144.182	68
144.084	144.182	46
144.085	144.185	50
144.286	144.378	81
144.286	144.381	69
144.287	144.381	45
144.29	144.382	49
144.475	144.573	68
144.478	144.577	80
144.479	144.58	46
144.482	144.58	50
144.675	144.79	81
144.675	144.791	69
144.676	144.793	45
144.679	144.794	49
145.14	146.036	43
145.141	146.037	40
145.141	146.072	36
145.144	146.072	48
145.249	146.072	72
145.361	146.072	76
145.477	146.072	79
145.581	146.072	84
145.697	146.072	88
145.81	146.072	91
145.917	146.072	96
146.033	146.138	95
146.033	146.246	47
146.036	146.246	43
146.037	146.25	40
146.037	146.25	52
146.481	146.94	69
146.482	146.94	48
146.482	146.934	45
146.484	146.94	41
146.485	146.94	53
146.593	146.929	72
146.712	146.94	77
146.818	146.94	81
146.929	147.044	72
146.93	147.391	51
146.933	147.391	54
146.933	147.391	42
146.934	147.391	45
147.045	147.391	75
147.157	147.391	81
147.265	147.391	84
147.381	147.489	71
147.384	147.849	47
147.384	147.849	55
147.384	147.849	43
147.385	147.849	52
147.49	147.849	76
147.612	147.849	79
147.724	147.849	83
147.835	148.305	69
147.836	148.305	48
147.836	148.305	57
147.839	148.305	54
147.839	148.305	45
147.951	148.305	72
148.07	148.305	78
148.175	148.305	81
148.291	148.767	67
148.294	148.767	52
148.294	148.766	59
148.294	148.767	47
148.298	148.767	55
148.409	148.767	71
148.536	148.767	76
148.644	148.767	79
148.764	149.253	66
148.764	149.253	54
148.766	149.253	59
148.767	149.253	47
148.767	149.253	51
148.886	149.253	71
149.011	149.253	75
149.128	149.253	78
149.25	150.031	64
149.251	150.768	52
149.449	150.128	66
149.45	150.768	54
149.541	150.23	67
149.544	150.768	55
149.642	150.327	69
149.642	150.768	57
149.739	150.426	71
149.74	150.768	59
149.838	150.768	73
149.839	150.768	61
149.932	150.768	75
149.932	150.768	63
150.031	150.726	76
150.031	150.768	64
150.128	150.768	78
150.128	150.768	66
150.227	150.768	79
150.23	150.768	67
150.325	150.768	81
150.327	150.768	69
150.425	150.768	83
150.426	150.768	71
150.531	150.768	84
150.531	150.768	72
150.625	150.768	86
150.629	150.768	74
150.724	150.828	88
150.726	150.828	76
150.832	156.928	89
150.832	156.928	77
152.039	156.928	86
152.042	156.928	74
153.26	156.928	83
153.261	156.928	71
154.488	156.928	80
154.493	156.928	68
155.776	156.928	79
155.781	156.928	67
157.075	158.255	76
157.076	159.62	67
157.076	158.367	48
157.296	157.727	55
157.51	158.367	60
157.727	158.367	55
157.947	158.367	64
158.151	158.367	77
158.255	158.367	76
158.357	159.621	74
158.36	159.621	47
158.563	158.98	55
158.773	159.621	77
158.774	159.621	62
158.98	159.621	55
159.189	159.621	80
159.19	159.621	65
159.618	160.873	79
159.62	160.87	67
159.62	160.884	48
159.827	160.24	55
160.03	160.884	64
160.24	160.884	55
160.449	160.884	76
160.45	160.884	60
160.87	162.129	67
160.873	162.144	79
160.874	162.144	47
161.077	161.493	55
161.283	162.144	65
161.493	162.144	55
161.696	162.144	77
161.699	162.144	62
162.129	164.619	67
162.133	163.275	76
162.134	163.382	48
162.34	162.764	55
162.55	163.382	60
162.764	163.382	55
162.974	163.382	64
163.18	163.382	77
163.275	163.382	76
163.38	164.625	74
163.38	164.625	47
163.575	163.985	55
163.782	164.625	77
163.782	164.625	62
163.985	164.625	55
164.195	164.625	80
164.195	164.625	65
164.615	165.854	79
164.619	165.85	67
164.619	165.86	48
164.818	165.231	55
165.021	165.86	64
165.231	165.86	55
165.437	165.86	76
165.438	165.86	60
165.85	167.114	67
165.854	167.114	79
165.854	167.11	47
166.06	166.473	55
166.264	167.114	65
166.473	167.114	55
166.677	167.114	77
166.68	167.114	62
167.107	168.36	68
167.108	168.36	80
167.11	168.36	47
167.31	167.716	56
167.513	168.36	65
167.716	168.36	56
167.926	168.36	77
167.927	168.36	62
168.356	169.62	69
168.356	169.62	81
168.357	169.61	48
168.556	168.976	57
168.766	169.62	65
168.976	169.62	57
169.179	169.62	77
169.182	169.62	60
169.609	170.908	76
169.61	170.908	70
169.61	170.908	48
169.83	170.253	60
170.044	170.908	85
170.047	170.908	67
170.253	170.908	60
170.463	170.908	84
170.464	170.908	64
170.891	172.167	72
170.894	172.167	82
170.895	172.167	53
171.104	171.524	60
171.314	172.167	65
171.524	172.167	60
171.727	172.167	81
171.73	172.167	69
172.165	173.448	67
172.165	173.448	76
172.167	173.448	45
172.378	172.802	57
172.592	173.448	82
172.595	173.448	61
172.802	173.448	57
173.012	173.448	81
173.013	173.448	64
173.435	174.692	79
173.438	174.698	69
173.439	174.698	50
173.649	174.062	57
173.852	174.698	62
174.062	174.698	57
174.271	174.698	77
174.271	174.698	65
174.692	175.941	79
174.694	175.941	67
174.695	175.945	47
174.898	175.308	55
175.105	175.945	65
175.308	175.945	55
175.518	175.945	77
175.521	175.945	62
175.941	177.205	67
175.941	177.205	79
175.944	177.205	48
176.151	176.557	55
176.353	177.205	64
176.557	177.205	55
176.767	177.205	76
176.768	177.205	60
177.194	178.478	65
177.198	178.478	80
177.198	178.478	43
177.405	177.825	55
177.614	178.478	79
177.617	178.478	62
177.824	178.478	77
177.825	178.478	55
178.038	178.478	76
178.041	178.478	59
178.248	178.478	74
178.462	179.773	72
178.464	178.892	64
178.464	179.759	48
178.675	179.115	55
178.892	179.773	64
179.112	179.773	74
179.115	179.773	55
179.329	179.757	76
179.33	179.773	60
179.543	179.773	77
179.756	181.044	70
179.757	181.044	76
179.759	181.044	48
179.97	180.389	60
180.187	181.044	85
180.187	181.044	67
180.389	181.044	60
180.604	181.044	84
180.606	181.044	64
181.027	182.297	72
181.03	182.297	82
181.03	182.297	53
181.237	181.653	60
181.446	182.297	65
181.653	182.297	60
181.863	182.297	81
181.864	182.297	69
182.29	183.581	67
182.293	183.581	76
182.293	183.581	45
182.507	182.931	57
182.724	183.581	82
182.724	183.581	61
182.931	183.581	57
183.141	183.581	81
183.143	183.581	64
183.565	184.831	79
183.567	184.832	69
183.567	184.832	50
183.778	184.191	57
183.987	184.832	62
184.191	184.832	57
184.401	184.832	77
184.401	184.832	65
184.828	186.077	67
184.831	186.077	79
184.832	186.087	47
185.038	185.444	55
185.241	186.087	65
185.444	186.087	55
185.655	186.087	77
185.657	186.087	62
186.077	187.34	67
186.077	187.34	79
186.08	187.34	48
186.287	186.7	55
186.491	187.34	64
186.7	187.34	55
186.903	187.34	76
186.903	187.34	60
187.33	188.63	80
187.33	188.63	65
187.333	188.63	43
187.543	187.974	55
187.761	188.63	79
187.764	188.63	62
187.971	188.63	77
187.974	188.63	55
188.192	188.63	76
188.192	188.63	59
188.405	188.63	74
188.628	189.965	72
188.629	189.504	64
188.629	189.962	48
188.842	189.28	55
189.063	189.965	60
189.28	189.965	55
189.504	189.965	64
189.958	191.324	76
189.961	191.327	67
189.962	191.334	48
190.179	190.624	55
190.404	191.334	60
190.624	191.334	55
190.837	191.334	64
191.324	192.72	76
191.327	192.72	67
191.328	192.716	71
191.33	192.717	47
191.544	191.993	55
191.768	192.72	59
191.993	192.72	55
192.22	192.72	64
192.714	194.419	75
192.716	194.419	66
192.716	194.419	71
192.717	194.419	47
192.938	193.42	54
193.175	194.419	59
193.42	194.419	54
193.682	194.419	63
194.418	194.534	65
194.418	194.897	56
194.533	195.706	71
194.534	195.706	65
194.652	195.706	74
194.655	195.706	62
194.774	195.706	77
194.777	195.706	59
194.894	195.706	83
194.897	195.706	56
195.014	195.706	86
195.016	195.706	53
195.132	195.706	89
195.135	195.706	50
195.255	195.706	95
195.257	195.706	47
195.384	195.706	98
195.387	195.706	45
195.51	195.706	101
195.514	195.706	44
196.721	198.074	46
196.944	197.386	53
197.159	198.082	58
197.386	198.082	53
197.606	198.082	62
198.067	199.426	74
198.072	199.433	68
198.072	199.427	65
198.074	199.433	46
198.292	198.74	53
198.519	199.433	58
198.74	199.433	53
198.957	199.433	62
199.426	200.823	74
199.427	200.819	69
199.427	200.823	65
199.427	200.822	45
199.647	200.095	53
199.863	200.823	57
200.095	200.823	53
200.326	200.823	62
200.819	202.524	69
200.819	202.524	64
200.822	202.524	73
200.822	202.524	45
201.044	201.523	52
201.281	202.524	57
201.523	202.524	52
201.785	202.524	61
202.52	202.636	63
202.521	203.812	54
202.635	203.812	69
202.636	203.812	63
202.755	203.812	72
202.758	203.812	60
202.877	203.812	75
202.881	203.812	57
202.993	203.812	81
202.996	203.812	53
203.116	203.812	84
203.119	203.812	51
203.238	203.812	87
203.241	203.812	48
203.36	203.812	93
203.361	203.812	45
203.487	203.812	96
203.49	203.812	43
203.616	203.812	99
203.616	203.812	42
204.826	206.213	44
205.047	205.502	51
205.275	206.213	56
205.502	206.213	51
205.73	206.213	60
206.205	207.609	66
206.21	207.605	68
206.212	207.606	75
206.213	207.606	44
206.437	206.896	51
206.66	207.609	56
206.896	207.609	51
207.119	207.609	60
207.605	210.283	68
207.605	210.283	65
207.606	209.015	75
207.606	209.013	44
207.823	208.281	53
208.049	209.015	56
208.281	209.015	53
208.519	209.015	61
209.012	210.283	73
209.013	210.283	44
209.233	209.68	53
209.454	210.283	77
209.457	210.283	56
209.68	210.283	53
209.907	210.283	78
209.907	210.283	61
210.269	211.71	63
210.329	211.71	73
210.387	211.71	80
210.388	211.71	32
210.623	211.085	44
210.853	211.71	51
211.085	211.71	44
211.322	211.71	54
211.703	213.317	66
211.762	213.317	72
211.826	213.317	80
211.826	213.317	32
212.06	212.536	44
212.291	213.317	51
212.536	213.317	44
212.82	213.315	56
213.313	214.479	73
213.315	215.613	56
213.315	215.617	61
213.317	215.617	49
213.317	215.617	53
213.443	213.699	75
213.57	213.825	77
213.699	214.479	75
213.825	214.079	77
213.954	214.207	78
214.079	214.479	77
214.207	214.468	78
214.336	214.479	80
214.468	215.617	78
214.591	214.846	80
214.717	214.976	82
214.846	215.617	80
214.976	215.617	82
215.102	215.617	84
215.224	215.617	85
215.351	215.617	87
215.473	215.617	89
215.611	216.736	90
215.613	217.875	56
215.613	217.88	60
215.616	216.736	51
215.617	217.878	49
215.729	215.98	89
215.858	216.106	87
215.98	216.736	89
216.106	216.356	87
216.228	216.478	85
216.356	216.736	87
216.478	216.729	85
216.605	216.736	84
216.729	217.88	85
216.731	217.88	54
216.848	217.1	84
216.978	217.227	82
217.1	217.88	84
217.227	217.88	82
217.353	217.88	80
217.475	217.88	78
217.605	217.88	77
217.73	217.88	75
217.874	219.029	73
217.875	220.157	56
217.878	220.162	61
217.878	220.16	49
217.878	220.162	52
217.993	218.252	75
218.126	218.381	76
218.252	219.029	75
218.381	218.637	76
218.508	218.766	78
218.637	219.029	76
218.766	219.018	78
218.893	219.029	80
219.018	220.162	78
219.148	219.403	80
219.274	220.162	81
219.403	220.162	80
219.526	220.162	82
219.655	220.162	84
219.774	220.162	85
219.897	220.162	87
220.019	220.162	88
220.156	221.255	90
220.157	222.721	56
220.159	222.364	60
220.16	221.255	51
220.16	222.722	49
220.268	220.513	88
220.39	220.632	87
220.513	221.255	88
220.632	220.877	87
220.754	220.999	85
220.877	221.255	87
220.999	221.244	85
221.122	221.255	84
221.244	222.364	85
221.245	222.364	54
221.363	221.609	83
221.486	221.731	81
221.609	222.364	83
221.731	222.364	81
221.854	222.364	80
221.983	222.364	78
222.105	222.364	76
222.224	222.364	75
222.361	222.479	73
222.361	222.724	52
222.362	222.725	61
222.48	222.599	75
222.602	222.729	76
222.729	222.847	75
222.848	222.966	76
222.966	223.088	78
223.09	223.212	76
223.212	223.33	78
223.334	223.452	80
223.457	224.185	81
223.457	223.576	60
223.576	223.698	61
223.699	223.821	63
223.822	223.944	61
223.944	224.066	63
224.067	224.189	64
224.189	224.563	80
224.192	224.563	66
224.31	224.563	64
224.431	224.563	63
224.56	224.682	73
224.563	225.288	64
224.683	224.801	75
224.804	224.924	76
224.924	225.046	75
225.047	225.169	76
225.17	225.291	78
225.291	225.41	76
225.292	225.656	61
225.411	225.533	78
225.533	225.656	80
225.656	226.393	81
225.658	225.781	60
225.785	225.9	61
225.9	226.026	63
226.027	226.142	61
226.143	226.264	63
226.268	226.394	64
226.394	226.765	80
226.395	226.765	66
226.509	226.762	64
226.639	226.765	63
226.761	226.877	76
226.762	227.86	64
226.88	227.002	78
227.003	227.125	79
227.125	227.244	78
227.245	227.37	79
227.371	227.489	81
227.493	227.611	79
227.612	227.738	81
227.739	227.86	83
227.864	228.591	84
227.864	227.982	63
227.983	228.105	64
228.105	228.228	66
228.228	228.346	64
228.35	228.469	66
228.473	228.596	67
228.596	228.974	83
228.597	228.974	69
228.722	228.974	67
228.84	228.974	66
228.97	229.701	86
228.974	229.092	65
229.092	229.211	66
229.215	229.333	68
229.334	229.46	66
229.46	229.578	68
229.579	229.702	69
229.702	230.077	85
229.705	230.077	71
229.824	230.077	69
229.947	230.077	68
230.073	230.194	78
230.076	230.44	66
230.195	230.317	80
230.318	230.44	81
230.441	230.558	80
230.563	230.685	81
230.685	230.804	83
230.804	231.183	79
230.807	231.183	85
230.807	231.049	64
230.927	231.183	70
231.049	231.183	64
231.179	231.357	90
231.181	231.358	78
231.182	231.308	63
231.182	231.308	71
231.301	231.42	64
231.42	231.538	66
231.543	231.661	64
231.665	231.788	66
231.781	231.899	67
231.906	232.152	78
231.907	232.285	75
231.907	232.285	69
232.029	232.285	83
232.152	232.285	78
232.282	232.459	88
232.284	232.414	76
232.285	232.46	68
232.4	232.522	78
232.523	232.645	80
232.645	232.768	78
232.768	232.889	80
232.89	233.009	81
233.012	233.388	77
233.013	233.388	83
233.013	233.262	62
233.134	233.388	68
233.262	233.388	62
233.384	233.604	76
233.387	233.604	88
233.387	233.604	61
233.388	233.604	69
233.505	233.625	62
233.628	233.748	64
233.748	233.869	62
233.87	233.992	64
233.996	234.111	66
234.115	234.363	76
234.115	234.497	67
234.115	234.497	73
234.242	234.497	81
234.363	234.497	76
234.493	234.626	74
234.496	234.671	86
234.497	234.671	66
234.612	234.734	76
234.735	234.857	78
234.858	234.979	76
234.979	235.098	78
235.101	235.221	79
235.224	235.599	81
235.225	235.959	74
235.225	235.959	86
235.228	235.472	65
235.347	235.599	69
235.472	235.599	65
235.595	235.963	80
235.599	235.719	64
235.718	235.837	66
235.838	235.963	68
235.963	236.081	66
236.082	236.201	68
236.204	236.324	69
236.327	236.575	81
236.327	236.708	65
236.328	237.068	71
236.331	237.069	74
236.453	236.708	86
236.575	236.708	81
236.705	236.824	80
236.705	237.069	64
236.825	236.946	81
236.946	237.07	83
237.073	237.191	81
237.192	237.314	83
237.314	237.432	84
237.433	237.811	81
237.436	238.171	74
237.437	238.171	86
237.437	237.685	65
237.559	237.811	69
237.685	237.811	65
237.807	238.172	80
237.811	237.927	64
237.926	238.048	66
238.049	238.175	68
238.175	238.297	66
238.298	238.413	68
238.416	238.535	69
238.539	238.788	81
238.539	239.281	71
238.54	239.281	74
238.542	238.914	65
238.665	238.914	86
238.788	238.914	81
238.911	239.028	80
238.914	239.281	64
239.032	239.151	81
239.155	239.282	83
239.285	239.396	81
239.397	239.522	83
239.522	239.641	84
239.642	240.016	81
239.642	240.376	74
239.643	240.377	86
239.644	239.89	65
239.768	240.016	69
239.89	240.016	65
240.013	240.377	80
240.016	240.136	64
240.135	240.254	66
240.254	240.38	68
240.381	240.499	66
240.499	240.614	68
240.615	240.737	69
240.738	240.86	68
240.86	240.978	69
240.982	241.097	71
241.098	241.217	69
241.22	241.339	71
241.342	241.454	72
241.458	241.576	71
241.58	241.699	72
241.7	241.822	74
241.822	242.182	76
241.826	242.182	64
241.938	242.179	66
242.06	242.182	68
242.179	242.297	69
242.179	242.298	66
242.298	242.413	71
242.301	242.413	68
242.417	242.536	72
242.418	242.536	69
242.54	242.897	71
242.658	242.774	72
242.774	242.897	74
242.897	243.267	76
242.9	243.267	64
243.02	243.265	66
243.142	243.267	68
243.264	243.379	69
243.265	243.379	66
243.38	243.498	71
243.38	243.502	68
243.502	243.621	72
243.506	243.624	69
243.624	243.981	71
243.736	243.859	72
243.862	243.982	74
243.985	244.104	72
243.986	244.104	69
244.105	244.219	74
244.108	244.22	71
244.222	244.342	76
244.223	244.343	72
244.343	244.458	77
244.345	244.458	74
244.461	244.58	79
244.461	244.581	76
244.581	244.702	81
244.584	244.702	77
244.703	244.824	79
244.706	244.825	76
244.825	244.937	77
244.826	244.94	74
244.94	245.063	76
244.944	245.063	72
245.063	245.178	74
245.064	245.179	71
245.181	245.297	72
245.182	245.297	69
245.301	245.427	71
245.304	245.431	67
245.431	245.556	69
245.431	245.567	65
245.557	245.675	71
245.675	245.797	72
245.798	245.92	71
245.801	245.938	60
245.921	246.05	69
246.05	246.168	67
246.172	246.547	65
246.173	246.547	57
246.292	246.543	64
246.421	246.547	63
246.543	246.907	64
246.544	246.662	56
246.666	246.784	54
246.788	246.908	52
246.911	247.03	51
247.03	247.145	49
247.146	247.271	47
247.271	247.39	59
247.275	247.632	57
247.391	247.513	61
247.514	247.632	63
247.635	247.754	64
247.635	247.758	56
247.758	247.87	66
247.759	247.871	54
247.873	248	68
247.874	248	52
248.003	248.364	69
248.003	248.364	51
248.118	248.364	49
248.237	248.364	47
248.36	248.475	59
248.364	248.713	57
248.476	248.594	61
248.598	248.714	63
248.714	248.832	64
248.716	248.836	56
248.837	248.955	66
248.839	248.959	54
248.959	249.077	68
248.96	249.078	52
249.08	249.449	69
249.081	249.449	51
249.201	249.449	49
249.316	249.449	47
249.446	249.56	59
249.448	249.798	57
249.56	249.682	61
249.683	249.799	63
249.799	250.176	64
249.802	250.176	56
249.922	250.167	66
249.925	250.169	54
250.044	250.176	68
250.046	250.176	52
250.167	250.537	66
250.169	250.537	54
250.289	250.526	68
250.29	250.527	52
250.405	250.537	69
250.407	250.537	51
250.526	250.891	68
250.527	250.887	52
250.648	250.887	69
250.649	250.891	51
250.764	250.891	71
250.765	250.891	50
250.887	251.255	69
250.887	251.255	52
251.006	251.245	71
251.01	251.248	50
251.129	251.255	72
251.132	251.255	48
251.245	251.625	71
251.248	251.625	50
251.367	251.605	72
251.37	251.608	48
251.483	251.625	74
251.485	251.625	47
251.605	251.976	72
251.608	251.976	48
251.728	251.976	74
251.73	251.976	47
251.85	251.976	76
251.85	251.976	45
251.972	253.264	65
251.972	253.264	62
252.088	253.264	70
252.088	253.264	58
252.21	253.264	74
252.211	253.264	53
252.333	253.264	77
252.333	253.264	50
252.448	253.264	82
252.449	253.264	46
252.571	253.264	86
252.572	253.264	41
252.693	253.264	89
252.694	253.264	38
252.812	253.264	94
252.815	253.264	34
252.935	253.264	98
252.936	253.264	29
253.071	253.264	101
253.072	253.264	26
253.466	253.683	72
253.467	253.683	64
253.47	253.683	69
253.47	253.683	76
253.471	253.683	60
253.471	253.683	52
253.473	253.683	57
253.887	254.135	68
253.887	254.135	76
253.887	254.135	71
253.888	254.135	64
253.889	254.135	52
253.89	254.135	59
253.89	254.135	56
254.31	254.674	69
254.311	254.422	60
254.425	254.552	59
254.552	254.675	57
254.675	255.038	56
254.79	255.038	54
254.912	255.038	52
255.035	255.157	64
255.035	255.388	62
255.157	255.272	66
255.273	255.391	68
255.392	255.51	69
255.392	255.511	60
255.511	255.633	71
255.513	255.634	59
255.634	255.752	72
255.636	255.756	57
255.756	256.123	74
255.759	256.123	56
255.878	256.123	54
255.998	256.123	52
256.121	256.235	64
256.123	256.473	62
256.236	256.357	66
256.357	256.473	68
256.477	256.595	69
256.477	256.596	60
256.596	256.718	71
256.599	256.718	59
256.719	256.84	72
256.722	256.841	57
256.841	257.211	74
256.843	257.211	56
256.964	257.211	54
257.079	257.211	52
257.202	257.32	64
257.204	257.558	62
257.323	257.442	66
257.446	257.561	68
257.562	257.925	69
257.565	257.925	60
257.684	257.922	71
257.685	257.925	59
257.8	257.925	72
257.803	257.925	57
257.922	258.293	71
257.923	258.293	56
258.045	258.282	72
258.045	258.283	57
258.16	258.293	74
258.16	258.293	59
258.282	258.664	72
258.283	258.664	57
258.403	258.664	74
258.405	258.664	59
258.525	258.664	76
258.527	258.664	60
258.654	259.952	65
258.654	259.952	62
258.776	259.952	70
258.776	259.952	58
258.898	259.952	74
258.899	259.952	53
259.014	259.952	77
259.014	259.952	50
259.136	259.952	82
259.137	259.952	46
259.256	259.952	86
259.259	259.952	41
259.375	259.952	89
259.375	259.952	38
259.497	259.952	94
259.498	259.952	34
259.624	259.952	98
259.624	259.952	29
259.749	259.952	101
259.753	259.952	26
260.158	260.376	72
260.162	260.376	76
260.162	260.377	69
260.163	260.379	64
260.165	260.379	57
260.166	260.379	52
260.166	260.383	60
260.589	260.816	68
260.59	260.817	71
260.592	260.817	64
260.592	260.82	76
260.593	260.821	56
260.596	260.821	52
260.596	260.821	59
261.047	262.273	65
261.048	262.273	62
261.167	262.273	70
261.167	262.273	58
261.283	262.273	74
261.286	262.273	53
261.404	262.273	77
261.407	262.273	50
261.528	262.273	82
261.528	262.273	46
261.643	262.273	86
261.646	262.273	41
261.765	262.273	89
261.766	262.273	38
261.887	262.273	94
261.888	262.273	34
262.014	262.273	98
262.016	262.273	29
262.14	262.273	101
262.143	262.273	26
262.535	262.738	65
262.535	262.739	77
262.538	262.739	70
262.538	262.741	74
262.539	262.742	58
262.539	262.742	53
262.542	262.742	62
262.941	263.137	72
262.941	263.138	65
262.945	263.14	69
262.945	263.14	77
262.945	263.141	60
262.946	263.144	57
262.948	263.144	53
263.336	263.529	79
263.337	263.529	91
263.337	263.53	31
263.339	263.53	43
263.725	263.92	72
263.726	263.921	67
263.728	263.924	79
263.729	263.925	75
263.729	263.925	60
263.729	263.928	55
263.732	263.928	63
264.124	264.319	74
264.127	264.324	79
264.127	264.327	71
264.128	264.328	67
264.128	264.328	55
264.131	264.328	59
264.132	264.33	62
264.527	264.722	81
264.527	264.722	93
264.528	264.722	45
264.53	264.722	33
264.915	265.111	74
264.915	265.111	81
264.919	265.114	77
264.919	265.114	69
264.919	265.115	62
264.92	265.118	57
264.922	265.119	65
265.314	265.524	69
265.318	265.528	81
265.318	265.528	73
265.318	265.529	76
265.321	265.529	57
265.322	265.53	61
265.322	265.531	64
265.737	265.941	70
265.741	265.941	67
265.742	265.944	55
265.742	265.944	58
265.941	266.147	67
265.941	266.144	70
265.944	266.151	58
265.944	266.151	55
266.144	266.353	70
266.147	266.354	67
266.148	266.354	73
266.151	266.358	55
266.151	266.358	58
266.152	266.357	52
266.353	266.557	70
266.354	266.557	67
266.354	266.56	73
266.357	266.564	52
266.358	266.565	58
266.358	266.564	55
266.557	266.767	70
266.557	266.77	67
266.56	266.767	76
266.56	266.77	73
266.564	266.771	49
266.564	266.774	55
266.564	266.774	52
266.565	266.775	58
266.767	266.969	70
266.767	266.973	76
266.77	266.97	73
266.77	268.226	67
266.771	266.976	49
266.774	266.977	55
266.774	266.974	52
266.775	268.226	58
266.969	267.18	70
266.97	267.183	79
266.97	267.181	73
266.973	267.18	76
266.974	267.183	46
266.974	267.183	52
266.976	267.184	49
266.977	267.187	55
267.18	267.382	76
267.18	268.226	70
267.181	267.383	73
267.183	267.383	79
267.183	267.386	46
267.183	267.387	52
267.184	267.387	49
267.187	268.226	55
267.382	267.585	76
267.383	267.586	79
267.383	267.586	73
267.386	267.589	82
267.386	267.592	46
267.387	267.59	49
267.387	267.593	52
267.389	267.59	43
267.585	267.792	76
267.586	268.226	73
267.586	267.796	79
267.589	267.799	82
267.59	267.803	43
267.59	267.803	49
267.592	267.8	46
267.593	268.226	52
267.792	268.006	76
267.796	268.005	85
267.796	268.006	79
267.799	268.002	82
267.799	268.006	40
267.8	268.009	46
267.803	268.01	43
267.803	268.01	49
268.002	268.226	82
268.005	268.226	85
268.006	268.226	76
268.006	268.226	79
268.006	268.226	40
268.009	268.226	46
268.01	268.226	43
268.01	268.226	49
268.215	268.576	81
268.22	268.576	74
268.22	268.576	77
268.222	268.576	86
268.223	268.576	45
268.223	268.576	41
268.224	268.576	50
269.528	269.888	77
269.531	269.888	86
269.532	269.888	81
269.532	269.888	89
269.536	269.888	41
269.536	269.888	38
269.536	269.888	50
269.538	269.888	45
270.834	271.055	69
270.838	271.055	76
270.838	271.055	52
270.84	271.055	60
272.114	272.332	68
272.115	272.335	76
272.115	272.335	59
272.116	272.339	52
273.504	274.68	73
273.507	276.046	64
273.508	274.788	45
273.722	274.151	52
273.935	274.788	57
274.151	274.788	52
274.373	274.788	61
274.579	274.788	74
274.68	274.788	73
274.785	276.049	71
274.786	276.049	44
274.988	275.405	52
275.198	276.049	74
275.198	276.049	59
275.405	276.049	52
275.616	276.049	77
275.618	276.049	62
276.046	277.299	64
276.048	277.299	76
276.049	277.308	45
276.252	276.665	52
276.455	277.308	61
276.665	277.308	52
276.876	277.308	73
276.878	277.308	57
277.299	278.558	64
277.299	278.565	76
277.3	278.565	44
277.505	277.918	52
277.711	278.565	56
277.918	278.565	52
278.124	278.565	74
278.125	278.565	59
278.558	279.7	73
278.558	281.044	64
278.559	279.815	45
278.766	279.188	52
278.982	279.815	57
279.188	279.815	52
279.399	279.815	61
279.602	279.815	74
279.7	279.815	73
279.801	281.057	71
279.802	281.057	44
280.011	280.407	52
280.207	281.057	74
280.211	281.057	59
280.407	281.057	52
280.62	281.057	77
280.62	281.057	62
281.044	282.278	64
281.044	282.279	76
281.047	282.289	45
281.247	281.649	52
281.449	282.289	61
281.649	282.289	52
281.859	282.289	73
281.863	282.289	57
282.278	283.542	64
282.279	283.542	76
282.282	283.535	44
282.489	282.899	52
282.689	283.542	56
282.899	283.542	52
283.105	283.542	74
283.105	283.542	59
283.532	284.791	77
283.532	284.791	65
283.535	284.791	44
283.735	284.141	53
283.941	284.791	56
284.141	284.791	53
284.354	284.791	74
284.354	284.791	59
284.775	286.038	78
284.775	286.038	66
284.777	286.038	45
284.984	285.401	54
285.191	286.038	57
285.401	286.038	54
285.611	286.038	74
285.614	286.038	62
286.035	287.333	73
286.035	287.333	67
286.038	287.333	45
286.255	286.679	57
286.471	287.333	82
286.472	286.889	64
286.679	287.333	57
286.889	287.333	81
286.889	287.333	64
287.319	288.6	69
287.32	288.6	79
287.323	288.6	50
287.533	287.949	57
287.743	288.6	62
287.949	288.6	57
288.16	288.6	78
288.162	288.6	66
288.586	289.877	73
288.589	289.877	64
288.593	289.877	42
288.804	289.226	54
289.02	289.877	79
289.02	289.877	61
289.226	289.877	54
289.437	289.877	78
289.44	289.877	58
289.861	291.13	66
289.863	291.121	76
289.863	291.13	47
290.074	290.486	54
290.277	291.13	59
290.486	291.13	54
290.697	291.13	74
290.699	291.13	62
291.12	292.367	64
291.121	292.369	76
291.123	292.38	44
291.323	291.737	52
291.533	292.38	62
291.737	292.38	52
291.945	292.38	74
291.946	292.38	59
292.367	293.626	64
292.369	293.626	76
292.37	293.626	45
292.576	292.982	52
292.779	293.626	61
292.982	293.626	52
293.193	293.626	73
293.196	293.626	57
293.622	294.896	62
293.623	294.896	77
293.625	294.896	40
293.829	294.253	52
294.04	294.896	76
294.042	294.896	59
294.249	294.896	74
294.253	294.896	52
294.464	294.896	73
294.466	294.896	56
294.673	294.896	71
294.89	296.191	69
294.89	295.324	61
294.89	296.185	45
295.103	295.54	52
295.324	296.191	61
295.537	296.191	71
295.54	296.191	52
295.752	296.182	73
295.754	296.191	57
295.968	296.191	74
296.181	297.468	67
296.182	297.468	73
296.185	297.468	45
296.398	296.818	57
296.612	297.468	82
296.613	297.031	64
296.818	297.468	57
297.031	297.468	81
297.031	297.468	64
297.455	298.728	79
297.455	298.728	69
297.456	298.728	50
297.661	298.078	57
297.872	298.728	62
298.078	298.728	57
298.291	298.728	78
298.291	298.728	66
298.719	300.007	64
298.722	300.007	73
298.722	300.007	42
298.932	299.359	54
299.15	300.007	79
299.15	300.007	61
299.359	300.007	54
299.566	300.007	78
299.569	300.007	58
299.997	301.256	76
300	301.267	66
300	301.267	47
300.202	300.619	54
300.413	301.267	59
300.619	301.267	54
300.826	301.267	74
300.829	301.267	62
301.256	302.509	76
301.257	302.51	64
301.257	302.516	44
301.463	301.872	52
301.668	302.516	62
301.872	302.516	52
302.079	302.516	74
302.082	302.516	59
302.509	303.769	76
302.51	303.769	64
302.51	303.769	45
302.713	303.125	52
302.915	303.769	61
303.125	303.769	52
303.328	303.769	73
303.331	303.769	57
303.758	305.067	77
303.759	305.067	62
303.759	305.067	40
303.972	304.403	52
304.189	305.067	76
304.189	305.067	59
304.403	305.067	74
304.403	305.067	52
304.619	305.067	73
304.62	305.067	56
304.833	305.067	71
305.051	306.388	69
305.054	305.929	61
305.054	306.388	45
305.271	305.708	52
305.488	306.391	57
305.708	306.391	52
305.929	306.396	61
306.388	307.566	69
306.388	307.566	45
306.39	307.566	48
306.391	307.566	52
306.391	307.566	57
306.583	307.566	71
306.678	307.566	72
306.776	307.566	74
306.874	307.562	76
306.969	307.566	78
307.066	307.566	80
307.164	307.566	81
307.263	307.566	83
307.36	307.566	84
307.461	307.566	86
307.562	307.656	76
307.564	307.658	88
307.566	307.658	52
307.566	307.66	56
307.755	307.854	87
307.755	307.854	75
307.758	307.856	53
307.758	307.856	57
307.95	308.052	88
307.951	308.052	76
307.954	308.053	52
307.955	308.053	56
308.149	308.248	75
308.15	308.249	87
308.15	308.251	53
308.154	308.252	57
308.346	308.461	88
308.349	308.465	76
308.349	308.465	52
308.35	308.469	56
308.812	309.994	67
308.812	309.994	47
308.813	309.991	50
308.814	309.994	55
308.815	309.994	43
309.004	309.994	69
309.102	309.994	71
309.197	309.994	72
309.295	309.988	74
309.393	309.994	76
309.491	309.994	78
309.585	309.994	79
309.687	309.994	81
309.788	309.994	83
309.887	309.994	85
309.988	310.081	74
309.991	310.085	86
309.991	310.086	50
309.992	310.086	54
310.176	310.274	85
310.177	310.275	73
310.177	310.278	52
310.18	310.278	55
310.373	310.47	74
310.373	310.471	86
310.376	310.473	50
310.376	310.474	54
310.568	310.67	85
310.569	310.67	73
310.572	310.671	52
310.573	310.671	55
310.768	310.883	86
310.768	310.884	74
310.768	310.884	50
310.772	310.887	54
311.23	312.12	53
311.233	312.117	45
311.233	312.12	41
311.234	312.116	48
311.342	312.12	77
311.455	312.12	81
311.563	312.12	84
311.675	312.12	89
311.784	312.12	93
311.895	312.12	96
312.007	312.12	101
312.116	312.22	100
312.116	312.329	48
312.116	312.329	57
312.117	312.33	45
312.12	312.333	52
312.56	313.015	74
312.563	313.006	50
312.563	313.015	58
312.564	313.015	46
312.567	313.015	53
312.672	313.005	77
312.787	313.015	82
312.899	313.015	86
313.005	313.12	77
313.006	313.459	50
313.006	313.459	59
313.008	313.459	56
313.008	313.459	47
313.121	313.459	80
313.236	313.459	86
313.341	313.459	89
313.45	313.557	76
313.452	313.915	57
313.453	313.915	52
313.453	313.915	48
313.453	313.915	60
313.561	313.915	81
313.677	313.915	84
313.786	313.915	88
313.904	314.373	74
313.905	314.373	59
313.905	314.373	62
313.908	314.373	50
313.908	314.373	53
314.013	314.373	77
314.135	314.373	83
314.24	314.373	86
314.356	314.824	72
314.356	314.824	60
314.358	314.824	57
314.359	314.818	52
314.359	314.817	64
314.472	314.824	76
314.587	314.824	81
314.699	314.824	84
314.814	315.3	71
314.817	315.3	59
314.817	315.3	64
314.818	315.3	52
314.818	315.3	56
314.937	315.3	76
315.056	315.3	80
315.174	315.3	83
315.29	315.423	69
315.291	315.424	57
315.294	315.493	45
315.424	315.556	59
315.426	315.556	71
315.56	315.689	60
315.56	315.693	72
315.693	315.822	71
315.694	315.822	59
315.825	315.958	72
315.829	315.959	60
315.959	316.098	74
315.961	316.099	62
316.099	316.512	64
316.1	316.512	76
316.102	316.512	40
316.102	316.512	52
316.232	316.512	54
316.235	316.509	42
316.365	316.512	56
316.368	316.512	44
316.508	316.637	57
316.509	316.638	69
316.509	316.638	42
316.512	316.639	54
316.641	316.763	71
316.642	316.764	59
316.642	316.767	56
316.644	316.767	44
316.768	316.896	60
316.77	316.897	72
316.77	316.9	57
316.771	316.9	45
316.904	317.029	71
316.904	317.306	59
316.904	317.307	47
317.033	317.166	72
317.034	317.166	60
317.167	317.307	62
317.17	317.308	74
317.309	317.713	76
317.31	317.713	64
317.31	317.713	52
317.311	317.713	40
317.439	317.713	42
317.44	317.712	54
317.572	317.713	44
317.575	317.713	56
317.708	317.838	69
317.712	317.838	81
317.712	317.842	54
317.713	317.842	42
317.843	317.971	71
317.845	317.975	83
317.845	317.975	56
317.846	317.975	44
317.978	318.104	84
317.979	318.104	72
317.979	318.108	57
317.98	318.108	45
318.111	318.236	83
318.111	318.241	71
318.112	318.51	59
318.112	318.51	47
318.241	318.373	84
318.242	318.374	72
318.374	318.514	74
318.375	318.514	86
318.517	318.92	76
318.517	318.92	88
318.518	318.92	52
318.521	318.92	40
318.647	318.92	42
318.65	318.92	54
318.781	318.92	44
318.781	318.92	56
318.917	319.045	81
318.918	319.045	69
318.92	319.049	54
318.92	319.049	42
319.05	319.179	71
319.052	319.179	83
319.052	319.18	56
319.053	319.182	44
319.182	319.311	72
319.186	319.315	84
319.186	319.316	57
319.187	319.316	45
319.318	319.441	71
319.319	319.441	83
319.319	319.714	47
319.322	319.714	59
319.442	319.574	84
319.445	319.575	72
319.578	319.715	74
319.578	319.718	86
319.718	320.131	76
319.719	320.137	88
319.719	320.137	40
319.721	320.137	52
319.854	320.137	54
319.855	320.137	42
319.988	320.137	56
319.99	320.137	44
320.131	320.333	81
320.131	320.333	76
320.132	320.333	72
320.134	320.333	84
320.134	320.333	45
320.134	320.333	57
320.261	320.393	59
320.263	320.393	47
320.394	320.526	60
320.397	320.527	48
320.53	320.666	59
320.53	320.667	47
320.667	320.806	60
320.669	320.806	48
320.806	320.939	62
320.807	320.94	50
320.94	321.37	83
320.942	321.363	76
320.943	321.37	80
320.943	321.37	71
320.943	321.37	64
320.946	321.37	52
321.359	321.576	84
321.363	321.576	76
321.366	321.576	81
321.366	321.576	72
321.367	321.576	57
321.367	321.576	45
321.497	321.628	47
321.499	321.629	59
321.629	321.762	60
321.632	321.765	48
321.765	321.901	47
321.766	321.905	59
321.906	322.042	48
321.906	322.042	60
322.043	322.174	50
322.045	322.175	62
322.175	322.605	71
322.179	322.601	76
322.179	322.605	80
322.18	322.605	83
322.18	322.605	52
322.181	322.605	64
322.598	322.805	81
322.599	322.805	84
322.601	322.805	76
322.601	322.805	72
322.602	322.805	33
322.602	322.805	45
322.732	322.864	47
322.735	322.865	35
322.868	323.004	48
322.868	323.004	36
323.008	323.137	35
323.009	323.141	47
323.141	323.273	36
323.142	323.273	48
323.274	323.41	38
323.274	323.41	50
323.414	323.851	80
323.414	323.844	76
323.415	323.851	71
323.417	323.851	83
323.417	323.851	40
323.417	323.851	52
323.84	324.239	69
323.841	324.239	81
323.841	324.239	72
323.844	324.239	76
323.845	324.239	33
323.845	324.239	45
325.111	325.525	64
325.112	325.527	57
325.114	325.524	60
325.115	325.527	69
325.115	325.532	36
325.118	325.528	40
325.119	325.531	45
325.119	325.528	33
325.524	325.948	60
325.525	325.951	64
325.527	325.948	57
325.527	325.951	69
325.528	325.951	33
325.528	325.952	40
325.531	325.955	45
325.532	325.955	36
325.948	326.414	60
325.948	326.413	57
325.951	326.416	64
325.951	326.414	69
325.951	326.417	33
325.952	326.417	40
325.955	326.42	45
325.955	326.421	36
326.413	326.872	57
326.414	326.872	69
326.414	326.872	60
326.416	326.872	64
326.417	326.872	33
326.417	326.872	40
326.42	326.872	45
326.421	326.872	36
