OnsetTime	OffsetTime	MidiPitch
0.519987	1.36799	44
0.523983	0.957992	49
0.954988	1.57899	54
0.955994	1.57899	58
0.957992	1.36799	49
1.36799	1.79199	44
1.36799	1.57798	49
1.57798	1.79398	49
1.57899	1.79499	54
1.57899	1.79499	58
1.79199	2.62399	44
1.79398	2.21099	49
2.20899	2.83098	54
2.20999	2.82999	61
2.21099	2.83098	58
2.21099	2.62399	49
2.62399	2.86199	44
2.62399	2.83098	49
2.82999	3.04098	61
2.83098	3.04499	58
2.83098	3.04499	54
2.83098	3.04499	49
3.04699	3.89198	44
3.04798	3.47498	49
3.47399	4.09697	53
3.47498	4.09697	56
3.47498	3.89497	49
3.89198	4.28298	44
3.89497	4.09497	49
4.09497	4.31498	49
4.09697	4.31498	53
4.09697	4.31597	56
4.31597	5.14798	44
4.31898	4.73397	49
4.73397	5.14897	49
4.73497	5.34797	61
4.73497	5.34996	53
5.14798	5.38497	44
5.14897	5.35097	49
5.34797	5.56097	61
5.34996	5.56398	53
5.35097	5.56398	49
5.56497	6.41098	44
5.56497	5.99898	49
5.99898	6.41498	49
6.00198	6.62198	54
6.00198	6.62097	51
6.41098	6.78597	44
6.41498	6.62198	49
6.62097	6.82397	51
6.62198	6.82797	49
6.62198	6.82896	54
6.83096	7.66796	44
6.83096	7.25496	49
7.25196	7.87096	61
7.25396	7.86896	54
7.25496	7.87096	51
7.25496	7.66796	49
7.66796	7.93795	44
7.66796	7.87096	49
7.86896	8.08096	54
7.87096	8.08196	61
7.87096	8.08196	51
7.87096	8.08396	49
8.08396	8.97796	44
8.08496	8.53296	49
8.52997	9.43195	61
8.52997	9.42896	53
8.53296	8.97996	49
8.97796	9.88995	44
8.97996	9.43296	49
9.42896	10.343	53
9.43195	10.3419	61
9.43296	9.89095	49
9.88995	10.8079	44
9.89095	10.343	49
10.3419	10.8839	61
10.343	10.8839	53
10.343	10.8079	49
10.8079	11.7459	44
10.8079	11.2759	49
11.2759	11.7489	49
11.2769	12.2399	61
11.2769	12.2409	53
11.7459	12.7619	44
11.7489	12.2419	49
12.2399	15.7769	61
12.2409	15.7769	53
12.2419	12.7639	49
12.7619	15.7769	44
12.7639	15.7769	49
16.1269	16.3399	54
16.1279	16.3409	58
16.1309	16.9759	44
16.1319	16.9779	49
16.5609	17.8209	54
16.5609	17.8219	58
16.5649	17.1849	56
16.9749	17.3969	60
16.9759	17.2829	44
16.9779	17.2829	49
17.1849	17.3979	56
17.3979	17.6049	63
17.4019	18.2379	44
17.4019	18.2379	49
17.8249	18.6509	58
17.8249	18.6509	54
17.8259	18.5419	63
17.8279	18.4409	56
18.2359	18.6549	60
18.2379	18.5419	44
18.2379	18.5419	49
18.4409	18.6549	56
18.6569	18.8709	53
18.6579	18.8709	56
18.6579	18.8749	61
18.6589	19.5009	44
18.6619	19.5049	49
19.0879	20.3559	53
19.0889	19.8229	61
19.0889	19.7089	56
19.5009	19.9219	60
19.5009	19.8229	44
19.5049	19.8229	49
19.7089	19.9179	56
19.9219	20.3589	56
19.9249	20.7749	44
19.9249	20.7789	49
20.3559	21.2059	53
20.3589	20.9739	56
20.7749	20.9849	44
20.7789	20.9859	49
20.9859	21.2059	56
21.2069	21.4229	51
21.2099	21.4239	54
21.2099	22.0559	44
21.2109	22.0569	49
21.6359	22.8969	51
21.6369	22.8969	54
21.6369	22.2589	56
22.0539	22.4769	58
22.0559	22.3609	44
22.0569	22.3609	49
22.2589	22.4799	56
22.4799	22.6859	60
22.4809	23.3169	44
22.4809	23.3169	49
22.8969	23.7289	54
22.8979	23.7289	51
22.8989	23.6139	60
22.8999	23.3159	56
23.3159	23.5199	56
23.3169	23.6139	44
23.3169	23.6139	49
23.5199	23.7329	56
23.7329	23.9459	56
23.7359	23.9469	61
23.7359	24.5809	44
23.7369	24.5809	49
24.1589	25.4309	53
24.1599	25.0029	61
24.1629	24.7839	56
24.5809	24.8909	44
24.5809	24.8909	49
24.7839	25.0029	56
25.0039	25.2169	60
25.0069	25.8509	44
25.0079	25.8509	49
25.4339	26.2809	53
25.4339	26.2819	60
25.4349	26.0469	56
25.8509	26.0569	44
25.8509	26.0569	49
26.0609	26.2819	56
26.2839	26.4938	54
26.2849	26.4949	58
26.2849	27.1279	44
26.2849	27.1308	49
26.7148	27.9749	54
26.7148	27.9749	58
26.7188	27.3348	56
27.1279	27.5439	60
27.1279	27.4318	44
27.1308	27.4318	49
27.3348	27.5478	56
27.5478	27.7569	63
27.5489	28.3919	44
27.5489	28.3919	49
27.9789	28.8039	58
27.9789	28.8049	54
27.9799	28.6888	63
27.9799	28.5919	56
28.3879	28.8079	60
28.3919	28.6888	44
28.3919	28.6888	49
28.5919	28.8079	56
28.8089	29.0249	53
28.8089	29.0249	56
28.8109	29.0279	61
28.8119	29.6559	44
28.8119	29.6559	49
29.2379	30.5088	53
29.2419	29.8589	61
29.2419	29.8609	56
29.6549	29.9669	60
29.6559	30.0179	44
29.6559	30.0179	49
29.8589	30.0179	61
29.8609	30.0679	56
29.9669	30.0749	60
30.0759	30.5119	56
30.0779	30.9289	44
30.0789	30.9329	49
30.5088	31.3588	53
30.5119	31.1278	56
30.9289	31.1348	44
30.9329	31.1388	49
31.1398	31.3598	56
31.3598	31.5728	58
31.3638	31.5728	54
31.3638	31.5768	63
31.3638	32.2099	44
31.3648	32.2108	49
31.7898	32.5078	63
31.7908	33.0458	54
31.7908	33.0468	58
31.7908	32.4098	56
32.2099	32.6219	65
32.2099	32.5078	44
32.2108	32.5078	49
32.4098	32.6228	56
32.6268	32.8398	66
32.6268	33.4708	44
32.6298	33.4738	49
33.0498	33.7668	58
33.0528	33.7668	66
33.0538	33.6698	56
33.4698	33.8868	60
33.4708	33.8868	65
33.4708	33.7668	44
33.4738	33.7668	49
33.6698	33.8868	56
33.8878	37.6028	53
33.8898	37.6028	61
33.8898	34.7328	44
33.8898	34.7338	49
34.3138	34.9368	56
34.7328	35.1498	44
34.7338	35.1508	49
34.9368	35.1848	56
35.1498	36.0048	44
35.1508	36.0048	49
35.5878	36.1998	56
36.0048	36.2138	44
36.0048	36.2148	49
36.2148	37.6028	56
36.3408	37.6028	37
36.4569	36.8898	59
36.4588	36.8898	62
36.4588	36.8908	65
36.4598	36.8938	68
36.4628	37.3058	49
36.8898	38.1498	59
36.8898	38.1488	62
36.8908	38.5668	65
36.8938	37.6028	68
37.3058	37.7228	49
37.5098	37.7228	70
37.7238	38.8628	68
37.7258	38.9828	37
38.1488	38.5658	62
38.1498	38.5628	59
38.1498	38.8628	66
38.1508	38.5668	49
38.5628	38.8628	59
38.5658	38.8628	62
38.5668	38.8628	65
38.5668	38.8628	49
38.9828	39.4158	66
38.9838	39.8338	37
39.4128	40.2988	58
39.4138	40.1418	63
39.4158	39.9348	66
39.4168	40.0358	49
39.8338	40.0328	65
39.8338	40.2498	37
39.9348	40.2988	66
40.0328	40.2988	65
40.0358	40.2988	49
40.1418	40.2488	63
40.2488	41.5338	63
40.2498	41.1078	37
40.6838	41.5368	58
40.6838	41.5368	54
40.6838	41.2958	49
41.1078	41.3098	37
41.3138	41.5378	49
41.5408	43.2288	57
41.5418	42.3778	37
41.9648	42.6848	65
41.9678	42.5908	49
42.3778	42.6848	37
42.5878	42.6918	63
42.5908	43.2318	49
42.6928	43.2278	65
42.8018	43.9458	63
42.8038	43.6408	37
43.2278	44.0608	65
43.2288	44.0618	57
43.2288	43.9458	61
43.2318	43.8418	49
43.6388	44.0618	60
43.6408	43.9458	37
43.8418	44.0638	49
44.0638	44.2748	61
44.0648	44.9078	37
44.4878	45.3278	65
44.4878	45.3288	58
44.4918	45.3288	61
44.4948	45.1118	49
44.9078	45.2198	37
45.1118	45.3298	49
45.3308	45.5418	60
45.3318	46.1788	37
45.7618	46.6308	65
45.7618	47.7818	56
45.7628	47.7818	60
45.7648	46.3778	49
46.1788	46.3878	37
46.3888	46.5148	49
46.5148	47.7818	37
46.6298	47.0668	59
46.6308	47.0678	62
46.6308	47.0678	65
46.6328	47.0678	68
46.6338	47.4748	49
47.0668	48.3248	59
47.0678	48.3238	62
47.0678	48.7367	65
47.0678	47.7818	68
47.4748	47.8968	49
47.6828	47.8978	70
47.8978	49.0417	68
47.9008	49.1497	37
48.3238	48.7348	62
48.3248	48.7348	59
48.3268	49.0417	66
48.3278	48.7367	49
48.7348	49.0417	59
48.7348	49.0417	62
48.7367	49.0417	65
48.7367	49.0417	49
49.1497	49.5917	66
49.1537	50.0047	37
49.5877	50.4727	58
49.5907	50.3187	63
49.5917	50.1017	66
49.5917	50.2117	49
50.0037	50.2107	65
50.0047	50.4247	37
50.1017	50.4727	66
50.2107	50.4727	65
50.2117	50.4727	49
50.3187	50.4237	63
50.4237	51.7047	63
50.4247	51.2787	37
50.8547	51.7047	58
50.8547	51.7057	54
50.8557	51.4737	49
51.2787	51.4837	37
51.4847	51.7087	49
51.7087	53.3997	57
51.7097	52.5527	37
52.1357	52.8597	65
52.1357	52.7627	49
52.5527	52.8597	37
52.7587	52.8667	63
52.7627	52.9717	49
52.8677	52.9717	65
52.9727	54.1127	63
52.9757	53.8157	37
53.3987	54.2317	65
53.3997	54.2317	57
53.3997	54.1127	61
53.4007	54.0147	49
53.8147	54.2327	60
53.8157	54.1127	37
54.0147	54.2357	49
54.2357	54.4447	61
54.2367	55.0797	37
54.6627	55.5027	65
54.6627	55.5037	58
54.6637	55.5037	61
54.6637	55.2817	49
55.0797	55.3897	37
55.2817	55.5057	49
55.5057	55.7157	60
55.5067	56.3497	37
55.9297	56.7797	65
55.9297	56.7807	56
55.9327	56.7807	60
55.9367	56.5457	49
56.3497	56.5597	37
56.5597	56.7837	49
56.7837	56.9927	66
56.7847	56.9967	70
56.7847	57.0277	44
56.7867	57.0287	49
56.9977	57.4197	54
57.2137	58.4666	66
57.2137	58.4706	70
57.2177	57.9287	58
57.4197	57.8377	54
57.6277	58.0426	72
57.6277	57.9287	44
57.6297	57.9287	49
57.8377	58.0436	54
58.0466	58.2536	75
58.0476	58.2876	44
58.0496	58.2886	49
58.2536	58.6736	54
58.4706	59.2956	70
58.4716	59.3006	66
58.4716	59.1806	75
58.4736	59.1806	60
58.6736	59.0876	54
58.8806	59.3006	72
58.8836	59.1806	44
58.8836	59.1806	49
59.0876	59.3026	54
59.3036	59.5136	65
59.3036	59.5136	68
59.3036	59.5166	73
59.3066	59.5556	44
59.3076	59.5556	49
59.5166	59.9376	53
59.7336	60.5696	68
59.7346	60.5706	65
59.7376	60.2836	73
59.7376	60.5386	61
59.9376	60.3566	53
60.1476	60.4236	72
60.1476	60.5386	44
60.1506	60.5386	49
60.2836	60.5386	73
60.3566	60.5706	53
60.4236	60.5746	72
60.5746	61.8506	68
60.5746	61.4246	44
60.5756	61.4256	49
60.7846	61.2146	53
61.0016	61.8516	65
61.0016	61.6196	56
61.2146	61.6196	53
61.4246	61.6306	44
61.4256	61.6336	49
61.6346	61.8556	53
61.8556	62.0616	63
61.8576	62.0626	66
61.8586	62.0966	44
61.8586	62.0966	49
62.0646	62.4786	54
62.2746	63.5306	63
62.2776	63.5316	66
62.2786	62.9956	58
62.4786	62.9006	54
62.6876	63.1046	70
62.6916	62.9956	44
62.6916	62.9956	49
62.9006	63.1086	54
63.1086	63.3146	72
63.1116	63.3496	44
63.1116	63.3506	49
63.3176	63.7346	54
63.5316	64.3606	66
63.5346	64.3606	63
63.5356	64.2486	72
63.5356	64.2486	60
63.7346	64.1476	54
63.9446	64.3616	68
63.9456	64.2486	44
63.9476	64.2486	49
64.1476	64.3646	54
64.3646	64.5816	65
64.3656	64.5826	73
64.3656	64.6166	44
64.3676	64.6176	49
64.5846	65.0046	53
64.7946	66.0626	68
64.7976	66.0626	65
64.7986	65.6316	73
64.7986	65.5186	61
65.0046	65.4186	53
65.2086	65.5186	44
65.2116	65.5186	49
65.4186	65.6316	53
65.6346	65.8446	72
65.6346	65.8836	44
65.6356	65.8846	49
65.8486	66.2756	53
66.0626	66.9126	68
66.0656	66.9156	65
66.0656	66.9156	72
66.0666	66.6746	56
66.2756	66.6746	53
66.4856	66.6886	44
66.4886	66.6886	49
66.6896	66.9196	53
66.9196	67.1286	66
66.9206	67.1296	70
66.9206	67.1646	44
66.9226	67.1656	49
67.1326	67.5526	54
67.3436	68.5996	66
67.3466	68.5996	70
67.3466	68.0636	58
67.5526	67.9676	54
67.7566	68.1726	72
67.7576	68.0636	44
67.7586	68.0636	49
67.9676	68.1755	54
68.1766	68.3885	75
68.1796	68.4235	44
68.1796	68.4245	49
68.3895	68.8055	54
68.5996	69.4326	70
68.6035	69.4355	66
68.6035	69.3165	75
68.6035	69.3165	60
68.8055	69.2225	54
69.0166	69.4365	72
69.0195	69.3165	44
69.0195	69.3165	49
69.2225	69.4385	54
69.4395	69.6485	65
69.4395	69.6495	68
69.4395	69.6525	73
69.4425	69.6805	44
69.4435	69.6815	49
69.6535	70.0735	53
69.8625	70.6985	68
69.8625	70.6995	65
69.8665	70.4155	73
69.8665	70.6745	61
70.0735	70.4855	53
70.2835	70.5595	72
70.2845	70.6745	44
70.2865	70.6745	49
70.4155	70.6745	73
70.4855	70.7025	53
70.5595	70.7035	72
70.7035	71.9795	68
70.7045	71.5575	44
70.7065	71.5605	49
70.9205	71.3435	53
71.1335	71.9845	65
71.1365	71.7495	56
71.3435	71.7495	53
71.5575	71.7595	44
71.5605	71.7635	49
71.7645	71.9845	53
71.9845	72.2045	70
71.9875	72.2045	66
71.9875	72.2045	75
71.9905	72.2355	44
71.9915	72.2395	49
72.2055	72.6275	54
72.4175	73.6775	70
72.4175	73.6775	66
72.4185	73.1395	75
72.4215	73.1395	58
72.6275	73.0405	54
72.8325	73.2535	77
72.8345	73.1395	44
72.8345	73.1395	49
73.0405	73.2545	54
73.2545	73.4615	78
73.2575	73.4965	44
73.2585	73.4995	49
73.4615	73.8845	54
73.6785	74.3985	70
73.6815	74.3985	78
73.6815	74.3985	60
73.8845	74.2945	54
74.0945	74.5075	68
74.0955	74.5075	77
74.0955	74.3985	44
74.0955	74.3985	49
74.2945	74.5075	54
74.5115	75.5645	65
74.5115	75.7815	73
74.5125	74.7275	37
74.5145	74.7275	44
74.7285	76.8235	49
74.9425	76.8235	53
75.1515	76.6325	56
75.3545	76.8235	61
75.5645	76.2075	65
75.7815	77.0555	73
76.2075	76.8235	65
76.6325	77.0555	56
77.0565	77.4795	73
77.0595	77.4825	78
77.0605	77.4825	82
77.0605	77.8915	49
77.4795	78.3155	73
77.4825	78.3155	78
77.4825	78.3165	82
77.4825	78.3185	58
77.8915	78.3185	49
78.3195	78.7395	72
78.3225	78.7425	75
78.3235	78.7425	80
78.3235	79.1625	49
78.7395	79.5855	72
78.7425	79.5855	75
78.7425	79.5895	80
78.7425	79.5895	60
79.1625	79.5905	49
79.5925	80.0095	77
79.5935	80.0065	70
79.5935	80.0075	73
79.5935	80.4215	49
80.0065	80.8385	70
80.0075	80.8395	73
80.0095	80.8425	77
80.0095	80.8425	61
80.4215	80.8455	49
80.8455	81.2525	71
80.8465	81.2594	77
80.8494	81.2525	80
80.8494	81.6614	49
81.0455	81.7524	82
81.2525	81.5524	80
81.2525	82.0704	71
81.2534	82.0714	62
81.2594	81.8604	77
81.4514	81.6614	78
81.5524	81.7524	80
81.6614	81.8604	78
81.6614	82.0744	49
81.8644	82.0844	77
82.0754	82.4904	70
82.0784	82.4914	75
82.0784	82.4944	78
82.0784	82.9074	49
82.4904	83.3244	70
82.4914	83.3274	75
82.4944	83.3274	78
82.4944	83.3274	63
82.9074	83.3314	49
83.3314	83.7554	68
83.3314	83.7574	72
83.3334	83.7584	77
83.3344	84.1714	49
83.7554	84.6004	68
83.7574	84.6014	72
83.7584	84.6044	77
83.7584	84.6074	56
84.1714	84.6084	49
84.6084	85.0244	73
84.6094	85.0224	65
84.6094	85.0224	68
84.6114	85.4304	49
85.0224	85.8544	65
85.0224	85.8544	68
85.0244	85.8584	73
85.0254	85.8584	61
85.4304	85.8614	49
85.8614	86.6904	49
86.2754	86.6874	61
86.2784	86.6874	65
86.2784	87.0974	56
86.6874	86.8934	61
86.6874	86.8974	65
86.6884	86.8974	68
86.6904	87.0974	49
87.1003	87.5193	61
87.1003	87.5203	66
87.1044	87.5243	70
87.1044	88.3603	54
87.5193	88.3603	61
87.5203	88.3613	66
87.5243	88.3613	70
87.5243	87.9363	44
87.9363	88.3643	44
88.3643	88.7803	60
88.3653	88.7803	63
88.3653	88.7843	68
88.3673	89.6273	56
88.7803	89.6303	60
88.7803	89.6313	63
88.7843	89.6343	68
88.7843	89.2073	44
89.2073	89.6343	44
89.6353	90.0473	65
89.6353	90.0473	61
89.6373	90.8833	58
90.0473	90.8843	61
90.0473	90.8843	65
90.0483	90.4603	44
90.4603	90.8873	44
90.8883	91.3003	62
90.8883	91.2913	68
90.8883	92.1133	59
91.0873	91.8003	70
91.2913	91.6053	68
91.2933	91.7103	44
91.3003	92.1263	62
91.5003	91.7103	66
91.6053	91.8003	68
91.7103	91.9093	66
91.7103	92.1133	44
91.9123	92.1153	65
92.1163	92.5353	61
92.1203	92.5393	66
92.1203	93.3723	58
92.5353	93.3723	61
92.5393	93.3753	66
92.5393	92.9523	44
92.9523	93.3763	44
93.3763	93.7953	60
93.3793	93.7993	65
93.3793	94.3163	56
93.7953	94.6463	60
93.7993	94.6463	65
93.7993	94.6463	44
94.2233	94.6503	54
94.6503	95.5463	61
94.6503	95.0883	53
94.6513	97.3443	37
94.6533	97.3443	44
94.8673	97.3443	49
95.0883	97.3443	53
95.3153	97.3443	56
95.5463	97.3443	61
95.7843	97.7363	65
96.0423	97.7403	73
97.7413	98.5903	44
97.7433	98.1743	49
98.1713	98.7943	58
98.1723	98.7943	54
98.1743	98.5913	49
98.5903	99.0083	44
98.5913	98.7913	49
98.7913	99.0103	49
98.7943	99.0113	54
98.7943	99.0113	58
99.0083	99.8443	44
99.0103	99.4343	49
99.4313	100.047	61
99.4323	100.048	58
99.4323	100.048	54
99.4343	99.8453	49
99.8443	100.085	44
99.8453	100.05	49
100.047	100.256	61
100.048	100.261	58
100.048	100.261	54
100.05	100.261	49
100.263	101.108	44
100.264	100.698	49
100.695	101.318	56
100.698	101.317	53
100.698	101.111	49
101.108	101.506	44
101.111	101.317	49
101.317	101.527	49
101.317	101.53	53
101.318	101.531	56
101.535	102.364	44
101.535	101.951	49
101.95	102.564	61
101.951	102.566	53
101.951	102.365	49
102.364	102.601	44
102.365	102.566	49
102.564	102.784	61
102.566	102.784	53
102.566	102.788	49
102.788	103.634	44
102.788	103.217	49
103.215	103.838	54
103.217	103.838	51
103.217	103.635	49
103.634	104.002	44
103.635	103.837	49
103.837	104.047	49
103.838	104.051	51
103.838	104.051	54
104.051	104.884	44
104.054	104.471	49
104.468	105.084	61
104.47	105.085	54
104.471	105.086	51
104.471	104.885	49
104.884	105.149	44
104.885	105.087	49
105.084	105.304	61
105.085	105.304	54
105.086	105.305	51
105.087	105.307	49
105.307	106.194	44
105.308	105.756	49
105.752	106.645	61
105.753	106.648	53
105.756	106.196	49
106.194	107.106	44
106.196	106.648	49
106.645	107.562	61
106.648	107.565	53
106.648	107.107	49
107.106	108.031	44
107.107	107.565	49
107.562	108.1	61
107.565	108.1	53
107.565	108.031	49
108.031	108.969	44
108.031	108.493	49
108.492	109.484	61
108.493	109.486	53
108.493	108.97	49
108.969	110.032	44
108.97	109.486	49
109.484	113.06	61
109.486	113.06	53
109.486	110.033	49
110.032	113.06	44
110.033	113.06	49
