OnsetTime	OffsetTime	MidiPitch
0.521985	6.70698	62
1.37998	5.74398	61
2.24099	6.73098	60
3.11499	6.73098	57
4.02198	6.73098	54
4.93898	5.78197	50
5.78298	5.85598	53
5.85697	6.73098	51
6.70698	7.08198	62
6.70998	7.47598	50
7.08198	7.20698	62
7.20698	7.47398	62
7.47297	8.21896	67
7.47398	8.21896	58
7.47398	8.21896	62
7.47598	8.22897	50
7.47598	8.22897	43
7.47998	8.23297	55
7.97798	8.23297	69
8.23297	9.00397	66
8.23597	9.00397	63
8.23597	9.00397	70
8.23696	9.00296	43
8.23997	9.00397	60
8.74397	9.00397	69
9.00096	9.78397	62
9.00197	9.52796	67
9.00296	9.78597	43
9.00296	9.78996	58
9.52796	9.78996	67
9.78297	10.155	60
9.78397	10.154	62
9.78597	10.55	43
9.78697	10.553	57
9.78697	10.55	50
10.154	10.283	62
10.155	10.28	60
10.28	10.553	60
10.283	10.55	62
10.546	11.2809	58
10.547	11.2809	67
10.55	11.2809	62
10.55	11.2949	50
10.55	11.2959	43
10.551	11.2959	55
11.0439	11.2979	69
11.2989	12.0759	63
11.2989	12.0759	66
11.3019	12.0759	70
11.3029	12.0759	60
11.3029	12.0729	43
11.8099	12.0759	69
12.0719	12.7339	62
12.0729	12.6009	67
12.0729	12.8629	43
12.0729	12.8629	58
12.6009	12.8629	67
12.8669	13.2449	58
12.8669	13.2489	62
12.8669	13.6609	54
12.8679	13.6609	42
13.2449	13.3819	58
13.2489	13.3809	62
13.3809	13.6609	62
13.3819	13.6569	58
13.6569	14.4519	58
13.6579	14.1829	65
13.6579	15.2849	41
13.6579	14.4689	50
14.1829	14.4729	65
14.4729	15.2849	57
14.4729	15.2849	65
14.4769	15.2849	51
15.0019	15.2849	62
15.2809	16.0909	53
15.2819	15.8179	58
15.2819	16.0899	46
15.2849	16.0909	50
15.8179	16.0869	58
16.0869	16.4789	58
16.0899	16.8989	55
16.0899	16.8989	39
16.0899	16.8989	46
16.4789	16.8959	58
16.6149	16.8989	60
16.8949	17.7189	53
16.8959	17.7189	62
16.8959	17.7179	58
16.8979	17.7189	34
16.8989	17.7179	46
17.7149	18.5199	54
17.7179	18.1069	58
17.7179	18.5199	39
17.7179	18.5189	46
18.1069	18.5159	58
18.2329	18.5199	60
18.5149	19.2749	62
18.5159	19.2749	53
18.5159	19.2749	58
18.5189	19.2959	34
18.5189	19.2959	46
19.0309	19.2969	65
19.2999	20.0839	63
19.2999	20.0839	57
19.3009	20.0839	67
19.3009	20.0839	48
19.3029	20.0839	41
19.8139	20.0839	65
20.0819	20.9589	62
20.0829	20.9589	53
20.0839	20.9309	58
20.0839	20.9589	46
20.6329	20.9589	60
20.9269	21.5119	55
20.9309	21.3549	58
20.9309	21.8129	39
20.9319	21.8129	51
21.3549	21.8129	58
21.5119	21.8129	60
21.5119	21.8129	55
21.5129	21.8129	45
21.8059	24.2069	57
21.8069	24.2069	54
21.8089	24.2109	62
21.8099	24.2109	38
21.8099	24.2109	50
24.2119	24.5839	74
24.5839	24.7049	74
24.7049	24.9739	74
24.9739	25.7189	74
24.9739	25.7189	70
24.9749	25.7189	79
24.9759	25.7329	55
24.9769	25.7339	67
24.9769	25.7339	62
25.4809	25.7359	81
25.7359	26.5139	75
25.7369	26.5139	78
25.7399	26.5139	82
25.7409	26.5099	55
25.7409	26.5139	72
26.2469	26.5139	81
26.5099	27.1949	74
26.5099	27.0349	79
26.5099	27.2909	55
26.5109	28.0509	70
27.0349	28.0499	79
27.2859	27.6549	72
27.2869	27.6579	74
27.2899	28.0529	62
27.2899	28.0529	69
27.2909	28.0509	55
27.6549	27.7849	72
27.6579	27.7839	74
27.7839	28.0509	74
27.7849	28.0529	72
28.0499	28.7838	79
28.0509	28.7838	74
28.0509	28.7838	70
28.0509	28.8019	55
28.0529	28.8029	67
28.0529	28.8049	62
28.5449	28.8059	81
28.8059	29.5829	78
28.8099	29.5829	75
28.8119	29.5829	82
28.8129	29.5798	55
28.8129	29.5829	72
29.3129	29.5829	81
29.5789	30.3528	74
29.5798	30.1078	79
29.5798	30.3628	55
29.5829	30.3668	70
30.1078	30.3668	79
30.3668	30.7518	70
30.3708	30.7488	74
30.3708	31.1618	66
30.3708	31.1618	54
30.7488	30.8858	74
30.7518	30.8848	70
30.8848	31.1578	70
30.8858	31.1618	74
31.1578	31.9558	70
31.1578	31.6898	77
31.1608	32.7928	53
31.1618	31.9728	62
31.6898	31.9728	77
31.9738	32.7928	69
31.9768	32.7928	77
31.9768	32.7928	63
32.5028	32.7888	70
32.7888	33.5968	65
32.7888	33.3208	70
32.7898	33.5968	62
32.7918	33.5968	58
33.3208	33.5898	70
33.5898	34.4028	67
33.5898	33.9828	70
33.5908	34.4028	63
33.5938	34.4028	51
33.9828	34.4018	70
34.1218	34.4028	72
34.3978	35.2218	65
34.3988	35.2218	74
34.4018	35.2188	70
34.4028	35.2218	46
34.4028	35.2218	58
35.2178	36.0228	66
35.2188	35.6068	70
35.2218	36.0228	51
35.2218	36.0218	58
35.6068	36.0198	70
35.7398	36.0228	72
36.0158	36.7788	74
36.0188	36.7788	65
36.0198	36.7788	70
36.0198	36.7958	46
36.0218	36.7958	58
36.5338	36.7968	77
36.7998	37.5938	75
36.7998	37.5938	69
36.8008	37.5938	79
36.8028	37.5938	53
36.8028	37.5938	60
37.3218	37.5938	77
37.5898	38.4628	74
37.5908	38.4628	65
37.5908	38.4308	70
37.5918	38.4628	58
38.1338	38.4628	72
38.4308	39.3128	67
38.4308	38.8578	70
38.4318	39.3128	63
38.4338	39.3128	51
38.8578	39.3128	70
39.0118	39.3128	72
39.0128	39.3128	57
39.3088	42.5368	74
39.3098	42.5368	69
39.3098	42.5368	66
39.3098	42.5368	50
39.3128	41.7698	62
41.7698	42.1448	62
42.1448	42.2638	62
42.2638	42.5338	62
42.5338	43.2778	59
42.5338	43.2778	62
42.5358	43.2778	65
42.5358	44.0728	56
42.5368	44.0728	43
43.0408	43.2778	67
43.2298	43.2988	70
43.2988	44.0698	62
43.2998	44.0688	59
43.3028	44.0728	68
43.8078	44.0728	67
44.0688	44.7828	59
44.0698	44.7828	62
44.0698	44.5978	65
44.0728	44.8458	55
44.0728	45.6308	43
44.5978	44.8468	65
44.8468	45.6308	56
44.8478	45.6248	59
44.8478	45.6308	53
45.2148	45.6308	60
45.2168	45.6308	51
45.3438	45.6238	62
45.3468	45.6308	50
45.6238	46.3748	62
45.6248	46.3748	59
45.6268	46.3748	65
45.6308	47.1598	56
45.6308	47.1608	43
46.1278	46.3748	67
46.3238	46.3858	70
46.3868	47.1568	59
46.3868	47.1598	62
46.3888	47.1608	68
46.9008	47.1608	67
47.1568	47.6848	65
47.1568	47.9438	59
47.1598	47.9478	62
47.1598	47.9478	56
47.1608	47.8738	43
47.6848	47.9478	65
47.8738	48.7288	43
47.9378	48.7288	74
47.9408	48.3148	67
47.9408	48.3148	77
47.9408	48.3148	79
47.9438	48.7288	59
48.3118	48.7288	70
48.3148	48.4418	79
48.3148	48.4438	67
48.3148	48.4418	77
48.3178	48.7288	61
48.4418	48.7288	77
48.4418	48.7238	79
48.4438	48.7288	71
48.4438	48.7288	67
48.4448	48.7288	62
48.7208	49.2328	87
48.7218	49.4348	91
48.7238	49.2318	79
48.7248	49.4348	84
48.7278	49.4348	36
48.7288	49.4348	48
49.2318	49.4908	75
49.2318	49.4948	79
49.2328	49.4948	87
49.2358	49.4978	60
49.2358	49.4978	72
49.2358	49.4988	67
49.4988	49.8658	79
49.5018	50.2508	75
49.5028	50.2508	87
49.5028	49.8668	67
49.5048	49.8688	72
49.5048	49.8688	60
49.8628	50.2468	74
49.8658	49.9948	79
49.8658	50.2478	86
49.8668	49.9958	67
49.8688	49.9958	60
49.8688	49.9958	72
49.9918	50.2508	84
49.9948	50.2508	79
49.9958	50.2508	72
49.9958	50.2508	67
49.9958	50.2498	60
50.2468	50.6148	77
50.2468	50.6148	74
50.2478	50.9048	86
50.2498	50.6158	60
50.2508	50.6138	71
50.2508	50.6178	68
50.6138	50.7368	71
50.6148	50.7338	74
50.6148	50.9048	77
50.6158	50.7368	60
50.6178	50.7378	68
50.7338	50.9178	79
50.7338	50.9188	74
50.7368	50.9218	71
50.7368	50.9228	60
50.7378	50.9228	68
50.9258	50.9888	82
50.9918	51.7558	80
50.9928	51.3698	74
50.9957	51.3678	71
50.9957	51.3708	60
50.9968	51.3698	68
51.3678	51.7558	79
51.3678	51.4977	71
51.3698	51.4968	74
51.3698	51.4977	68
51.3708	51.4998	60
51.4968	51.7558	77
51.4968	51.7558	74
51.4977	51.7558	71
51.4977	51.7558	68
51.4998	51.7558	60
51.7518	52.1198	75
51.7518	52.1207	72
51.7528	52.1227	67
51.7558	52.1238	60
52.1198	52.2497	75
52.1207	52.2517	72
52.1227	52.4308	78
52.1227	52.2528	67
52.1238	52.2528	60
52.2497	52.5007	75
52.2508	52.5007	79
52.2517	52.5007	72
52.2528	52.5018	67
52.2528	52.5047	60
52.5067	53.2607	75
52.5077	52.8757	79
52.5077	53.2607	87
52.5087	52.8827	67
52.5087	52.8808	72
52.5107	52.8797	60
52.8757	52.9987	79
52.8788	53.2537	74
52.8797	53.2577	86
52.8797	53.0017	60
52.8808	53.0007	72
52.8827	53.0017	67
52.9987	53.2607	79
52.9987	53.2607	84
53.0007	53.2607	72
53.0017	53.2597	60
53.0017	53.2607	67
53.2537	53.6277	74
53.2567	53.6247	77
53.2577	53.9147	86
53.2577	53.6287	68
53.2577	53.6277	71
53.2597	53.6287	60
53.6247	53.9147	77
53.6277	53.7477	74
53.6277	53.7508	71
53.6287	53.7508	60
53.6287	53.7508	68
53.7467	53.9317	79
53.7477	53.9357	74
53.7508	53.9357	71
53.7508	53.9368	60
53.7508	53.9368	68
53.9387	54.0058	82
54.0058	54.6708	80
54.0067	54.3817	74
54.0067	54.3808	71
54.0077	54.3838	60
54.0097	54.3817	68
54.3808	54.6708	79
54.3808	54.5067	71
54.3817	54.5098	74
54.3817	54.5107	68
54.3838	54.5107	60
54.5067	54.7577	71
54.5078	54.7588	77
54.5098	54.7588	74
54.5107	54.7617	68
54.5107	54.7617	60
54.7617	55.1257	75
54.7628	55.1257	72
54.7658	55.4998	60
54.7658	55.5007	67
55.1257	55.2487	72
55.1257	55.2487	75
55.1267	55.4397	78
55.2477	55.5038	79
55.2487	55.5047	75
55.2487	55.5047	72
55.5047	55.9938	74
55.5067	55.8777	79
55.5077	56.2487	86
55.5077	56.2528	58
55.5077	56.2528	67
55.8777	56.1858	79
55.9938	56.2487	74
56.2538	56.6288	79
56.2557	56.8758	84
56.2557	56.7468	72
56.2568	57.7608	57
56.2568	57.6988	63
56.6288	56.8718	79
56.7468	56.8768	72
56.8788	57.0158	81
56.9388	57.6988	84
57.0128	57.6988	74
57.0128	57.6988	72
57.0138	57.6988	78
57.0158	57.5098	81
57.0158	57.7658	62
57.3908	57.6988	79
57.5098	57.7678	81
57.7688	58.4608	70
57.7688	58.5308	82
57.7698	58.2688	74
57.7718	58.5318	62
57.7728	59.2978	55
58.1498	58.4608	79
58.2688	58.5318	74
58.5348	59.2348	82
58.5358	59.0428	74
58.5358	58.9178	79
58.5358	59.2348	86
58.5378	59.2978	64
58.9178	59.2348	79
59.0428	59.2988	74
59.2988	59.8088	69
59.3018	59.6827	74
59.3018	60.0638	81
59.3028	60.8627	57
59.3028	60.0647	65
59.6827	59.9948	74
59.8088	60.0647	69
60.0677	60.8627	73
60.0687	60.8627	79
60.0707	60.5867	81
60.0717	60.8627	64
60.4527	60.8627	82
60.5867	60.8587	81
60.5897	60.8627	67
60.8587	61.6177	81
60.8587	61.6187	86
60.8597	61.6227	74
60.8627	61.2357	62
60.8627	61.6227	66
61.2367	61.3627	61
61.3637	61.6227	62
61.6257	62.3917	62
61.9997	62.1297	74
62.1297	62.3927	74
62.3857	63.1617	75
62.3877	63.1757	72
62.3887	63.1757	69
62.3917	63.9327	67
62.3917	62.8937	62
62.7707	63.1627	79
62.7707	63.1757	61
62.8927	63.1757	82
62.8937	63.1657	62
63.1617	63.9327	75
63.1627	63.6587	79
63.1657	63.9327	86
63.1657	63.9317	62
63.5367	63.9327	84
63.6587	63.9327	79
63.9287	64.7267	72
63.9287	64.4367	81
63.9297	64.7267	74
63.9317	64.4367	62
63.9327	65.4767	66
64.3097	64.7267	82
64.3107	64.7267	61
64.4367	64.7267	81
64.4367	64.7057	62
64.6987	65.4767	75
64.7017	65.0777	78
64.7017	65.4767	84
64.7057	65.4757	62
65.0767	65.4757	74
65.0777	65.2057	78
65.0777	65.4767	82
65.2037	65.4767	72
65.2057	65.4767	78
65.2067	65.4767	81
65.4717	65.9827	70
65.4757	65.9837	74
65.4757	65.9837	79
65.4757	65.8577	62
65.8537	66.2517	72
65.8577	66.2797	75
65.8577	66.2797	81
65.8577	65.9857	62
65.9827	66.2797	70
65.9837	66.2797	74
65.9837	66.2797	79
65.9857	66.2527	62
66.2497	67.0407	69
66.2497	67.0437	77
66.2517	67.0437	72
66.2527	67.0437	62
66.6377	67.0397	74
66.6377	67.0437	79
66.6407	66.7667	70
66.7647	67.0437	75
66.7667	67.0437	67
66.7667	67.0437	70
67.0397	67.9177	74
67.0407	67.9177	66
67.0407	67.9177	69
67.0437	67.5687	62
67.4357	67.9177	63
67.5687	67.8407	62
67.8407	68.2437	62
68.2437	68.3767	62
68.3767	68.6427	62
68.6427	69.4506	60
68.6437	69.4506	57
68.6467	69.4276	63
68.6467	70.2006	55
68.6477	69.1636	50
69.0287	69.4276	67
69.0287	69.4506	49
69.1616	69.4506	70
69.1636	69.4296	50
69.4276	69.9276	67
69.4276	70.2006	63
69.4276	70.2006	74
69.4296	70.2006	50
69.7986	70.2006	72
69.9276	70.2006	67
70.1966	70.7076	69
70.1976	70.9946	62
70.1996	70.9946	60
70.1996	71.7466	54
70.2006	70.7086	50
70.5796	70.9946	70
70.5796	70.9946	49
70.7076	70.9946	69
70.7086	70.9736	50
70.9706	71.7466	66
70.9716	71.7466	63
70.9716	71.7466	72
70.9736	71.7446	50
71.3456	71.7466	70
71.4706	71.7466	69
71.7406	72.2626	67
71.7446	72.2656	58
71.7446	72.2656	62
71.7446	72.1326	50
72.1296	72.5906	69
72.1316	72.5396	60
72.1326	72.5906	63
72.1326	72.2666	50
72.2626	72.5906	67
72.2656	72.5906	58
72.2656	72.5906	62
72.2666	72.5396	50
72.5356	73.3646	65
72.5386	73.3616	57
72.5396	73.3646	60
72.5396	73.3636	50
72.9376	73.3646	67
72.9376	73.0706	58
72.9386	73.3616	62
73.0696	73.3646	63
73.0706	73.3646	55
73.0706	73.3646	58
73.3616	74.1726	57
73.3616	74.1696	62
73.3636	74.1696	54
73.3636	73.5956	50
73.4906	73.6266	49
73.6306	73.8786	50
73.7646	73.8966	49
73.8966	74.1726	50
74.0326	74.1726	49
74.1656	74.9676	60
74.1696	74.5616	62
74.1696	74.9676	54
74.1706	74.6946	51
74.2996	74.5616	50
74.4326	74.9676	49
74.5616	74.6946	62
74.5616	74.8236	50
74.6946	74.9646	62
74.6946	74.9676	51
74.8236	74.9676	50
74.9646	75.7586	58
74.9646	75.7586	62
74.9656	75.7586	67
74.9676	75.7586	55
74.9676	75.7586	43
75.0876	75.7586	54
75.2226	75.7586	53
75.3496	75.7586	52
75.4786	75.7586	69
75.4796	75.7586	51
75.6086	75.7586	50
75.7476	76.5356	63
75.7476	76.5356	66
75.7486	76.5356	70
75.7486	76.5356	49
75.8706	76.5356	50
76.0006	76.5356	51
76.1326	76.5356	52
76.2626	76.5356	69
76.2626	76.5356	53
76.3916	76.5356	54
76.5286	77.0636	58
76.5296	77.0636	62
76.5326	77.0676	67
76.5326	77.3576	43
76.5326	76.7946	55
76.6616	76.8296	54
76.7946	77.0286	55
76.9276	77.0686	50
77.0706	77.3576	67
77.0716	77.3576	49
77.1976	77.3576	50
77.3236	77.7076	60
77.3266	77.7086	62
77.3276	78.1066	54
77.4486	77.7116	50
77.5786	78.1066	49
77.7076	77.8376	60
77.7086	77.8376	62
77.7116	77.9675	50
77.8376	78.1066	60
77.8376	78.1035	62
77.8376	78.1066	51
77.9675	78.1066	50
78.1035	78.8656	58
78.1035	78.8656	62
78.1046	78.8656	67
78.1046	78.8656	55
78.1066	78.8695	43
78.2266	78.8656	54
78.3565	78.8656	53
78.4785	78.8656	52
78.6146	78.8706	69
78.6146	78.8656	51
78.7366	78.8726	50
78.8735	79.6675	63
78.8765	79.6675	66
78.8775	79.6675	70
78.8775	79.6675	49
79.0025	79.6675	50
79.1295	79.6675	51
79.2625	79.6675	52
79.3915	79.6675	69
79.3945	79.6675	53
79.5215	79.6675	54
79.6615	80.2065	58
79.6645	80.2075	62
79.6645	80.2075	67
79.6655	80.5145	43
79.6675	79.9345	55
79.7945	79.9375	54
79.9345	80.1995	55
80.0665	80.2095	50
80.2105	80.5145	67
80.2135	80.5145	49
80.3365	80.5145	50
80.4705	80.8655	58
80.4725	80.8675	62
80.4735	81.2825	42
80.5955	80.8685	50
80.7285	81.2825	49
80.8655	80.9985	58
80.8675	81.0015	62
80.8685	81.1345	50
80.9985	81.2775	58
81.0015	81.2825	62
81.0015	81.2825	51
81.1345	81.2815	50
81.2775	81.8205	58
81.2815	81.8175	65
81.2815	81.5505	50
81.2825	82.1115	41
81.4145	81.5645	49
81.5505	81.8195	50
81.6805	81.8205	49
81.8175	82.1075	65
81.8195	82.1115	50
81.9605	82.1115	49
82.1075	82.6705	57
82.1075	82.6705	65
82.1105	82.3735	51
82.1115	82.9305	41
82.2405	82.4125	50
82.3735	82.6705	51
82.5065	82.6705	48
82.6495	82.9305	62
82.6495	82.9275	53
82.7855	82.9305	51
82.9275	83.4685	53
82.9295	83.4695	58
82.9295	83.7485	46
82.9305	83.1965	50
83.0635	83.2135	49
83.1965	83.4435	50
83.3365	83.4695	49
83.4715	83.7495	58
83.4725	83.7075	50
83.6085	83.7495	49
83.7505	84.2925	55
83.7525	84.1515	58
83.7525	84.5724	39
83.8815	84.5724	45
84.0085	84.5724	46
84.1515	84.5714	58
84.1525	84.4235	51
84.2915	84.5724	60
84.2925	84.5724	55
84.4235	84.5724	51
84.5684	84.8404	53
84.5714	85.4674	62
84.5714	85.3904	58
84.5724	85.2504	46
84.7014	85.4674	52
84.8404	85.4674	53
84.9704	85.4674	49
85.1144	85.4674	50
85.2504	85.4674	46
85.3894	85.9294	54
85.3904	85.7894	58
85.3904	86.2094	39
85.5194	86.2094	45
85.6534	86.2094	46
85.7894	86.2064	58
85.7904	86.0614	52
85.9294	86.2094	60
85.9294	86.2094	54
86.0614	86.2094	52
86.2064	86.9864	53
86.2064	86.9864	58
86.2094	86.9864	62
86.2094	86.4644	46
86.3354	86.9864	45
86.4644	86.8634	46
86.5984	86.9864	49
86.7354	87.0034	65
86.7374	86.9864	50
86.8634	87.0044	46
87.0044	87.8684	57
87.0074	87.8684	63
87.0074	87.8684	67
87.0104	87.6724	41
87.1404	87.8684	47
87.2704	87.8684	48
87.4064	87.8684	50
87.5434	87.8684	65
87.5434	87.8684	51
87.6724	87.8684	41
87.8084	88.7084	62
87.8094	88.7084	53
87.8094	88.6734	58
87.8094	88.0924	46
87.9514	88.7084	45
88.0924	88.5194	46
88.2294	88.7084	49
88.3734	88.7084	60
88.3734	88.7084	50
88.5194	88.7084	46
88.6704	89.2654	55
88.6734	89.1144	58
88.6744	89.5834	39
88.8164	89.4154	45
88.9604	89.5834	46
89.1144	89.5834	58
89.1154	89.5834	48
89.2654	89.5834	55
89.2674	89.5834	60
89.2684	89.5834	51
89.4154	89.5834	45
89.5794	92.8804	54
89.5804	92.8804	57
89.5804	92.1104	62
89.5814	89.8804	38
89.7374	89.8974	49
89.9024	90.2124	50
90.0454	90.2124	44
90.1914	90.4404	46
90.3264	90.4584	45
90.4584	90.7034	41
90.5984	90.7314	42
90.7314	90.9694	37
90.8644	90.9974	38
90.9984	91.3414	32
91.1624	91.3414	33
91.3414	92.8804	38
92.1104	92.4854	62
92.4854	92.6084	62
92.6084	92.8774	62
92.8764	93.6224	59
92.8774	93.6224	62
92.8774	93.6224	65
92.8774	94.4104	43
92.8804	94.4114	56
93.3814	93.6224	67
93.5774	93.6394	70
93.6394	94.4074	59
93.6434	94.4104	62
93.6434	94.4134	68
94.1474	94.4134	67
94.4074	95.1874	59
94.4104	95.2004	62
94.4104	94.9384	65
94.4104	95.9714	43
94.4114	95.1874	56
94.9384	95.2004	65
95.1874	95.9714	56
95.1874	95.9654	59
95.1874	95.9724	53
95.5624	95.9724	60
95.5644	95.9724	51
95.6844	95.9674	62
95.6874	95.9724	50
95.9654	96.7154	59
95.9674	96.7154	62
95.9684	96.7154	65
95.9714	97.5014	43
95.9714	97.5014	56
96.4754	96.7154	67
96.6644	96.7264	70
96.7273	97.4963	59
96.7304	97.4973	62
96.7304	97.5034	68
97.2414	97.5034	67
97.4963	98.2883	59
97.4973	98.2883	62
97.5003	98.0243	65
97.5014	98.2143	43
97.5014	98.2883	56
98.0243	98.2883	65
98.2143	99.0653	43
98.2813	98.6553	67
98.2843	99.0653	74
98.2843	98.6563	77
98.2843	98.6583	79
98.2883	99.0653	59
98.6553	99.0653	70
98.6553	98.7823	67
98.6563	98.7843	77
98.6583	98.7853	79
98.6593	99.0653	61
98.7823	99.0653	67
98.7843	99.0653	71
98.7843	99.0653	77
98.7853	99.0653	79
98.7853	99.0653	62
99.0623	101.378	91
99.0623	100.643	87
99.0643	100.514	84
99.0653	100.392	79
99.0653	101.378	36
99.1943	101.378	43
99.3273	101.378	48
99.4683	101.378	51
99.6043	101.378	55
99.7413	101.378	60
99.8733	101.378	63
100.003	101.378	67
100.135	101.378	72
100.265	101.378	75
100.392	101.378	79
100.514	101.378	84
100.643	101.462	87
101.466	101.851	63
101.466	101.854	67
101.467	102.275	69
101.469	102.275	60
101.851	101.98	63
101.854	101.981	67
101.854	102.275	70
101.855	102.275	58
101.98	102.27	63
101.981	102.271	67
101.981	102.271	72
101.983	102.275	57
102.27	103.051	63
102.271	103.047	67
102.271	103.051	72
102.274	103.09	75
102.275	103.09	57
103.047	103.43	67
103.048	103.433	69
103.051	103.863	72
103.051	103.863	63
103.43	103.563	67
103.433	103.566	69
103.433	103.863	74
103.434	103.863	62
103.563	103.86	67
103.566	103.86	69
103.566	103.861	75
103.566	103.863	60
103.86	104.983	67
103.86	105.004	69
103.861	105.004	75
103.863	105.004	81
103.863	104.98	60
104.98	105.815	60
104.983	105.5	67
104.983	105.815	63
104.984	105.815	57
105.365	105.815	69
105.5	105.771	67
105.771	106.572	67
105.771	106.573	62
105.772	106.575	74
105.773	106.575	58
105.774	106.306	50
106.174	106.502	49
106.306	106.576	50
106.576	107.36	50
106.961	107.089	62
107.09	107.363	62
107.363	108.22	60
107.364	108.155	63
107.367	108.22	57
107.367	107.889	50
107.367	108.957	55
107.752	108.157	67
107.754	108.22	49
107.888	108.22	69
107.889	108.158	50
108.155	108.957	63
108.157	108.952	67
108.158	108.957	72
108.158	108.956	50
108.54	108.953	74
108.669	108.957	75
108.952	109.779	67
108.953	109.816	74
108.956	109.816	62
108.956	109.499	50
108.957	109.779	58
109.358	109.816	49
109.499	109.816	50
109.775	110.576	61
109.779	110.576	67
109.779	110.576	58
109.779	110.574	51
110.16	110.576	72
110.293	110.576	70
110.57	111.406	60
110.573	111.416	68
110.574	111.416	51
110.574	111.416	44
110.968	111.416	72
111.102	111.329	67
111.246	111.406	66
111.329	111.416	67
111.406	112.263	60
111.406	111.959	66
111.409	112.26	50
111.819	112.263	64
111.959	112.263	66
112.26	113.138	67
112.26	113.138	58
112.26	112.813	50
112.262	113.138	43
112.68	113.138	51
112.813	113.09	50
113.085	113.852	57
113.089	113.453	60
113.089	113.454	62
113.09	113.849	50
113.453	113.579	60
113.454	113.583	62
113.579	113.852	60
113.583	113.845	62
113.845	114.587	58
113.845	114.587	62
113.846	114.587	67
113.849	114.608	43
113.849	114.609	50
113.849	114.609	55
114.349	114.61	69
114.611	115.382	63
114.612	115.382	66
114.612	115.382	70
114.615	115.379	43
114.616	115.382	60
115.116	115.382	69
115.378	116.155	62
115.379	115.904	67
115.379	116.159	43
115.379	116.169	58
115.904	116.169	67
116.155	116.529	60
116.155	116.534	62
116.159	116.919	43
116.159	116.919	50
116.159	116.922	57
116.529	116.653	60
116.534	116.653	62
116.653	116.922	60
116.653	116.918	62
116.915	117.65	58
116.918	117.65	62
116.919	117.65	67
116.919	117.667	43
116.919	117.667	50
116.921	117.668	55
117.408	117.668	69
117.671	118.445	63
117.672	118.445	66
117.672	118.445	70
117.674	118.444	43
117.675	118.445	60
118.174	118.445	69
118.442	119.232	62
118.444	118.974	67
118.444	119.274	43
118.444	119.231	58
118.974	119.274	67
119.231	119.618	58
119.232	119.62	62
119.232	120.031	42
119.232	120.031	54
119.618	119.753	58
119.62	119.754	62
119.753	120.026	58
119.754	120.031	62
120.026	120.824	58
120.03	120.552	65
120.03	121.655	41
120.03	120.841	50
120.552	120.842	65
120.842	121.655	57
120.845	121.655	65
120.845	121.655	51
121.37	121.655	62
121.651	122.463	53
121.654	122.19	58
121.654	122.462	46
121.654	122.463	50
122.19	122.459	58
122.458	123.265	55
122.459	122.852	58
122.459	123.265	39
122.462	123.265	46
122.852	123.264	58
122.984	123.265	60
123.26	124.09	53
123.261	124.09	62
123.264	124.087	58
123.264	124.09	34
123.265	124.09	46
124.087	124.884	54
124.087	124.469	58
124.089	124.884	39
124.09	124.884	46
124.469	124.881	58
124.604	124.884	60
124.881	125.647	53
124.881	125.647	58
124.882	125.647	62
124.884	125.657	34
124.884	125.658	46
125.396	125.661	65
125.662	126.45	57
125.664	126.45	63
125.665	126.45	67
125.665	126.45	41
125.665	126.45	48
126.186	126.45	65
126.445	127.323	62
126.449	127.323	53
126.449	127.295	58
126.45	127.323	46
126.998	127.323	60
127.293	127.874	55
127.295	127.723	58
127.296	128.178	39
127.296	128.178	51
127.723	128.178	58
127.874	128.178	55
127.877	128.178	60
127.877	128.178	45
128.171	130.571	54
128.172	130.572	57
128.172	130.572	62
128.175	130.575	38
128.175	130.576	50
130.576	130.951	74
130.951	131.076	74
131.076	131.339	74
131.338	132.08	70
131.339	132.08	74
131.342	132.08	79
131.342	132.098	55
131.343	132.098	62
131.343	132.101	67
131.839	132.102	81
132.104	132.871	75
132.105	132.871	78
132.105	132.871	82
132.106	132.868	55
132.108	132.871	72
132.605	132.871	81
132.867	133.631	74
132.868	133.394	79
132.868	133.645	55
132.871	133.645	70
133.394	133.646	79
133.646	134.02	72
133.647	134.023	74
133.648	134.411	55
133.648	134.412	62
133.649	134.413	69
134.02	134.142	72
134.023	134.145	74
134.142	134.413	72
134.145	134.408	74
134.408	135.143	70
134.408	135.143	74
134.409	135.143	79
134.411	135.164	55
134.412	135.165	62
134.412	135.165	67
134.905	135.167	81
135.168	135.942	75
135.168	135.942	78
135.169	135.942	82
135.171	135.941	55
135.172	135.942	72
135.672	135.942	81
135.937	136.689	74
135.938	136.47	79
135.941	136.724	55
135.941	136.725	70
136.47	136.725	79
136.726	137.114	70
136.728	137.117	74
136.729	137.527	54
136.729	137.527	66
137.114	137.248	70
137.117	137.25	74
137.248	137.524	70
137.25	137.527	74
137.524	138.32	70
137.524	138.051	77
137.526	139.151	53
137.526	138.338	62
138.051	138.339	77
138.339	139.151	69
138.341	139.151	77
138.342	139.151	63
138.868	139.15	70
139.147	139.959	65
139.15	139.687	70
139.15	139.959	58
139.151	139.959	62
139.687	139.956	70
139.955	140.771	67
139.956	140.348	70
139.956	140.771	51
139.957	140.771	63
140.348	140.758	70
140.48	140.771	72
140.757	141.587	65
140.758	141.587	74
140.758	141.583	70
140.76	141.587	46
140.76	141.586	58
141.583	142.382	66
141.583	141.968	70
141.583	142.382	51
141.586	142.381	58
141.968	142.378	70
142.097	142.382	72
142.377	143.143	65
142.378	143.143	70
142.378	143.143	74
142.381	143.161	46
142.381	143.162	58
142.892	143.165	77
143.165	143.952	69
143.165	143.952	75
143.166	143.952	79
143.169	143.952	53
143.169	143.952	60
143.683	143.952	77
143.949	144.82	74
143.95	144.82	65
143.95	144.796	70
143.952	144.82	58
144.494	144.82	72
144.796	145.678	67
144.796	145.224	70
144.799	145.678	51
144.8	145.678	63
145.224	145.678	70
145.371	145.678	72
145.374	145.678	57
145.672	148.898	66
145.675	148.898	69
145.675	148.898	74
145.675	148.898	50
145.676	148.131	62
148.131	148.503	62
148.503	148.632	62
148.632	148.894	62
148.891	149.647	59
148.894	149.647	62
148.894	149.647	65
148.895	150.431	43
148.895	150.432	56
149.405	149.647	67
149.595	149.658	70
149.658	150.427	59
149.661	150.428	62
149.661	150.432	68
150.172	150.432	67
150.427	151.148	59
150.428	151.148	62
150.428	150.955	65
150.431	151.993	43
150.432	151.208	55
150.955	151.208	65
151.209	151.995	56
151.212	151.989	59
151.212	151.996	53
151.583	151.996	60
151.583	151.996	51
151.702	151.992	62
151.706	151.996	50
151.989	152.734	59
151.992	152.734	62
151.993	152.734	65
151.993	153.525	43
151.995	153.525	56
152.493	152.734	67
152.689	152.751	70
152.751	153.521	59
152.755	153.522	62
152.755	153.525	68
153.259	153.525	67
153.521	154.307	59
153.522	154.309	62
153.522	154.05	65
153.525	154.239	43
153.525	154.309	56
154.05	154.309	65
154.239	155.093	43
154.305	154.68	67
154.306	155.093	74
154.306	154.681	77
154.307	154.681	79
154.307	155.093	59
154.677	155.093	70
154.68	154.806	67
154.681	154.81	77
154.681	154.81	79
154.683	155.093	61
154.806	155.093	67
154.807	155.093	71
154.81	155.093	77
154.81	155.09	79
154.81	155.093	62
155.086	155.95	91
155.086	155.591	87
155.087	155.95	84
155.09	155.592	79
155.09	155.95	36
155.093	155.95	48
155.591	155.868	87
155.592	155.867	79
155.593	155.867	75
155.593	155.868	60
155.597	155.87	67
155.597	155.871	72
155.867	156.231	79
155.867	156.619	75
155.868	156.619	87
155.868	156.231	60
155.87	156.234	67
155.871	156.235	72
156.228	156.613	74
156.231	156.358	79
156.231	156.613	86
156.231	156.36	60
156.234	156.36	67
156.235	156.36	72
156.358	156.619	84
156.358	156.619	79
156.36	156.619	72
156.36	156.615	60
156.36	156.619	67
156.612	156.979	77
156.613	156.979	74
156.613	157.266	86
156.615	156.98	60
156.615	156.98	68
156.616	156.977	71
156.977	157.102	71
156.979	157.1	74
156.979	157.266	77
156.98	157.102	60
156.98	157.102	68
157.099	157.291	79
157.1	157.291	74
157.102	157.294	71
157.102	157.294	60
157.102	157.295	68
157.295	157.358	82
157.358	157.732	74
157.361	157.732	71
157.361	158.121	80
157.361	157.736	60
157.362	157.736	68
157.732	157.855	71
157.732	157.855	74
157.733	158.121	79
157.736	157.858	60
157.736	157.859	68
157.852	158.121	77
157.855	158.121	74
157.855	158.121	71
157.858	158.118	60
157.859	158.121	68
158.117	158.482	75
158.118	158.479	72
158.118	158.482	60
158.12	158.484	67
158.479	158.61	72
158.482	158.61	75
158.482	158.894	78
158.482	158.611	60
158.484	158.611	67
158.608	158.87	79
158.61	158.873	75
158.61	158.876	72
158.611	158.874	60
158.611	158.874	67
158.87	159.244	79
158.873	159.626	75
158.873	159.626	87
158.874	159.245	60
158.874	159.245	67
158.876	159.247	72
159.241	159.622	74
159.244	159.367	79
159.244	159.622	86
159.245	159.367	60
159.245	159.368	67
159.247	159.367	72
159.363	159.626	84
159.367	159.626	79
159.367	159.626	72
159.367	159.623	60
159.368	159.626	67
159.619	159.993	77
159.622	159.993	74
159.622	160.28	86
159.623	159.993	60
159.623	159.994	68
159.623	159.991	71
159.991	160.115	71
159.993	160.113	74
159.993	160.28	77
159.993	160.116	60
159.994	160.116	68
160.113	160.298	79
160.113	160.301	74
160.115	160.301	71
160.116	160.302	60
160.116	160.302	68
160.305	160.36	82
160.364	160.74	74
160.364	160.739	71
160.367	161.127	80
160.368	160.743	60
160.368	160.743	68
160.739	160.868	71
160.74	160.868	74
160.742	161.127	79
160.743	160.871	60
160.743	160.871	68
160.865	161.127	77
160.868	161.127	74
160.868	161.127	71
160.871	161.124	60
160.871	161.127	68
161.123	161.491	75
161.124	161.488	72
161.124	161.922	60
161.124	161.874	67
161.488	161.617	72
161.491	161.615	75
161.492	161.922	78
161.614	161.874	79
161.615	161.922	75
161.617	161.922	72
161.873	162.352	74
161.874	162.615	86
161.874	162.237	79
161.874	162.615	67
161.876	162.618	58
162.237	162.545	79
162.352	162.608	74
162.618	163.238	84
162.619	163.108	72
162.619	162.986	79
162.62	164.06	63
162.622	164.13	57
162.986	163.234	79
163.108	163.238	72
163.239	163.375	81
163.301	164.06	84
163.371	164.06	72
163.372	164.06	74
163.374	164.06	78
163.375	163.875	81
163.375	164.13	62
163.752	164.06	79
163.875	164.131	81
164.134	164.896	82
164.135	164.827	70
164.135	164.635	74
164.137	164.897	62
164.137	165.671	55
164.512	164.827	79
164.635	164.897	74
164.9	165.401	74
164.9	165.279	79
164.9	165.671	82
164.904	165.671	86
164.904	165.671	64
165.279	165.671	79
165.401	165.667	74
165.666	166.423	81
165.667	166.167	69
165.667	166.042	74
165.667	166.424	65
165.67	167.222	57
166.042	166.359	74
166.167	166.426	69
166.426	167.222	73
166.427	167.222	79
166.427	166.948	81
166.43	167.222	64
166.818	167.222	82
166.948	167.218	81
166.948	167.222	67
167.218	167.976	86
167.218	167.977	81
167.221	167.98	74
167.221	167.588	62
167.221	167.98	66
167.591	167.725	61
167.725	167.983	62
167.984	168.75	62
168.362	168.491	74
168.491	168.751	74
168.748	169.523	72
168.748	169.523	69
168.75	169.516	75
168.75	169.254	62
168.75	170.294	67
169.124	169.517	79
169.125	169.523	61
169.251	169.523	82
169.254	169.518	62
169.516	170.294	75
169.517	170.017	79
169.517	170.294	86
169.518	170.29	62
169.888	170.294	84
170.017	170.294	79
170.287	171.085	74
170.288	171.085	72
170.29	170.788	81
170.29	170.791	62
170.291	171.831	66
170.665	171.085	82
170.665	171.085	61
170.788	171.085	81
170.791	171.056	62
171.053	171.831	75
171.053	171.439	78
171.054	171.831	84
171.056	171.831	62
171.436	171.827	74
171.439	171.558	78
171.439	171.831	82
171.558	171.831	72
171.558	171.831	78
171.56	171.831	81
171.827	172.341	70
171.827	172.342	74
171.83	172.345	79
171.831	172.218	62
172.215	172.605	72
172.216	172.611	75
172.216	172.611	81
172.218	172.345	62
172.341	172.611	70
172.342	172.611	74
172.345	172.611	79
172.345	172.607	62
172.604	173.395	69
172.605	173.398	72
172.605	173.398	77
172.607	173.395	62
172.992	173.126	70
172.992	173.395	74
172.992	173.398	79
173.125	173.398	67
173.126	173.398	70
173.126	173.398	75
173.393	174.27	66
173.395	174.27	69
173.395	174.27	74
173.395	173.923	62
173.791	174.27	63
173.923	174.193	62
174.193	174.595	62
174.595	174.729	62
174.729	175.009	62
175.005	175.81	60
175.005	175.81	57
175.006	175.779	63
175.009	175.517	50
175.009	176.562	55
175.387	175.779	67
175.389	175.81	49
175.516	175.81	70
175.517	175.781	50
175.779	176.562	63
175.779	176.287	67
175.781	176.562	74
175.781	176.56	50
176.156	176.562	72
176.287	176.562	67
176.556	177.416	62
176.559	177.416	60
176.559	177.059	69
176.56	177.06	50
176.562	178.099	54
176.931	177.416	70
176.934	177.416	49
177.059	177.416	69
177.06	177.327	50
177.325	178.099	63
177.326	178.099	66
177.326	178.099	72
177.327	178.099	50
177.697	178.099	70
177.822	178.099	69
178.095	178.617	58
178.096	178.617	62
178.096	178.62	67
178.099	178.494	50
178.491	178.897	60
178.492	178.942	63
178.492	178.942	69
178.494	178.621	50
178.617	178.942	58
178.617	178.942	62
178.62	178.942	67
178.621	178.901	50
178.897	179.716	57
178.897	179.719	60
178.9	179.719	65
178.901	179.717	50
179.296	179.429	58
179.296	179.717	62
179.297	179.719	67
179.429	179.719	55
179.429	179.719	58
179.43	179.719	63
179.716	180.532	57
179.717	180.528	62
179.717	180.529	54
179.717	179.95	50
179.849	179.981	49
179.985	180.233	50
180.118	180.258	49
180.259	180.532	50
180.391	180.532	49
180.528	181.315	60
180.528	180.913	62
180.529	181.315	54
180.531	181.042	51
180.651	180.916	50
180.776	181.315	49
180.913	181.04	62
180.916	181.175	50
181.04	181.312	62
181.042	181.315	51
181.175	181.315	50
181.312	182.148	58
181.312	182.148	62
181.313	182.148	67
181.313	182.148	55
181.315	182.148	43
181.441	182.148	54
181.571	182.148	53
181.697	182.148	52
181.827	182.148	69
181.829	182.148	51
181.959	182.148	50
182.093	182.88	63
182.096	182.88	66
182.096	182.88	70
182.096	182.88	49
182.219	182.88	50
182.351	182.88	51
182.481	182.88	52
182.617	182.88	69
182.618	182.88	53
182.743	182.88	54
182.877	183.426	58
182.878	183.426	62
182.879	183.419	67
182.88	183.713	43
182.88	183.143	55
183.006	183.177	54
183.143	183.426	55
183.282	183.426	50
183.419	183.713	67
183.419	183.713	49
183.542	183.713	50
183.674	184.056	60
183.674	184.056	62
183.675	184.456	54
183.797	184.057	50
183.926	184.456	49
184.056	184.182	60
184.056	184.185	62
184.057	184.315	50
184.182	184.456	60
184.185	184.452	62
184.185	184.456	51
184.315	184.456	50
184.451	185.211	58
184.452	185.211	62
184.454	185.211	67
184.455	185.211	55
184.455	185.218	43
184.574	185.211	54
184.704	185.211	53
184.832	185.211	52
184.962	185.218	69
184.963	185.211	51
185.092	185.221	50
185.221	186.016	63
185.225	186.016	66
185.226	186.016	70
185.226	186.016	49
185.355	186.016	50
185.481	186.016	51
185.61	186.016	52
185.74	186.016	69
185.741	186.016	53
185.877	186.016	54
186.01	186.555	58
186.013	186.555	62
186.013	186.556	67
186.014	186.829	43
186.014	186.282	55
186.15	186.285	54
186.282	186.548	55
186.422	186.558	50
186.558	186.829	67
186.559	186.829	49
186.688	186.829	50
186.824	187.22	58
186.828	187.221	62
186.828	187.644	42
186.947	187.221	50
187.077	187.644	49
187.22	187.353	58
187.221	187.353	62
187.221	187.49	50
187.353	187.64	58
187.353	187.644	62
187.357	187.644	51
187.49	187.641	50
187.64	188.179	58
187.641	188.176	65
187.641	187.902	50
187.641	188.463	41
187.766	187.92	49
187.902	188.179	50
188.036	188.179	49
188.176	188.463	65
188.179	188.466	50
188.312	188.466	49
188.462	188.997	57
188.463	188.998	65
188.463	188.71	51
188.463	189.285	41
188.592	188.724	50
188.725	188.974	51
188.865	189.002	48
189.002	189.285	62
189.002	189.281	53
189.139	189.285	51
189.281	189.827	53
189.282	189.831	58
189.282	190.1	46
189.283	189.551	50
189.419	189.565	49
189.551	189.799	50
189.69	189.831	49
189.831	190.101	58
189.834	190.09	50
189.964	190.101	49
190.104	190.647	55
190.105	190.504	58
190.107	190.927	39
190.237	190.927	45
190.371	190.927	46
190.504	190.924	58
190.506	190.779	51
190.643	190.927	60
190.647	190.927	55
190.779	190.927	51
190.923	191.194	53
190.923	191.819	62
190.924	191.75	58
190.927	191.606	46
191.053	191.819	52
191.194	191.819	53
191.325	191.819	49
191.465	191.819	50
191.606	191.819	46
191.749	192.282	54
191.75	192.146	58
191.75	192.571	39
191.879	192.571	45
192.012	192.568	46
192.146	192.567	58
192.148	192.421	52
192.281	192.571	60
192.282	192.571	54
192.421	192.571	52
192.565	193.394	53
192.567	193.394	58
192.568	193.394	62
192.568	192.824	46
192.691	193.394	45
192.824	193.226	46
192.957	193.394	49
193.089	193.394	65
193.09	193.394	50
193.226	193.394	46
193.36	194.223	57
193.362	194.223	63
193.362	194.223	67
193.363	194.025	41
193.492	194.223	47
193.626	194.223	48
193.758	194.223	50
193.897	194.223	65
193.898	194.223	51
194.025	194.223	41
194.166	195.114	62
194.168	195.114	53
194.168	195.027	58
194.17	194.443	46
194.304	195.114	45
194.443	194.873	46
194.584	195.114	49
194.726	195.114	60
194.726	195.114	50
194.873	195.114	46
195.025	195.62	55
195.027	195.466	58
195.027	195.938	39
195.168	195.771	45
195.314	195.938	46
195.466	195.938	58
195.468	195.938	48
195.62	195.938	55
195.621	195.938	60
195.621	195.938	51
195.771	195.938	45
195.931	199.241	54
195.935	199.241	57
195.936	198.464	62
195.936	196.236	38
196.093	196.253	49
196.254	196.568	50
196.4	196.568	44
196.545	196.791	46
196.681	196.816	45
196.816	197.062	41
196.949	197.082	42
197.086	197.374	37
197.22	197.374	38
197.359	197.779	32
197.514	197.779	33
197.696	199.241	38
198.464	198.84	62
198.84	198.963	62
198.963	199.228	62
199.228	199.981	59
199.228	199.981	62
199.232	199.981	65
199.232	200.766	43
199.232	200.767	56
199.735	199.981	67
199.929	199.991	70
199.992	200.762	59
199.994	200.765	62
199.994	200.769	68
200.507	200.769	67
200.762	201.478	59
200.765	201.478	62
200.766	201.29	65
200.766	202.329	43
200.767	201.541	56
201.29	201.546	65
201.546	202.329	56
201.546	202.326	59
201.546	202.333	53
201.917	202.333	60
201.917	202.333	51
202.039	202.326	62
202.039	202.333	50
202.326	203.07	59
202.326	203.07	62
202.326	203.07	65
202.329	203.858	43
202.329	203.859	56
202.829	203.07	67
203.015	203.084	70
203.085	203.856	59
203.088	203.858	62
203.089	203.862	68
203.595	203.862	67
203.856	204.646	59
203.858	204.646	62
203.858	204.379	65
203.858	204.576	43
203.859	204.646	56
204.379	204.646	65
204.576	205.419	43
204.642	205.009	67
204.643	205.419	74
204.645	205.01	77
204.646	205.01	79
204.646	205.419	59
205.007	205.419	70
205.009	205.136	67
205.01	205.137	77
205.01	205.139	79
205.01	205.419	61
205.136	205.419	67
205.136	205.419	71
205.137	205.419	77
205.139	205.416	79
205.139	205.419	62
205.415	207.726	91
205.415	206.997	87
205.416	206.865	84
205.416	206.74	79
205.419	207.726	36
205.549	207.726	43
205.682	207.726	48
205.815	207.726	51
205.955	207.726	55
206.088	207.726	60
206.228	207.726	63
206.353	207.726	67
206.483	207.726	72
206.61	207.726	75
206.74	207.726	79
206.865	207.726	84
206.997	207.816	87
207.817	208.205	63
207.82	208.206	67
207.82	208.621	69
207.82	208.621	60
208.205	208.331	63
208.206	208.335	67
208.206	208.621	70
208.208	208.621	58
208.331	208.618	63
208.335	208.618	67
208.335	208.619	72
208.335	208.621	57
208.618	209.406	63
208.618	209.402	67
208.619	209.403	72
208.619	209.436	75
208.621	209.436	57
209.402	209.784	67
209.403	209.784	69
209.403	210.284	72
209.406	210.284	63
209.784	209.916	67
209.784	209.92	69
209.785	210.284	74
209.787	210.284	62
209.916	210.214	67
209.92	210.215	69
209.92	210.217	75
209.921	210.218	60
210.214	211.335	67
210.215	211.338	69
210.217	211.338	75
210.217	211.338	81
210.218	211.334	60
211.334	212.129	60
211.335	211.853	67
211.338	212.129	63
211.338	212.129	57
211.719	212.129	69
211.853	212.125	67
212.125	212.92	67
212.126	212.92	62
212.126	212.923	74
212.126	212.923	58
212.128	212.654	50
212.517	212.849	49
212.654	212.923	50
212.924	213.707	50
213.308	213.441	62
213.445	213.711	62
213.711	214.54	60
213.714	214.503	63
213.715	214.54	57
213.715	214.236	50
213.715	215.304	55
214.107	214.505	67
214.108	214.54	49
214.233	214.54	69
214.236	214.506	50
214.503	215.304	63
214.505	215.3	67
214.506	215.304	72
214.506	215.303	50
214.887	215.3	74
215.017	215.304	75
215.3	216.13	67
215.3	216.136	74
215.301	216.136	62
215.303	215.846	50
215.304	216.133	58
215.709	216.136	49
215.846	216.136	50
216.13	216.922	61
216.13	216.922	67
216.133	216.922	58
216.134	216.921	51
216.514	216.922	72
216.641	216.922	70
216.917	217.669	60
216.921	217.669	68
216.921	217.75	51
216.921	217.753	44
217.316	217.669	72
217.449	217.669	67
217.6	217.676	66
217.677	217.753	67
217.754	218.684	60
217.754	218.307	66
217.757	218.615	50
218.166	218.684	64
218.307	218.684	66
218.614	219.44	67
218.615	219.44	58
218.615	219.167	50
218.616	219.44	43
219.027	219.44	51
219.167	219.434	50
219.433	220.204	57
219.434	219.808	60
219.434	219.808	62
219.434	220.204	50
219.808	219.927	60
219.808	219.93	62
219.927	220.204	60
219.93	220.2	62
220.197	221.012	58
220.2	221.012	62
220.2	221.012	67
220.2	221.012	43
220.204	220.728	50
220.589	221.012	51
220.725	221.012	69
220.728	220.988	50
220.987	221.757	63
220.987	221.757	66
220.988	221.757	70
220.988	221.754	50
221.498	221.757	69
221.753	222.545	62
221.754	222.287	67
221.754	222.289	50
221.755	222.597	43
222.15	222.597	51
222.287	222.597	67
222.289	222.545	50
222.542	223.315	57
222.544	222.913	60
222.545	222.913	62
222.545	223.312	50
222.913	223.035	60
222.913	223.035	62
223.035	223.315	60
223.035	223.312	62
223.311	224.088	58
223.312	224.088	62
223.312	224.088	67
223.312	223.833	50
223.315	224.105	43
223.7	224.088	51
223.832	224.088	69
223.833	224.106	50
224.036	224.126	72
224.11	225.002	63
224.11	225.002	66
224.11	225.002	70
224.112	225.002	60
224.113	224.954	50
224.642	225.002	69
224.95	225.233	58
224.953	225.234	62
224.953	225.234	67
224.954	225.236	43
224.954	225.236	50
225.236	226.055	54
225.24	226.055	42
225.373	226.055	55
225.377	226.055	43
225.513	226.042	57
225.514	226.042	45
225.646	226.055	58
225.649	226.055	46
225.776	226.055	61
225.776	226.055	49
225.909	226.055	62
225.909	226.055	50
226.042	226.811	57
226.042	226.811	45
226.168	226.811	58
226.171	226.811	46
226.297	226.802	61
226.298	226.804	49
226.426	226.811	62
226.427	226.811	50
226.553	226.811	66
226.553	226.811	54
226.675	226.811	67
226.675	226.811	55
226.802	227.55	61
226.804	227.55	49
226.924	227.55	62
226.924	227.55	50
227.046	227.539	66
227.046	227.54	54
227.169	227.55	67
227.169	227.55	55
227.288	227.55	69
227.291	227.55	57
227.417	227.55	70
227.417	227.55	58
227.539	228.295	66
227.54	228.295	54
227.659	228.295	67
227.662	228.295	55
227.782	228.275	69
227.784	228.278	57
227.904	228.295	70
227.907	228.295	58
228.026	228.295	73
228.029	228.295	61
228.155	228.295	74
228.156	228.295	62
228.275	229.033	69
228.278	229.033	57
228.397	229.033	70
228.4	229.033	58
228.52	229.009	73
228.52	229.01	61
228.641	229.033	74
228.642	229.033	62
228.765	229.033	78
228.765	229.033	66
228.887	229.033	79
228.888	229.033	67
229.009	229.748	73
229.01	229.748	61
229.129	229.748	74
229.132	229.748	62
229.247	229.723	78
229.248	229.724	66
229.367	229.748	79
229.37	229.748	67
229.485	229.748	81
229.485	229.748	69
229.6	229.748	82
229.601	229.748	70
229.723	230.423	78
229.724	230.423	66
229.843	230.423	79
229.846	230.423	67
229.961	230.423	81
229.962	230.423	69
230.077	230.423	82
230.078	230.423	70
230.192	230.423	85
230.193	230.423	73
230.308	230.43	86
230.309	230.43	74
230.431	230.938	81
230.431	230.938	69
230.553	230.938	82
230.553	230.938	70
230.675	230.938	85
230.676	230.938	73
230.795	230.938	86
230.798	230.938	74
230.935	231.774	91
230.937	231.774	79
231.691	232.46	72
231.691	232.457	74
231.694	232.46	78
231.694	232.46	86
231.695	232.46	81
231.695	232.46	38
231.697	232.46	50
232.457	233.261	70
232.457	233.211	74
232.458	233.261	82
232.458	233.261	79
232.46	233.261	43
232.46	233.261	55
233.21	233.977	69
233.211	233.977	72
233.211	233.973	74
233.212	233.977	78
233.213	233.977	38
233.213	233.977	50
233.97	236.853	67
233.972	235.488	70
233.973	236.853	74
233.973	235.488	79
233.976	236.853	31
233.976	236.853	43
235.485	236.993	91
235.487	236.997	86
235.488	236.997	79
235.488	236.997	70
235.488	236.998	55
235.491	237	62
